V1,V2,V3,V4,V5,V6,V7,V8,V9,V10,V11,V12,V13,V14,V15,V16,V17,V18,V19,V20,V21,V22,V23,V24,V25,V26,V27,V28,V29,V30,V31,V32,V33,V34,V35,V36,V37,V38,V39,V40,V41,V42,V43,V44,V45,V46,V47,V48,V49,V50,V51,V52,V53,V54,V55,V56,V57,V58,V59,V60,V61,V62,V63,V64,V65,V66,V67,V68,V69,V70,V71,V72,V73,V74,V75,V76,V77,V78,V79,V80,V81,V82,V83,V84,V85,V86,V87,V88,V89,V90,V91,V92,V93,V94,V95,V96,V97,V98,V99,V100,V101,V102,V103,V104,V105,V106,V107,V108,V109,V110,V111,V112,V113,V114,V115,V116,V117,V118,V119,V120,V121,V122,V123,V124,V125,V126,V127,V128,V129,V130,V131,V132,V133,V134,V135,V136,V137,V138,V139,V140,V141,V142,V143,V144,V145,V146,V147,V148,V149,V150,V151,V152,V153,V154,V155,V156,V157,V158,V159,V160,V161,V162,V163,V164,V165,V166,V167,V168,V169,V170,V171,V172,V173,V174,V175,V176,V177,V178,V179,V180,V181,V182,V183,V184,V185,V186,V187,V188,V189,V190,V191,V192,V193,V194,V195,V196,V197,V198,V199,V200,V201,V202,V203,V204,V205,V206,V207,V208,V209,V210,V211,V212,V213,V214,V215,V216,V217,V218,V219,V220,V221,V222,V223,V224,V225,V226,V227,V228,V229,V230,V231,V232,V233,V234,V235,V236,V237,V238,V239,V240,V241,V242,V243,V244,V245,V246,V247,V248,V249,V250,V251,V252,V253,V254,V255,V256,V257,V258,V259,V260,V261,V262,V263,V264,V265,V266,V267,V268,V269,V270,V271,V272,V273,V274,V275,V276,V277,V278,V279,V280,V281,V282,V283,V284,V285,V286,V287,V288,V289,V290,V291,V292,V293,V294,V295,V296,V297,V298,V299,V300,V301,V302,V303,V304,V305,V306,V307,V308,V309,V310,V311,V312,V313,V314,V315,V316,V317,V318,V319,V320,V321,V322,V323,V324,V325,V326,V327,V328,V329,V330,V331,V332,V333,V334,V335,V336,V337,V338,V339,V340,V341,V342,V343,V344,V345,V346,V347,V348,V349,V350,V351,V352,V353,V354,V355,V356,V357,V358,V359,V360,V361,V362,V363,V364,V365,V366,V367,V368,V369,V370,V371,V372,V373,V374,V375,V376,V377,V378,V379,V380,V381,V382,V383,V384,V385,V386,V387,V388,V389,V390,V391,V392,V393,V394,V395,V396,V397,V398,V399,V400,V401,V402,V403,V404,V405,V406,V407,V408,V409,V410,V411,V412,V413,V414,V415,V416,V417,V418,V419,V420,V421,V422,V423,V424,V425,V426,V427,V428,V429,V430,V431,V432,V433,V434,V435,V436,V437,V438,V439,V440,V441,V442,V443,V444,V445,V446,V447,V448,V449,V450,V451,V452,V453,V454,V455,V456,V457,V458,V459,V460,V461,V462,V463,V464,V465,V466,V467,V468,V469,V470,V471,V472,V473,V474,V475,V476,V477,V478,V479,V480,V481,V482,V483,V484,V485,V486,V487,V488,V489,V490,V491,V492,V493,V494,V495,V496,V497,V498,V499,V500,V501,V502,V503,V504,V505,V506,V507,V508,V509,V510,V511,V512,V513,V514,V515,V516,V517,V518,V519,V520,V521,V522,V523,V524,V525,V526,V527,V528,V529,V530,V531,V532,V533,V534,V535,V536,V537,V538,V539,V540,V541,V542,V543,V544,V545,V546,V547,V548,V549,V550,V551,V552,V553,V554,V555,V556,V557,V558,V559,V560,V561,V562,V563,V564,V565,V566,V567,V568,V569,V570,V571,V572,V573,V574,V575,V576,V577,V578,V579,V580,V581,V582,V583,V584,V585,V586,V587,V588,V589,V590,V591,V592,V593,V594,V595,V596,V597,V598,V599,V600,V601,V602,V603,V604,V605,V606,V607,V608,V609,V610,V611,V612,V613,V614,V615,V616,V617,V618,V619,V620,V621,V622,V623,V624,V625,V626,V627,V628,V629,V630,V631,V632,V633,V634,V635,V636,V637,V638,V639,V640,V641,V642,V643,V644,V645,V646,V647,V648,V649,V650,V651,V652,V653,V654,V655,V656,V657,V658,V659,V660,V661,V662,V663,V664,V665,V666,V667,V668,V669,V670,V671,V672,V673,V674,V675,V676,V677,V678,V679,V680,V681,V682,V683,V684,V685,V686,V687,V688,V689,V690,V691,V692,V693,V694,V695,V696,V697,V698,V699,V700,V701,V702,V703,V704,V705,V706,V707,V708,V709,V710,V711,V712,V713,V714,V715,V716,V717,V718,V719,V720,V721,V722,V723,V724,V725,V726,V727,V728,V729,V730,V731,V732,V733,V734,V735,V736,V737,V738,V739,V740,V741,V742,V743,V744,V745,V746,V747,V748,V749,V750,V751,V752,V753,V754,V755,V756,V757,V758,V759,V760,V761,V762,V763,V764,V765,V766,V767,V768,V769,V770,V771,V772,V773,V774,V775,V776,V777,V778,V779,V780,V781,V782,V783,V784,V785,V786,V787,V788,V789,V790,V791,V792,V793,V794,V795,V796,V797,V798,V799,V800,V801,V802,V803,V804,V805,V806,V807,V808,V809,V810,V811,V812,V813,V814,V815,V816,V817,V818,V819,V820,V821,V822,V823,V824,V825,V826,V827,V828,V829,V830,V831,V832,V833,V834,V835,V836,V837,V838,V839,V840,V841,V842,V843,V844,V845,V846,V847,V848,V849,V850,V851,V852,V853,V854,V855,V856,V857,V858,V859,V860,V861,V862,V863,V864,V865,V866,V867,V868,V869,V870,V871,V872,V873,V874,V875,V876,V877,V878,V879,V880,V881,V882,V883,V884,V885,V886,V887,V888,V889,V890,V891,V892,V893,V894,V895,V896,V897,V898,V899,V900,V901,V902,V903,V904,V905,V906,V907,V908,V909,V910,V911,V912,V913,V914,V915,V916,V917,V918,V919,V920,V921,V922,V923,V924,V925,V926,V927,V928,V929,V930,V931,V932,V933,V934,V935,V936,V937,V938,V939,V940,V941,V942,V943,V944,V945,V946,V947,V948,V949,V950,V951,V952,V953,V954,V955,V956,V957,V958,V959,V960,V961,V962,V963,V964,V965,V966,V967,V968,V969,V970,V971,V972,V973,V974,V975,V976,V977,V978,V979,V980,V981,V982,V983,V984,V985,V986,V987,V988,V989,V990,V991,V992,V993,V994,V995,V996,V997,V998,V999,V1000
0.499955105752889,0.499955105752889,0.499955105752889,0.499955105752889,0.499955105752889,0.499955105752889,0.499955105752889,0.499955105752889,0.499955105752889,0.499955105752889,0.499955105752889,0.499955105752889,0.499955105752889,0.499955105752889,0.499955105752889,0.499955105752889,0.499955105752889,0.499955105752889,0.499955105752889,0.499955105752889,0.499955105752889,0.499955105752889,0.499955105752889,0.499955105752889,0.499955105752889,0.499955105752889,0.499955105752889,0.499955105752889,0.499955105752889,0.499955105752889,0.499955105752889,0.499955105752889,0.499955105752889,0.499955105752889,0.499955105752889,0.499955105752889,0.499955105752889,0.499955105752889,0.499955105752889,0.499955105752889,0.499955105752889,0.499955105752889,0.499955105752889,0.499955105752889,0.499955105752889,0.499955105752889,0.499955105752889,0.499955105752889,0.499955105752889,0.499955105752889,0.499955105752889,0.499955105752889,0.499955105752889,0.499955105752889,0.499955105752889,0.499955105752889,0.499955105752889,0.499955105752889,0.499955105752889,0.499955105752889,0.499955105752889,0.499955105752889,0.499955105752889,0.499955105752889,0.499955105752889,0.499955105752889,0.499955105752889,0.499955105752889,0.499955105752889,0.499955105752889,0.499955105752889,0.499955105752889,0.499955105752889,0.499955105752889,0.499955105752889,0.499955105752889,0.499955105752889,0.499955105752889,0.499955105752889,0.499955105752889,0.499955105752889,0.499955105752889,0.499955105752889,0.499955105752889,0.499955105752889,0.499955105752889,0.499955105752889,0.499955105752889,0.499955105752889,0.499955105752889,0.499955105752889,0.499955105752889,0.499955105752889,0.499955105752889,0.499955105752889,0.499955105752889,0.499955105752889,0.499955105752889,0.499955105752889,0.499955105752889,0.499955105752889,0.499955105752889,0.499955105752889,0.499955105752889,0.499955105752889,0.499955105752889,0.499955105752889,0.499955105752889,0.499955105752889,0.499955105752889,0.499955105752889,0.499955105752889,0.499955105752889,0.499955105752889,0.499955105752889,0.499955105752889,0.499955105752889,0.499955105752889,0.499955105752889,0.499955105752889,0.499955105752889,0.499955105752889,0.499955105752889,0.499955105752889,0.499955105752889,0.499955105752889,0.499955105752889,0.499955105752889,0.499955105752889,0.499955105752889,0.499955105752889,0.499955105752889,0.499955105752889,0.499955105752889,0.499955105752889,0.499955105752889,0.499955105752889,0.499955105752889,0.499955105752889,0.499955105752889,0.499955105752889,0.499955105752889,0.499955105752889,0.499955105752889,0.499955105752889,0.499955105752889,0.499955105752889,0.499955105752889,0.499955105752889,0.499955105752889,0.499955105752889,0.499955105752889,0.499955105752889,0.499955105752889,0.499955105752889,0.499955105752889,0.499955105752889,0.499955105752889,0.499955105752889,0.499955105752889,0.499955105752889,0.499955105752889,0.499955105752889,0.499955105752889,0.499955105752889,0.499955105752889,0.499955105752889,0.499955105752889,0.499955105752889,0.499955105752889,0.499955105752889,0.499955105752889,0.499955105752889,0.499955105752889,0.499955105752889,0.499955105752889,0.499955105752889,0.499955105752889,0.499955105752889,0.499955105752889,0.499955105752889,0.499955105752889,0.499955105752889,0.499955105752889,0.499955105752889,0.499955105752889,0.499955105752889,0.499955105752889,0.499955105752889,0.499955105752889,0.499955105752889,0.499955105752889,0.499955105752889,0.499955105752889,0.499955105752889,0.499955105752889,0.499955105752889,0.499955105752889,0.499955105752889,0.499955105752889,0.499955105752889,0.499955105752889,0.499955105752889,0.499955105752889,0.499955105752889,0.499955105752889,0.499955105752889,0.499955105752889,0.499955105752889,0.499955105752889,0.499955105752889,0.499955105752889,0.499955105752889,0.499955105752889,0.499955105752889,0.499955105752889,0.499955105752889,0.499955105752889,0.499955105752889,0.499955105752889,0.499955105752889,0.499955105752889,0.499955105752889,0.499955105752889,0.499955105752889,0.499955105752889,0.499955105752889,0.499955105752889,0.499955105752889,0.499955105752889,0.499955105752889,0.499955105752889,0.499955105752889,0.499955105752889,0.499955105752889,0.499955105752889,0.499955105752889,0.499955105752889,0.499955105752889,0.499955105752889,0.499955105752889,0.499955105752889,0.499955105752889,0.499955105752889,0.499955105752889,0.499955105752889,0.499955105752889,0.499955105752889,0.499955105752889,0.499955105752889,0.499955105752889,0.499955105752889,0.499955105752889,0.499955105752889,0.499955105752889,0.499955105752889,0.499955105752889,0.499955105752889,0.499955105752889,0.499955105752889,0.499955105752889,0.499955105752889,0.499955105752889,0.499955105752889,0.499955105752889,0.499955105752889,0.499955105752889,0.499955105752889,0.499955105752889,0.499955105752889,0.499955105752889,0.499955105752889,0.499955105752889,0.499955105752889,0.499955105752889,0.499955105752889,0.499955105752889,0.499955105752889,0.499955105752889,0.499955105752889,0.499955105752889,0.499955105752889,0.499955105752889,0.499955105752889,0.499955105752889,0.499955105752889,0.499955105752889,0.499955105752889,0.499955105752889,0.499955105752889,0.499955105752889,0.499955105752889,0.499955105752889,0.499955105752889,0.499955105752889,0.499955105752889,0.499955105752889,0.499955105752889,0.499955105752889,0.499955105752889,0.499955105752889,0.499955105752889,0.499955105752889,0.499955105752889,0.499955105752889,0.499955105752889,0.499955105752889,0.499955105752889,0.499955105752889,0.499955105752889,0.499955105752889,0.499955105752889,0.499955105752889,0.499955105752889,0.499955105752889,0.499955105752889,0.499955105752889,0.499955105752889,0.499955105752889,0.499955105752889,0.499955105752889,0.499955105752889,0.499955105752889,0.499955105752889,0.499955105752889,0.499955105752889,0.499955105752889,0.499955105752889,0.499955105752889,0.499955105752889,0.499955105752889,0.499955105752889,0.499955105752889,0.499955105752889,0.499955105752889,0.499955105752889,0.499955105752889,0.499955105752889,0.499955105752889,0.499955105752889,0.499955105752889,0.499955105752889,0.499955105752889,0.499955105752889,0.499955105752889,0.499955105752889,0.499955105752889,0.499955105752889,0.499955105752889,0.499955105752889,0.499955105752889,0.499955105752889,0.499955105752889,0.499955105752889,0.499955105752889,0.499955105752889,0.499955105752889,0.499955105752889,0.499955105752889,0.499955105752889,0.499955105752889,0.499955105752889,0.499955105752889,0.499955105752889,0.499955105752889,0.499955105752889,0.499955105752889,0.499955105752889,0.499955105752889,0.499955105752889,0.499955105752889,0.499955105752889,0.499955105752889,0.499955105752889,0.499955105752889,0.499955105752889,0.499955105752889,0.499955105752889,0.499955105752889,0.499955105752889,0.499955105752889,0.499955105752889,0.499955105752889,0.499955105752889,0.499955105752889,0.499955105752889,0.499955105752889,0.499955105752889,0.499955105752889,0.499955105752889,0.499955105752889,0.499955105752889,0.499955105752889,0.499955105752889,0.499955105752889,0.499955105752889,0.499955105752889,0.499955105752889,0.499955105752889,0.499955105752889,0.499955105752889,0.499955105752889,0.499955105752889,0.499955105752889,0.499955105752889,0.499955105752889,0.499955105752889,0.499955105752889,0.499955105752889,0.499955105752889,0.499955105752889,0.499955105752889,0.499955105752889,0.499955105752889,0.499955105752889,0.499955105752889,0.499955105752889,0.499955105752889,0.499955105752889,0.499955105752889,0.499955105752889,0.499955105752889,0.499955105752889,0.499955105752889,0.499955105752889,0.499955105752889,0.499955105752889,0.499955105752889,0.499955105752889,0.499955105752889,0.499955105752889,0.499955105752889,0.499955105752889,0.499955105752889,0.499955105752889,0.499955105752889,0.499955105752889,0.499955105752889,0.499955105752889,0.499955105752889,0.499955105752889,0.499955105752889,0.499955105752889,0.499955105752889,0.499955105752889,0.499955105752889,0.499955105752889,0.499955105752889,0.499955105752889,0.499955105752889,0.499955105752889,0.499955105752889,0.499955105752889,0.499955105752889,0.499955105752889,0.499955105752889,0.499955105752889,0.499955105752889,0.499955105752889,0.499955105752889,0.499955105752889,0.499955105752889,0.499955105752889,0.499955105752889,0.499955105752889,0.499955105752889,0.499955105752889,0.499955105752889,0.499955105752889,0.499955105752889,0.499955105752889,0.499955105752889,0.499955105752889,0.499955105752889,0.499955105752889,0.499955105752889,0.499955105752889,0.499955105752889,0.499955105752889,0.499955105752889,0.499955105752889,0.499955105752889,0.499955105752889,0.499955105752889,0.499955105752889,0.499955105752889,0.499955105752889,0.499955105752889,0.499955105752889,0.499955105752889,0.499955105752889,0.499955105752889,0.499955105752889,0.499955105752889,0.499955105752889,0.499955105752889,0.499955105752889,0.499955105752889,0.499955105752889,0.499955105752889,0.499955105752889,0.499955105752889,0.499955105752889,0.499955105752889,0.499955105752889,0.499955105752889,0.499955105752889,0.499955105752889,0.499955105752889,0.499955105752889,0.499955105752889,0.499955105752889,0.499955105752889,0.499955105752889,0.499955105752889,0.499955105752889,0.499955105752889,0.499955105752889,0.499955105752889,0.499955105752889,0.499955105752889,0.499955105752889,0.499955105752889,0.499955105752889,0.499955105752889,0.499955105752889,0.499955105752889,0.499955105752889,0.499955105752889,0.499955105752889,0.499955105752889,0.499955105752889,0.499955105752889,0.499955105752889,0.499955105752889,0.499955105752889,0.499955105752889,0.499955105752889,0.499955105752889,0.499955105752889,0.499955105752889,0.499955105752889,0.499955105752889,0.499955105752889,0.499955105752889,0.499955105752889,0.499955105752889,0.499955105752889,0.499955105752889,0.499955105752889,0.499955105752889,0.499955105752889,0.499955105752889,0.499955105752889,0.499955105752889,0.499955105752889,0.499955105752889,0.499955105752889,0.499955105752889,0.499955105752889,0.499955105752889,0.499955105752889,0.499955105752889,0.499955105752889,0.499955105752889,0.499955105752889,0.499955105752889,0.499955105752889,0.499955105752889,0.499955105752889,0.499955105752889,0.499955105752889,0.499955105752889,0.499955105752889,0.499955105752889,0.499955105752889,0.499955105752889,0.499955105752889,0.499955105752889,0.499955105752889,0.499955105752889,0.499955105752889,0.499955105752889,0.499955105752889,0.499955105752889,0.499955105752889,0.499955105752889,0.499955105752889,0.499955105752889,0.499955105752889,0.499955105752889,0.499955105752889,0.499955105752889,0.499955105752889,0.499955105752889,0.499955105752889,0.499955105752889,0.499955105752889,0.499955105752889,0.499955105752889,0.499955105752889,0.499955105752889,0.499955105752889,0.499955105752889,0.499955105752889,0.499955105752889,0.499955105752889,0.499955105752889,0.499955105752889,0.499955105752889,0.499955105752889,0.499955105752889,0.499955105752889,0.499955105752889,0.499955105752889,0.499955105752889,0.499955105752889,0.499955105752889,0.499955105752889,0.499955105752889,0.499955105752889,0.499955105752889,0.499955105752889,0.499955105752889,0.499955105752889,0.499955105752889,0.499955105752889,0.499955105752889,0.499955105752889,0.499955105752889,0.499955105752889,0.499955105752889,0.499955105752889,0.499955105752889,0.499955105752889,0.499955105752889,0.499955105752889,0.499955105752889,0.499955105752889,0.499955105752889,0.499955105752889,0.499955105752889,0.499955105752889,0.499955105752889,0.499955105752889,0.499955105752889,0.499955105752889,0.499955105752889,0.499955105752889,0.499955105752889,0.499955105752889,0.499955105752889,0.499955105752889,0.499955105752889,0.499955105752889,0.499955105752889,0.499955105752889,0.499955105752889,0.499955105752889,0.499955105752889,0.499955105752889,0.499955105752889,0.499955105752889,0.499955105752889,0.499955105752889,0.499955105752889,0.499955105752889,0.499955105752889,0.499955105752889,0.499955105752889,0.499955105752889,0.499955105752889,0.499955105752889,0.499955105752889,0.499955105752889,0.499955105752889,0.499955105752889,0.499955105752889,0.499955105752889,0.499955105752889,0.499955105752889,0.499955105752889,0.499955105752889,0.499955105752889,0.499955105752889,0.499955105752889,0.499955105752889,0.499955105752889,0.499955105752889,0.499955105752889,0.499955105752889,0.499955105752889,0.499955105752889,0.499955105752889,0.499955105752889,0.499955105752889,0.499955105752889,0.499955105752889,0.499955105752889,0.499955105752889,0.499955105752889,0.499955105752889,0.499955105752889,0.499955105752889,0.499955105752889,0.499955105752889,0.499955105752889,0.499955105752889,0.499955105752889,0.499955105752889,0.499955105752889,0.499955105752889,0.499955105752889,0.499955105752889,0.499955105752889,0.499955105752889,0.499955105752889,0.499955105752889,0.499955105752889,0.499955105752889,0.499955105752889,0.499955105752889,0.499955105752889,0.499955105752889,0.499955105752889,0.499955105752889,0.499955105752889,0.499955105752889,0.499955105752889,0.499955105752889,0.499955105752889,0.499955105752889,0.499955105752889,0.499955105752889,0.499955105752889,0.499955105752889,0.499955105752889,0.499955105752889,0.499955105752889,0.499955105752889,0.499955105752889,0.499955105752889,0.499955105752889,0.499955105752889,0.499955105752889,0.499955105752889,0.499955105752889,0.499955105752889,0.499955105752889,0.499955105752889,0.499955105752889,0.499955105752889,0.499955105752889,0.499955105752889,0.499955105752889,0.499955105752889,0.499955105752889,0.499955105752889,0.499955105752889,0.499955105752889,0.499955105752889,0.499955105752889,0.499955105752889,0.499955105752889,0.499955105752889,0.499955105752889,0.499955105752889,0.499955105752889,0.499955105752889,0.499955105752889,0.499955105752889,0.499955105752889,0.499955105752889,0.499955105752889,0.499955105752889,0.499955105752889,0.499955105752889,0.499955105752889,0.499955105752889,0.499955105752889,0.499955105752889,0.499955105752889,0.499955105752889,0.499955105752889,0.499955105752889,0.499955105752889,0.499955105752889,0.499955105752889,0.499955105752889,0.499955105752889,0.499955105752889,0.499955105752889,0.499955105752889,0.499955105752889,0.499955105752889,0.499955105752889,0.499955105752889,0.499955105752889,0.499955105752889,0.499955105752889,0.499955105752889,0.499955105752889,0.499955105752889,0.499955105752889,0.499955105752889,0.499955105752889,0.499955105752889,0.499955105752889,0.499955105752889,0.499955105752889,0.499955105752889,0.499955105752889,0.499955105752889,0.499955105752889,0.499955105752889,0.499955105752889,0.499955105752889,0.499955105752889,0.499955105752889,0.499955105752889,0.499955105752889,0.499955105752889,0.499955105752889,0.499955105752889,0.499955105752889,0.499955105752889,0.499955105752889,0.499955105752889,0.499955105752889,0.499955105752889,0.499955105752889,0.499955105752889,0.499955105752889,0.499955105752889,0.499955105752889,0.499955105752889,0.499955105752889,0.499955105752889,0.499955105752889,0.499955105752889,0.499955105752889,0.499955105752889,0.499955105752889,0.499955105752889,0.499955105752889,0.499955105752889,0.499955105752889,0.499955105752889,0.499955105752889,0.499955105752889,0.499955105752889,0.499955105752889,0.499955105752889,0.499955105752889,0.499955105752889,0.499955105752889,0.499955105752889,0.499955105752889,0.499955105752889,0.499955105752889,0.499955105752889,0.499955105752889,0.499955105752889,0.499955105752889,0.499955105752889,0.499955105752889,0.499955105752889,0.499955105752889,0.499955105752889,0.499955105752889,0.499955105752889,0.499955105752889,0.499955105752889,0.499955105752889,0.499955105752889,0.499955105752889,0.499955105752889,0.499955105752889,0.499955105752889,0.499955105752889,0.499955105752889,0.499955105752889,0.499955105752889,0.499955105752889,0.499955105752889,0.499955105752889,0.499955105752889,0.499955105752889,0.499955105752889,0.499955105752889,0.499955105752889,0.499955105752889,0.499955105752889,0.499955105752889,0.499955105752889,0.499955105752889,0.499955105752889,0.499955105752889,0.499955105752889,0.499955105752889,0.499955105752889,0.499955105752889,0.499955105752889,0.499955105752889,0.499955105752889,0.499955105752889,0.499955105752889,0.499955105752889,0.499955105752889,0.499955105752889,0.499955105752889,0.499955105752889,0.499955105752889,0.499955105752889,0.499955105752889,0.499955105752889,0.499955105752889,0.499955105752889,0.499955105752889,0.499955105752889,0.499955105752889,0.499955105752889,0.499955105752889,0.499955105752889,0.499955105752889,0.499955105752889,0.499955105752889,0.499955105752889,0.499955105752889,0.499955105752889,0.499955105752889,0.499955105752889,0.499955105752889,0.499955105752889,0.499955105752889,0.499955105752889,0.499955105752889,0.499955105752889,0.499955105752889,0.499955105752889,0.499955105752889,0.499955105752889,0.499955105752889,0.499955105752889,0.499955105752889,0.499955105752889,0.499955105752889,0.499955105752889,0.499955105752889,0.499955105752889,0.499955105752889,0.499955105752889,0.499955105752889,0.499955105752889,0.499955105752889,0.499955105752889,0.499955105752889,0.499955105752889,0.499955105752889,0.499955105752889,0.499955105752889,0.499955105752889,0.499955105752889,0.499955105752889,0.499955105752889,0.499955105752889,0.499955105752889,0.499955105752889,0.499955105752889,0.499955105752889,0.499955105752889,0.499955105752889,0.499955105752889,0.499955105752889,0.499955105752889,0.499955105752889,0.499955105752889,0.499955105752889,0.499955105752889,0.499955105752889,0.499955105752889,0.499955105752889,0.499955105752889,0.499955105752889,0.499955105752889,0.499955105752889,0.499955105752889,0.499955105752889,0.499955105752889,0.499955105752889,0.499955105752889,0.499955105752889,0.499955105752889,0.499955105752889,0.499955105752889,0.499955105752889,0.499955105752889,0.499955105752889,0.499955105752889,0.499955105752889
0.499921875,0.4999669921875,0.4999982421875,0.4999875,0.4995685546875,0.4999560546875,0.4997873046875,0.49990546875,0.4991232421875,0.4997873046875,0.4999435546875,0.49998046875,0.49998046875,0.4999998046875,0.4994919921875,0.4999904296875,0.4997029296875,0.4999560546875,0.4998966796875,0.49996171875,0.5,0.4999875,0.4999294921875,0.49855546875,0.49993671875,0.4997873046875,0.4999841796875,0.4998779296875,0.49977421875,0.4999998046875,0.49986796875,0.4999875,0.49999921875,0.4996388671875,0.4999982421875,0.4997029296875,0.4999982421875,0.4999138671875,0.49965546875,0.4995685546875,0.4999875,0.499846875,0.49999921875,0.4993654296875,0.4997873046875,0.4989875,0.49996171875,0.5,0.49996171875,0.499471875,0.4999841796875,0.499471875,0.4998123046875,0.4999875,0.49993671875,0.499846875,0.499971875,0.499921875,0.4999294921875,0.4996388671875,0.49855546875,0.4997607421875,0.4999294921875,0.49996171875,0.49999921875,0.4998,0.499921875,0.499921875,0.499621875,0.4998779296875,0.49971796875,0.4999982421875,0.4999560546875,0.4998576171875,0.4998966796875,0.4998966796875,0.5,0.4999763671875,0.499996875,0.499971875,0.49995,0.4999998046875,0.4999294921875,0.4997607421875,0.49993671875,0.499846875,0.4999763671875,0.499971875,0.499746875,0.4999982421875,0.4999138671875,0.4998357421875,0.4994091796875,0.4999982421875,0.4997873046875,0.49982421875,0.5,0.49999921875,0.4994919921875,0.4999560546875,0.4997873046875,0.4999904296875,0.4995685546875,0.49971796875,0.4999875,0.49951171875,0.49999296875,0.4999435546875,0.4997326171875,0.4999951171875,0.4993654296875,0.49993671875,0.49943046875,0.499921875,0.49990546875,0.49990546875,0.5,0.499921875,0.4992732421875,0.49996171875,0.499996875,0.4997029296875,0.4999982421875,0.5,0.4999998046875,0.4996875,0.4999669921875,0.49995,0.49993671875,0.4999998046875,0.49996171875,0.49999296875,0.4999763671875,0.4997873046875,0.4999904296875,0.4997873046875,0.49999296875,0.4999904296875,0.4997326171875,0.49982421875,0.4999904296875,0.49999296875,0.49993671875,0.4999982421875,0.4999841796875,0.49995,0.49998046875,0.4999904296875,0.499921875,0.4999841796875,0.4995310546875,0.4996388671875,0.4998779296875,0.49999921875,0.49934296875,0.49955,0.4999435546875,0.4997607421875,0.49904296875,0.4999951171875,0.4999138671875,0.4999138671875,0.4997607421875,0.49995,0.49999296875,0.4999841796875,0.4996716796875,0.49998046875,0.4999138671875,0.4999998046875,0.4999763671875,0.4999904296875,0.49982421875,0.499996875,0.49998046875,0.4997326171875,0.4993875,0.49943046875,0.49998046875,0.4996044921875,0.49999921875,0.4997873046875,0.4999294921875,0.4999841796875,0.499996875,0.49999296875,0.49995,0.49971796875,0.499846875,0.4999294921875,0.4993201171875,0.499996875,0.4999951171875,0.49982421875,0.4999982421875,0.49998046875,0.4999763671875,0.4999138671875,0.4999294921875,0.4999951171875,0.4999669921875,0.499921875,0.4999294921875,0.4998576171875,0.499921875,0.49965546875,0.49999921875,0.4999435546875,0.4999435546875,0.4998966796875,0.49958671875,0.49999296875,0.4999294921875,0.4999435546875,0.4998875,0.4999560546875,0.4998,0.4993201171875,0.4999138671875,0.49995,0.4997326171875,0.49995,0.4996044921875,0.499746875,0.4999669921875,0.4999904296875,0.4999982421875,0.4989875,0.4999998046875,0.4996875,0.4998576171875,0.499996875,0.4996044921875,0.49999296875,0.4999841796875,0.4999841796875,0.4999560546875,0.4999138671875,0.4998576171875,0.4998123046875,0.4997029296875,0.4999560546875,0.4999904296875,0.4998966796875,0.4999560546875,0.4999951171875,0.49999296875,0.4999982421875,0.4999294921875,0.4992,0.4998576171875,0.49986796875,0.499846875,0.49995,0.4999138671875,0.4999951171875,0.49982421875,0.499996875,0.499971875,0.4994919921875,0.4997326171875,0.49995,0.49996171875,0.4999875,0.49943046875,0.49998046875,0.49958671875,0.4999982421875,0.4998966796875,0.4999998046875,0.4997607421875,0.4998966796875,0.4999982421875,0.4996044921875,0.4998966796875,0.49995,0.4997607421875,0.499971875,0.4998966796875,0.4999560546875,0.4999435546875,0.4998576171875,0.49999921875,0.4999138671875,0.499746875,0.49986796875,0.49995,0.4997029296875,0.4999669921875,0.49977421875,0.4999560546875,0.4996875,0.4999875,0.49990546875,0.49995,0.49995,0.4999841796875,0.49958671875,0.49893046875,0.499921875,0.4998576171875,0.4999951171875,0.49999296875,0.49998046875,0.4995310546875,0.4999435546875,0.4996044921875,0.4999841796875,0.4996716796875,0.4999875,0.499296875,0.499921875,0.499846875,0.4999998046875,0.4999763671875,0.49971796875,0.4999669921875,0.49977421875,0.49995,0.4995685546875,0.49999921875,0.4996044921875,0.4998,0.49982421875,0.4999435546875,0.4994919921875,0.499846875,0.4999294921875,0.4995310546875,0.49990546875,0.4999435546875,0.4998,0.4998966796875,0.4999435546875,0.4998,0.4999138671875,0.4999904296875,0.499846875,0.4997607421875,0.4999669921875,0.4999560546875,0.49999296875,0.49999296875,0.4999875,0.4999841796875,0.49990546875,0.4999435546875,0.4999138671875,0.499746875,0.4998576171875,0.4998,0.49943046875,0.499971875,0.4998875,0.4998,0.49999296875,0.49951171875,0.49982421875,0.499921875,0.49965546875,0.4998,0.49971796875,0.499996875,0.4999875,0.4999560546875,0.4998966796875,0.4999904296875,0.499921875,0.5,0.4999982421875,0.49965546875,0.49998046875,0.4999951171875,0.49971796875,0.4998966796875,0.49999921875,0.4998875,0.499996875,0.4999560546875,0.499471875,0.4998123046875,0.4998576171875,0.4998123046875,0.4997326171875,0.4999982421875,0.4999998046875,0.4999763671875,0.49993671875,0.49999296875,0.499996875,0.499971875,0.4999875,0.49982421875,0.4999998046875,0.499996875,0.499921875,0.49977421875,0.4999138671875,0.499621875,0.4999982421875,0.499846875,0.49982421875,0.49999921875,0.49999921875,0.49986796875,0.4995685546875,0.499471875,0.499921875,0.499996875,0.49977421875,0.499921875,0.4998576171875,0.49995,0.499996875,0.4998,0.4999294921875,0.499921875,0.49990546875,0.4999951171875,0.499971875,0.4998779296875,0.4991748046875,0.4999998046875,0.49982421875,0.4999951171875,0.4999560546875,0.4996875,0.49995,0.499971875,0.4998779296875,0.4998123046875,0.49993671875,0.4998875,0.49995,0.4999763671875,0.4992732421875,0.4999138671875,0.4999982421875,0.4996044921875,0.4997029296875,0.4999998046875,0.4999560546875,0.4998123046875,0.49999921875,0.49951171875,0.49977421875,0.4999982421875,0.4994513671875,0.499746875,0.4999875,0.4998779296875,0.4999841796875,0.4999982421875,0.4998966796875,0.499996875,0.4998875,0.4999763671875,0.4999982421875,0.499971875,0.4999998046875,0.49999921875,0.4999875,0.49934296875,0.4997873046875,0.4998875,0.49982421875,0.5,0.49982421875,0.4998,0.49986796875,0.4999435546875,0.4998357421875,0.4998779296875,0.49986796875,0.4999982421875,0.4999560546875,0.499996875,0.4998576171875,0.4999951171875,0.4998966796875,0.49965546875,0.4999560546875,0.4989591796875,0.499971875,0.49996171875,0.499846875,0.4996716796875,0.49998046875,0.4996875,0.5,0.4999998046875,0.4999875,0.499746875,0.49958671875,0.4999294921875,0.4999435546875,0.4997326171875,0.4999841796875,0.4999951171875,0.49996171875,0.4999951171875,0.4998123046875,0.4999294921875,0.4999904296875,0.499621875,0.49990546875,0.49998046875,0.49999296875,0.4998966796875,0.499996875,0.499096875,0.4996875,0.49982421875,0.4999875,0.4999841796875,0.49998046875,0.4999998046875,0.4996388671875,0.49990546875,0.4998779296875,0.4999763671875,0.4999435546875,0.4998779296875,0.4999998046875,0.4999875,0.4999669921875,0.49995,0.4999875,0.4998576171875,0.4999138671875,0.4999998046875,0.4996716796875,0.499971875,0.499921875,0.49999921875,0.4999435546875,0.4996875,0.49999921875,0.4999435546875,0.49982421875,0.4999875,0.4998123046875,0.4992248046875,0.4999841796875,0.4998875,0.4994919921875,0.49982421875,0.4999998046875,0.4999763671875,0.4999875,0.4999982421875,0.49993671875,0.4999560546875,0.4995685546875,0.4998,0.499971875,0.49993671875,0.4998576171875,0.49958671875,0.499846875,0.49999296875,0.49993671875,0.49999296875,0.49955,0.4999560546875,0.49999921875,0.4997873046875,0.499996875,0.4996716796875,0.49998046875,0.49993671875,0.49993671875,0.499746875,0.49977421875,0.49999921875,0.4999951171875,0.4999875,0.4998966796875,0.499996875,0.49986796875,0.4999294921875,0.4994513671875,0.4998875,0.4999294921875,0.4998357421875,0.4993654296875,0.4996716796875,0.499971875,0.499921875,0.4999138671875,0.49958671875,0.4999998046875,0.499746875,0.499921875,0.4998576171875,0.499921875,0.4998123046875,0.499921875,0.4997326171875,0.499971875,0.49995,0.5,0.49998046875,0.49996171875,0.49990546875,0.49996171875,0.4998576171875,0.499996875,0.4995685546875,0.499996875,0.4998357421875,0.499971875,0.49993671875,0.4999951171875,0.49958671875,0.4999763671875,0.49958671875,0.4999763671875,0.4999841796875,0.4999841796875,0.499921875,0.499971875,0.4994513671875,0.4995310546875,0.4999982421875,0.49995,0.49998046875,0.4999560546875,0.4991232421875,0.499096875,0.49982421875,0.49965546875,0.499971875,0.499846875,0.4999982421875,0.49999921875,0.49999296875,0.4998576171875,0.499996875,0.4997607421875,0.5,0.4999951171875,0.4999560546875,0.4999998046875,0.49995,0.499921875,0.4999904296875,0.4997326171875,0.49982421875,0.4999951171875,0.4999435546875,0.4999841796875,0.4999841796875,0.4997873046875,0.499996875,0.4998966796875,0.4999435546875,0.49982421875,0.4999904296875,0.4998,0.49996171875,0.49943046875,0.4998875,0.4997873046875,0.4998576171875,0.4999763671875,0.49999921875,0.4995310546875,0.49990546875,0.4998,0.4998123046875,0.4998966796875,0.499846875,0.5,0.49977421875,0.4999951171875,0.4999435546875,0.49993671875,0.499996875,0.4996388671875,0.4995685546875,0.49924921875,0.4997873046875,0.4999982421875,0.4999435546875,0.4997873046875,0.4999841796875,0.4996875,0.4999669921875,0.4999841796875,0.49993671875,0.4999904296875,0.4999138671875,0.499996875,0.499096875,0.49955,0.49993671875,0.49998046875,0.4998875,0.4995685546875,0.4993875,0.499996875,0.49995,0.4999982421875,0.4999763671875,0.4996044921875,0.49868671875,0.49996171875,0.4993875,0.49934296875,0.4999435546875,0.49990546875,0.4997607421875,0.49999921875,0.49999296875,0.49999296875,0.49998046875,0.4998966796875,0.499921875,0.49990546875,0.49993671875,0.49990546875,0.4999998046875,0.49986796875,0.49996171875,0.4996716796875,0.4996044921875,0.4998357421875,0.499846875,0.5,0.49999296875,0.49995,0.4999982421875,0.4992,0.4999998046875,0.499921875,0.4999875,0.49996171875,0.49993671875,0.499971875,0.49914921875,0.49977421875,0.4998576171875,0.4999435546875,0.49998046875,0.4999669921875,0.49971796875,0.4997326171875,0.4994091796875,0.4996044921875,0.49955,0.499746875,0.4999998046875,0.4998875,0.4998357421875,0.49998046875,0.49958671875,0.499971875,0.49990546875,0.49977421875,0.4999138671875,0.4997873046875,0.4997326171875,0.4999435546875,0.4999763671875,0.49999296875,0.4999669921875,0.4998357421875,0.4999294921875,0.4999435546875,0.4993201171875,0.49993671875,0.4999951171875,0.49986796875,0.49990546875,0.49995,0.4999875,0.49977421875,0.4998779296875,0.4999982421875,0.499921875,0.4999669921875,0.4996875,0.4997873046875,0.49999296875,0.4996875,0.49958671875,0.499621875,0.4999560546875,0.4998,0.4999998046875,0.4999138671875,0.4999998046875,0.4999560546875,0.499996875,0.499996875,0.49996171875,0.4999904296875,0.49990546875,0.4983826171875,0.4995310546875,0.499971875,0.4996875,0.49996171875,0.49999296875,0.49993671875,0.49999921875,0.49999921875,0.4992248046875,0.49924921875,0.4998966796875,0.49998046875,0.4995310546875,0.49998046875,0.499746875,0.49982421875,0.4996716796875,0.49990546875,0.4999841796875,0.4999998046875,0.4998357421875,0.49982421875,0.4997873046875,0.499971875,0.4999982421875,0.4997873046875,0.49999921875,0.4995310546875,0.4998576171875,0.4998576171875,0.4997873046875,0.49999921875,0.49951171875,0.49998046875,0.4997873046875,0.49996171875,0.4998779296875,0.4999841796875,0.49996171875,0.4999669921875,0.4997607421875,0.4999669921875,0.49998046875,0.49999921875,0.49986796875,0.4999560546875,0.499846875,0.4999982421875,0.4999294921875,0.4999560546875,0.4997873046875,0.4999982421875,0.4999982421875,0.49998046875,0.49996171875,0.49996171875,0.4994919921875,0.499621875,0.4999951171875,0.4999875,0.4999998046875,0.4997873046875,0.4996875,0.4999560546875,0.49999921875,0.49977421875,0.49999921875,0.49998046875,0.499921875,0.5,0.49986796875,0.499996875,0.4999841796875,0.49951171875,0.49977421875,0.4996388671875,0.49996171875,0.499921875,0.4999763671875,0.49999296875,0.49904296875,0.4999875,0.4999763671875,0.4999998046875,0.49943046875,0.4998966796875,0.499921875,0.4999904296875,0.49904296875,0.4999951171875,0.49971796875,0.4998123046875,0.49995,0.4999669921875,0.49986796875,0.4998966796875,0.49995,0.499846875,0.499921875,0.4999904296875,0.4999998046875,0.4999841796875,0.4998123046875,0.4999138671875,0.499971875,0.4999138671875,0.499621875,0.4999998046875,0.4997326171875,0.49971796875,0.4999294921875,0.4993654296875,0.4999951171875,0.49999296875,0.4999294921875,0.4989591796875,0.49982421875,0.4999998046875,0.4999875,0.4999904296875,0.4999982421875,0.49990546875,0.499996875,0.4998,0.4999998046875,0.49990546875,0.4996875,0.4999998046875,0.49986796875,0.4999875,0.49995,0.4999982421875,0.499921875,0.4999560546875,0.49971796875,0.49999296875,0.4997029296875,0.4999998046875,0.4998576171875,0.49990546875,0.49965546875,0.4997029296875,0.4994091796875,0.4999904296875,0.4998875,0.4999435546875,0.4999904296875,0.4995310546875,0.49990546875,0.4998,0.49999921875,0.4996388671875,0.4996716796875,0.4999982421875,0.4999998046875,0.4999763671875,0.4985216796875,0.49982421875,0.49986796875,0.49999296875,0.4998779296875,0.49999296875,0.4999560546875,0.49914921875,0.4999904296875,0.4999982421875,0.4998357421875,0.4999951171875,0.499296875,0.4997873046875,0.4998779296875,0.49998046875,0.4997607421875,0.4999841796875,0.49995,0.4992248046875,0.4999998046875,0.49998046875,0.4998357421875,0.4996716796875,0.4995310546875,0.4995310546875,0.4998357421875,0.4999560546875,0.4999763671875,0.4999998046875,0.4994919921875,0.49998046875,0.4999669921875,0.49990546875,0.49998046875,0.4998357421875,0.4999294921875,0.4997029296875,0.4997029296875,0.4998576171875,0.4999841796875,0.4999560546875,0.4999294921875,0.4998966796875
0.4993654296875,0.499921875,0.4999875,0.4999951171875,0.4998576171875,0.5,0.5,0.4997029296875,0.4994513671875,0.49999296875,0.49986796875,0.499971875,0.49995,0.4998576171875,0.4999951171875,0.4997607421875,0.499096875,0.4997326171875,0.4999763671875,0.4999904296875,0.4999951171875,0.4999841796875,0.4999294921875,0.4993875,0.4999841796875,0.499921875,0.499921875,0.4999998046875,0.4999763671875,0.4997029296875,0.49998046875,0.4999998046875,0.4998123046875,0.49951171875,0.4998966796875,0.4989875,0.49993671875,0.4989875,0.49998046875,0.4994091796875,0.4998875,0.499971875,0.4997029296875,0.4998779296875,0.4998875,0.499746875,0.49943046875,0.4995685546875,0.4996875,0.4992732421875,0.4999951171875,0.4993201171875,0.4998576171875,0.499921875,0.4999904296875,0.4999841796875,0.4999841796875,0.4999875,0.5,0.4999435546875,0.49875,0.4999841796875,0.4999875,0.49996171875,0.49999921875,0.49934296875,0.499971875,0.4997607421875,0.4994091796875,0.4994919921875,0.4987810546875,0.49995,0.4999294921875,0.4999951171875,0.4999669921875,0.4999294921875,0.4999669921875,0.4998875,0.4998966796875,0.4997873046875,0.4998875,0.4998,0.49998046875,0.4997326171875,0.4999875,0.49996171875,0.49965546875,0.4997607421875,0.49996171875,0.49993671875,0.49993671875,0.499921875,0.4998576171875,0.49999921875,0.5,0.4999998046875,0.49998046875,0.4998357421875,0.499471875,0.5,0.4999998046875,0.49986796875,0.4998576171875,0.49841796875,0.499746875,0.4994513671875,0.49995,0.4998779296875,0.499621875,0.4999904296875,0.4989013671875,0.4996716796875,0.4998779296875,0.499996875,0.4998576171875,0.49875,0.4997873046875,0.4998576171875,0.49868671875,0.4989591796875,0.4999951171875,0.4998779296875,0.4999435546875,0.4997029296875,0.4989875,0.498871875,0.49996171875,0.499971875,0.4997607421875,0.4998779296875,0.4999435546875,0.499846875,0.4998576171875,0.4999294921875,0.4998779296875,0.4994513671875,0.49999921875,0.49993671875,0.4994919921875,0.4999138671875,0.49955,0.4999763671875,0.49990546875,0.4997326171875,0.499921875,0.4996716796875,0.49951171875,0.4997326171875,0.4996044921875,0.49958671875,0.4999138671875,0.49990546875,0.4998875,0.4998875,0.49982421875,0.49996171875,0.4999951171875,0.4999294921875,0.49965546875,0.49993671875,0.4999951171875,0.4999669921875,0.4997873046875,0.49982421875,0.4996388671875,0.49999921875,0.4999904296875,0.49995,0.4999560546875,0.499746875,0.499996875,0.49995,0.4999904296875,0.4998357421875,0.4999669921875,0.49951171875,0.4999875,0.49951171875,0.4988419921875,0.49990546875,0.49996171875,0.49982421875,0.49986796875,0.4999560546875,0.4999294921875,0.4996388671875,0.499996875,0.498871875,0.4999998046875,0.499971875,0.4984529296875,0.4999998046875,0.4999951171875,0.499971875,0.49996171875,0.4998576171875,0.49996171875,0.498621875,0.4996044921875,0.49998046875,0.499746875,0.4999560546875,0.49998046875,0.4999982421875,0.4999982421875,0.4998123046875,0.4999560546875,0.4999560546875,0.499621875,0.49999296875,0.4998357421875,0.499746875,0.49965546875,0.4998123046875,0.4999841796875,0.4998357421875,0.4996875,0.49995,0.49977421875,0.499921875,0.4999763671875,0.4997326171875,0.499096875,0.49999296875,0.4998966796875,0.4998779296875,0.4999294921875,0.49924921875,0.4998576171875,0.499971875,0.49958671875,0.4997326171875,0.4994919921875,0.4997607421875,0.4999435546875,0.4998966796875,0.49982421875,0.4996388671875,0.49958671875,0.4999998046875,0.49996171875,0.4999138671875,0.4999138671875,0.4999875,0.49995,0.49986796875,0.49990546875,0.4998357421875,0.49986796875,0.4999138671875,0.499471875,0.499471875,0.49977421875,0.4999998046875,0.4999904296875,0.4983826171875,0.4998357421875,0.49990546875,0.499846875,0.49995,0.4988419921875,0.49996171875,0.49965546875,0.4998357421875,0.499096875,0.4997326171875,0.49904296875,0.49998046875,0.499921875,0.4998123046875,0.4999560546875,0.4997326171875,0.4999138671875,0.4999841796875,0.49971796875,0.49999296875,0.49827421875,0.4999560546875,0.4998576171875,0.4994091796875,0.4999763671875,0.4997326171875,0.4999998046875,0.4999763671875,0.4999982421875,0.49999921875,0.49999921875,0.4996716796875,0.5,0.49999296875,0.4992,0.49977421875,0.4998875,0.4996044921875,0.4999982421875,0.4998357421875,0.4999982421875,0.4998,0.4998357421875,0.4998966796875,0.49999921875,0.4998576171875,0.4998875,0.4999138671875,0.4996716796875,0.4999763671875,0.4996044921875,0.4999982421875,0.4989591796875,0.49999921875,0.4992,0.4999982421875,0.49924921875,0.4999841796875,0.4999763671875,0.4999294921875,0.4999875,0.4998576171875,0.49990546875,0.4999875,0.499746875,0.499746875,0.4994919921875,0.4999904296875,0.4998779296875,0.4992248046875,0.49993671875,0.49990546875,0.4999904296875,0.4998357421875,0.4997607421875,0.49971796875,0.4998875,0.49999921875,0.4999669921875,0.4999875,0.49977421875,0.4999138671875,0.49934296875,0.4999998046875,0.4998123046875,0.4996044921875,0.49998046875,0.4999841796875,0.4999669921875,0.49904296875,0.49990546875,0.499846875,0.4999841796875,0.4999951171875,0.4999951171875,0.49982421875,0.49977421875,0.4999841796875,0.499921875,0.49982421875,0.49999296875,0.49934296875,0.49999921875,0.4980857421875,0.4997607421875,0.4998576171875,0.4999875,0.49996171875,0.49951171875,0.4998875,0.49999921875,0.499996875,0.499921875,0.4999998046875,0.49999921875,0.4998875,0.499921875,0.4999841796875,0.499621875,0.499921875,0.49955,0.4999998046875,0.4999875,0.4999982421875,0.4999982421875,0.49993671875,0.4999560546875,0.4999998046875,0.4999875,0.49993671875,0.4996875,0.5,0.4998123046875,0.4998123046875,0.49990546875,0.49868671875,0.4998966796875,0.49995,0.4998,0.4998357421875,0.4994513671875,0.49977421875,0.4999138671875,0.4999669921875,0.4998576171875,0.49934296875,0.49998046875,0.4998779296875,0.499621875,0.49955,0.4997607421875,0.4997607421875,0.49990546875,0.49999921875,0.4987810546875,0.4997607421875,0.4992732421875,0.49986796875,0.4999294921875,0.4996044921875,0.49996171875,0.4999669921875,0.49986796875,0.499471875,0.4994091796875,0.499746875,0.4999138671875,0.499746875,0.49986796875,0.4990154296875,0.49999921875,0.4999138671875,0.4998123046875,0.499971875,0.49943046875,0.4997607421875,0.4999998046875,0.4997326171875,0.49999296875,0.49893046875,0.49943046875,0.4999951171875,0.49982421875,0.499921875,0.4999841796875,0.499921875,0.499996875,0.49999921875,0.4994091796875,0.4999904296875,0.4994513671875,0.4989591796875,0.49951171875,0.4998576171875,0.4999875,0.499846875,0.49998046875,0.49993671875,0.4995310546875,0.49999296875,0.4999875,0.4999904296875,0.49999296875,0.4998,0.4996716796875,0.49977421875,0.499621875,0.4999998046875,0.4999875,0.4996044921875,0.49999296875,0.4999560546875,0.49995,0.4999998046875,0.4996388671875,0.49982421875,0.4993875,0.4999875,0.49827421875,0.49982421875,0.4999841796875,0.49855546875,0.4998779296875,0.4998875,0.499921875,0.4998123046875,0.4990701171875,0.4999560546875,0.4999560546875,0.49999296875,0.4997029296875,0.49998046875,0.4992248046875,0.4999982421875,0.5,0.49958671875,0.499621875,0.4981623046875,0.4999560546875,0.499996875,0.4997326171875,0.4999841796875,0.499296875,0.499296875,0.499621875,0.499921875,0.4997029296875,0.4999669921875,0.4998779296875,0.49986796875,0.4998875,0.499846875,0.4996388671875,0.4999560546875,0.499971875,0.4996044921875,0.4994091796875,0.4996875,0.49999296875,0.4999841796875,0.49996171875,0.499996875,0.4992,0.4992248046875,0.4995685546875,0.4999875,0.4999138671875,0.49993671875,0.4999841796875,0.4995310546875,0.499621875,0.49990546875,0.499621875,0.4989591796875,0.4999875,0.4990701171875,0.4999982421875,0.4998875,0.4999982421875,0.4994919921875,0.499746875,0.4993654296875,0.49993671875,0.49998046875,0.4999904296875,0.4994513671875,0.499746875,0.4994513671875,0.499746875,0.49996171875,0.49993671875,0.49990546875,0.4999875,0.49993671875,0.499746875,0.4994091796875,0.49999921875,0.4985216796875,0.4998576171875,0.499921875,0.49993671875,0.4998875,0.49996171875,0.49924921875,0.4998875,0.49986796875,0.499971875,0.499921875,0.499746875,0.4998,0.49998046875,0.49990546875,0.4998576171875,0.49982421875,0.4997029296875,0.4999435546875,0.499746875,0.4997029296875,0.49996171875,0.4999841796875,0.49993671875,0.49986796875,0.49971796875,0.4999560546875,0.49958671875,0.499621875,0.4994091796875,0.499996875,0.499971875,0.4994919921875,0.4997029296875,0.4999435546875,0.4999560546875,0.4999294921875,0.49955,0.4999294921875,0.4999998046875,0.499471875,0.499621875,0.4999763671875,0.4999904296875,0.499846875,0.4999138671875,0.4999763671875,0.49999296875,0.499746875,0.4998357421875,0.4995310546875,0.499921875,0.4996716796875,0.4998123046875,0.49986796875,0.49986796875,0.49993671875,0.4998576171875,0.499471875,0.4998875,0.4999951171875,0.4999904296875,0.4999904296875,0.4999982421875,0.4997607421875,0.49965546875,0.4998779296875,0.4999669921875,0.49995,0.4999875,0.4996388671875,0.4998779296875,0.499996875,0.4998,0.5,0.49965546875,0.4993654296875,0.4993654296875,0.4999951171875,0.4999998046875,0.49904296875,0.499971875,0.4994919921875,0.4997326171875,0.4997607421875,0.5,0.4992732421875,0.4998,0.49965546875,0.499621875,0.4999138671875,0.49993671875,0.49958671875,0.499971875,0.4997029296875,0.49998046875,0.4999841796875,0.4998966796875,0.49998046875,0.499921875,0.4998357421875,0.4996716796875,0.5,0.49993671875,0.499996875,0.4998576171875,0.49986796875,0.49999921875,0.4994091796875,0.4999138671875,0.499746875,0.4993201171875,0.4998875,0.4998966796875,0.4999560546875,0.4997873046875,0.49993671875,0.4987810546875,0.4999841796875,0.49955,0.4999669921875,0.4996388671875,0.49995,0.499921875,0.4998357421875,0.4999998046875,0.49780546875,0.4996044921875,0.49881171875,0.499471875,0.4999951171875,0.49998046875,0.4998875,0.4999294921875,0.4999138671875,0.49996171875,0.4999763671875,0.4998779296875,0.4999875,0.499921875,0.4999841796875,0.49904296875,0.4999560546875,0.4998966796875,0.4999435546875,0.49993671875,0.49977421875,0.49971796875,0.4999841796875,0.4999904296875,0.4998875,0.499996875,0.4998779296875,0.4998875,0.49996171875,0.49965546875,0.49606171875,0.4998576171875,0.4998779296875,0.4985216796875,0.4998357421875,0.49914921875,0.49993671875,0.4999669921875,0.4998966796875,0.4998357421875,0.4998875,0.499746875,0.499971875,0.4999435546875,0.499996875,0.49995,0.4995685546875,0.499746875,0.4999763671875,0.4999560546875,0.4998123046875,0.4998357421875,0.4995685546875,0.499846875,0.4997029296875,0.499996875,0.4998,0.499296875,0.49965546875,0.4998779296875,0.4998123046875,0.4997607421875,0.4991748046875,0.49904296875,0.49986796875,0.4994919921875,0.499846875,0.49993671875,0.49986796875,0.4998,0.4998357421875,0.49965546875,0.4999875,0.49990546875,0.49977421875,0.49999921875,0.499921875,0.4996875,0.499996875,0.499471875,0.4999904296875,0.4999435546875,0.4999998046875,0.4995685546875,0.4996716796875,0.4999904296875,0.499746875,0.4999560546875,0.49977421875,0.4999998046875,0.4999669921875,0.49943046875,0.4986544921875,0.4999138671875,0.4999138671875,0.4999875,0.4999841796875,0.499921875,0.49955,0.49999921875,0.4996875,0.4999998046875,0.4997029296875,0.4996875,0.49934296875,0.4998779296875,0.4998875,0.4998576171875,0.4993201171875,0.4999435546875,0.4999763671875,0.499996875,0.4997873046875,0.4999904296875,0.49986796875,0.49999296875,0.49999296875,0.4997873046875,0.4999998046875,0.49999921875,0.499471875,0.4999138671875,0.4999560546875,0.4997029296875,0.4999875,0.49999296875,0.4999294921875,0.49955,0.4993201171875,0.4992248046875,0.499471875,0.49955,0.49982421875,0.49982421875,0.498346875,0.4999669921875,0.4998966796875,0.499621875,0.499971875,0.4996875,0.49971796875,0.4998875,0.4999560546875,0.4998966796875,0.49996171875,0.49993671875,0.49998046875,0.4998779296875,0.49763671875,0.49995,0.49990546875,0.499971875,0.4999998046875,0.49881171875,0.499971875,0.4998123046875,0.4999841796875,0.49995,0.49955,0.49998046875,0.49977421875,0.49965546875,0.4998123046875,0.5,0.4999138671875,0.49999296875,0.49965546875,0.4998966796875,0.4999669921875,0.4998357421875,0.499921875,0.499996875,0.49990546875,0.49881171875,0.4999951171875,0.4991748046875,0.4997607421875,0.49812421875,0.4999138671875,0.4999435546875,0.4999904296875,0.4999904296875,0.4997607421875,0.49990546875,0.4996044921875,0.4997607421875,0.4996875,0.49977421875,0.4999982421875,0.49951171875,0.4998576171875,0.4997326171875,0.4999875,0.499846875,0.4996716796875,0.49958671875,0.4995310546875,0.4998123046875,0.4999763671875,0.4999951171875,0.4995685546875,0.4995310546875,0.4999998046875,0.4998357421875,0.4996044921875,0.49999296875,0.4998123046875,0.4996875,0.4999904296875,0.4996716796875,0.4998,0.4998779296875,0.4997326171875,0.49999921875,0.4998779296875,0.4999904296875,0.499471875,0.4998123046875,0.4998576171875,0.49999921875,0.4999138671875,0.49990546875,0.49999921875,0.4999982421875,0.49995,0.49965546875,0.4999998046875,0.4999875,0.499921875,0.4999904296875,0.4996716796875,0.4999435546875,0.49977421875,0.499996875,0.4998357421875,0.4992248046875,0.4999951171875,0.49965546875,0.4999841796875,0.4999951171875,0.49998046875,0.49995,0.4997326171875,0.4999951171875,0.499971875,0.49999296875,0.4998779296875,0.4996716796875,0.4992732421875,0.4999560546875,0.49955,0.49999921875,0.4997326171875,0.49996171875,0.4997607421875,0.4985216796875,0.4998357421875,0.4999951171875,0.49998046875,0.4999982421875,0.4998779296875,0.4998576171875,0.49982421875,0.4987810546875,0.4999904296875,0.499921875,0.49996171875,0.4998576171875,0.49999921875,0.4995685546875,0.499971875,0.4999875,0.4998576171875,0.4999294921875,0.4998779296875,0.5,0.4994091796875,0.4982,0.4998357421875,0.4997029296875,0.4998576171875,0.4998576171875,0.49990546875,0.4998779296875,0.4993875,0.499971875,0.4999841796875,0.49993671875,0.4996388671875,0.49958671875,0.49955,0.4999669921875,0.4999982421875,0.4998966796875,0.4999875,0.4998576171875,0.4975935546875,0.49998046875,0.4999435546875,0.4999669921875,0.49934296875,0.4999138671875,0.4999560546875,0.49999921875,0.49999296875,0.4995685546875,0.49996171875,0.49893046875,0.49999296875,0.4999951171875,0.4999904296875,0.4999998046875,0.49995,0.4998,0.499921875,0.499846875,0.4998875,0.4999904296875,0.4999294921875,0.49999921875,0.4999669921875
0.49977421875,0.4999904296875,0.4999435546875,0.4998576171875,0.4992248046875,0.4998966796875,0.4996044921875,0.49965546875,0.49993671875,0.4996875,0.49965546875,0.4993654296875,0.4998966796875,0.49986796875,0.498871875,0.4980076171875,0.4989875,0.4992248046875,0.49995,0.4996716796875,0.4998966796875,0.4998966796875,0.4998875,0.49914921875,0.49943046875,0.4997873046875,0.499621875,0.49943046875,0.4999669921875,0.498621875,0.4999951171875,0.4999763671875,0.4997873046875,0.4999841796875,0.4999763671875,0.4996716796875,0.49999921875,0.4993654296875,0.499996875,0.4997326171875,0.49977421875,0.4998576171875,0.499996875,0.49986796875,0.49986796875,0.499471875,0.4990701171875,0.49841796875,0.49990546875,0.49965546875,0.499996875,0.49986796875,0.49993671875,0.4999875,0.4999951171875,0.4999951171875,0.49958671875,0.499621875,0.499996875,0.4996875,0.4987185546875,0.499846875,0.49958671875,0.4999138671875,0.4999951171875,0.49995,0.4999138671875,0.49943046875,0.4992732421875,0.4999669921875,0.49904296875,0.49998046875,0.499921875,0.49958671875,0.49996171875,0.4989591796875,0.4993201171875,0.4999875,0.4996716796875,0.499621875,0.4993654296875,0.499621875,0.4996388671875,0.4994513671875,0.49924921875,0.4996044921875,0.49996171875,0.49965546875,0.499971875,0.4999875,0.4999560546875,0.49958671875,0.49965546875,0.499746875,0.4999294921875,0.4996388671875,0.4996716796875,0.4996716796875,0.4997326171875,0.4996044921875,0.4999294921875,0.49998046875,0.499971875,0.4992732421875,0.499971875,0.49780546875,0.4998576171875,0.4999138671875,0.49951171875,0.4996716796875,0.49965546875,0.499971875,0.4999560546875,0.4996875,0.4999138671875,0.49951171875,0.4994919921875,0.5,0.4974169921875,0.4999669921875,0.4998966796875,0.499846875,0.4992732421875,0.4998,0.4997029296875,0.4989013671875,0.4999138671875,0.4998,0.4998123046875,0.49995,0.4998966796875,0.49995,0.499996875,0.499621875,0.49982421875,0.4991748046875,0.4994919921875,0.4999875,0.49951171875,0.4998357421875,0.4999138671875,0.4997607421875,0.49971796875,0.4998779296875,0.4999982421875,0.49998046875,0.499846875,0.49951171875,0.499621875,0.49971796875,0.49982421875,0.4998123046875,0.4999875,0.4997873046875,0.4998357421875,0.4998875,0.4998123046875,0.4999138671875,0.49977421875,0.4996875,0.499996875,0.4994513671875,0.4999875,0.49982421875,0.499971875,0.498046875,0.49995,0.4994919921875,0.4999138671875,0.499996875,0.49934296875,0.49998046875,0.49998046875,0.4996875,0.499971875,0.4999669921875,0.49998046875,0.49904296875,0.49990546875,0.4987810546875,0.4996716796875,0.4994919921875,0.499996875,0.4999904296875,0.4998875,0.499846875,0.4997607421875,0.49812421875,0.49993671875,0.4999951171875,0.4983826171875,0.4999998046875,0.4998357421875,0.5,0.4999841796875,0.49965546875,0.4999998046875,0.4989591796875,0.49955,0.4999841796875,0.499971875,0.4998875,0.4998357421875,0.4996044921875,0.49999921875,0.49995,0.49993671875,0.4999138671875,0.49943046875,0.49990546875,0.49971796875,0.4999841796875,0.4999904296875,0.49995,0.4993654296875,0.4999998046875,0.4994513671875,0.49999296875,0.499846875,0.4998966796875,0.499846875,0.49999296875,0.4989013671875,0.4996388671875,0.49904296875,0.49982421875,0.4998779296875,0.49812421875,0.4999560546875,0.4999875,0.499996875,0.4999669921875,0.4993654296875,0.4999875,0.499846875,0.4990701171875,0.4994091796875,0.4998357421875,0.4996875,0.499996875,0.49993671875,0.49999296875,0.4997029296875,0.4999982421875,0.499621875,0.499971875,0.49986796875,0.4998,0.4999951171875,0.4994919921875,0.4990701171875,0.4999435546875,0.4998966796875,0.499746875,0.4999951171875,0.499471875,0.4996044921875,0.4999998046875,0.499921875,0.4998779296875,0.4998,0.4998966796875,0.4997607421875,0.4998576171875,0.4998576171875,0.4998966796875,0.4998,0.49996171875,0.499621875,0.4997029296875,0.49955,0.4997029296875,0.499971875,0.4998875,0.49990546875,0.4999669921875,0.4993654296875,0.4999560546875,0.499471875,0.4999763671875,0.4999951171875,0.49995,0.4997029296875,0.4998576171875,0.4999435546875,0.4997326171875,0.49924921875,0.4997029296875,0.49999296875,0.4999841796875,0.499846875,0.4978875,0.499471875,0.4996875,0.4998779296875,0.4998875,0.4998357421875,0.4995310546875,0.4993654296875,0.499921875,0.4994513671875,0.4999904296875,0.4999841796875,0.4999435546875,0.49990546875,0.49996171875,0.4999982421875,0.49982421875,0.4997873046875,0.4998966796875,0.4995685546875,0.4996875,0.4998,0.49996171875,0.499471875,0.4999875,0.4999998046875,0.4999138671875,0.4997326171875,0.4999904296875,0.4998966796875,0.4999904296875,0.499971875,0.4999138671875,0.49999296875,0.499621875,0.4997029296875,0.4998875,0.49943046875,0.49971796875,0.4999138671875,0.4998123046875,0.499971875,0.4987810546875,0.4997326171875,0.49990546875,0.4997873046875,0.4998779296875,0.49881171875,0.49971796875,0.4999904296875,0.49977421875,0.4993654296875,0.4999982421875,0.4999982421875,0.4999294921875,0.4999560546875,0.49995,0.4997873046875,0.4999435546875,0.4999294921875,0.49893046875,0.499971875,0.4999560546875,0.4997607421875,0.4998357421875,0.4994919921875,0.49914921875,0.5,0.497721875,0.49965546875,0.49993671875,0.49996171875,0.499971875,0.4993875,0.4999435546875,0.4999138671875,0.4999998046875,0.4999875,0.499921875,0.4999982421875,0.49995,0.499996875,0.4999982421875,0.4999951171875,0.499996875,0.4999294921875,0.49990546875,0.499471875,0.4996388671875,0.49971796875,0.4998779296875,0.4989591796875,0.4998779296875,0.4999763671875,0.4999982421875,0.4997326171875,0.49958671875,0.49995,0.49990546875,0.499996875,0.4988419921875,0.4998966796875,0.49986796875,0.499996875,0.4999998046875,0.4991232421875,0.4989875,0.49995,0.49995,0.4999669921875,0.499096875,0.4998966796875,0.4996875,0.4997326171875,0.49986796875,0.4990154296875,0.49999921875,0.49996171875,0.4999435546875,0.4991748046875,0.499971875,0.4996388671875,0.4998875,0.4999998046875,0.499846875,0.49924921875,0.4999982421875,0.4996388671875,0.49951171875,0.4992,0.499971875,0.49977421875,0.4996875,0.4996875,0.4986544921875,0.49999296875,0.4997873046875,0.4999875,0.4997326171875,0.49996171875,0.4998357421875,0.4998357421875,0.499846875,0.49943046875,0.4997326171875,0.4997873046875,0.4999435546875,0.4998357421875,0.49812421875,0.499746875,0.49999296875,0.49999921875,0.49965546875,0.4993875,0.4999998046875,0.4992248046875,0.49855546875,0.499746875,0.499471875,0.49986796875,0.4994513671875,0.49996171875,0.499621875,0.4986544921875,0.49995,0.4997607421875,0.49982421875,0.4999294921875,0.49993671875,0.4999904296875,0.4998,0.4993875,0.49986796875,0.4998123046875,0.4995310546875,0.499971875,0.49999296875,0.4997326171875,0.4996875,0.4996716796875,0.49990546875,0.4996044921875,0.4997029296875,0.4981623046875,0.4994919921875,0.49958671875,0.4983107421875,0.4999294921875,0.49982421875,0.4999138671875,0.4998576171875,0.4983107421875,0.4994919921875,0.49971796875,0.49995,0.4998,0.4996875,0.4990701171875,0.499971875,0.4999998046875,0.49995,0.4995685546875,0.49875,0.49995,0.4999294921875,0.499471875,0.499971875,0.4999294921875,0.4993875,0.4996388671875,0.4999951171875,0.4992248046875,0.4999951171875,0.4998357421875,0.4995310546875,0.4999982421875,0.499621875,0.4999669921875,0.4998779296875,0.49977421875,0.4999951171875,0.4996044921875,0.4993201171875,0.49977421875,0.499921875,0.499971875,0.499996875,0.4992,0.499971875,0.4994091796875,0.499471875,0.4998,0.4999763671875,0.49995,0.4990701171875,0.49955,0.49965546875,0.49965546875,0.49990546875,0.4998875,0.499621875,0.4998123046875,0.4999875,0.49977421875,0.4999435546875,0.4998875,0.499846875,0.4999669921875,0.4999904296875,0.499471875,0.499471875,0.4998966796875,0.49904296875,0.4997326171875,0.4992248046875,0.4998123046875,0.49998046875,0.4998,0.499746875,0.499996875,0.4999669921875,0.4999669921875,0.4997607421875,0.4997326171875,0.49965546875,0.49943046875,0.4999951171875,0.4999951171875,0.4996875,0.4997607421875,0.4990701171875,0.499921875,0.49982421875,0.4998875,0.4992248046875,0.49990546875,0.4996044921875,0.4998875,0.499471875,0.49875,0.49999296875,0.4996716796875,0.4999294921875,0.49990546875,0.4997326171875,0.4999138671875,0.49958671875,0.4998576171875,0.49965546875,0.49958671875,0.4994919921875,0.4992248046875,0.4996875,0.49998046875,0.49868671875,0.49841796875,0.4999669921875,0.4998779296875,0.49904296875,0.499921875,0.4999138671875,0.4997607421875,0.4993201171875,0.49971796875,0.4999904296875,0.49977421875,0.499621875,0.4997873046875,0.499846875,0.49995,0.4994513671875,0.4991748046875,0.4997873046875,0.4999875,0.49827421875,0.4996875,0.4998779296875,0.4998966796875,0.4998,0.4986544921875,0.49914921875,0.4998779296875,0.4999294921875,0.49990546875,0.49971796875,0.49986796875,0.49986796875,0.4994091796875,0.4999294921875,0.4999669921875,0.49990546875,0.499621875,0.49951171875,0.499746875,0.4993875,0.4999763671875,0.4999669921875,0.4998123046875,0.4989875,0.4997029296875,0.4999763671875,0.49999921875,0.4999560546875,0.4999904296875,0.4995310546875,0.4990154296875,0.4999951171875,0.4998576171875,0.4997607421875,0.4998875,0.4980857421875,0.4996388671875,0.499971875,0.49971796875,0.4998966796875,0.499971875,0.49993671875,0.4999841796875,0.4999998046875,0.49993671875,0.499746875,0.4999875,0.49971796875,0.49996171875,0.4999998046875,0.499846875,0.4996388671875,0.4999560546875,0.4996388671875,0.499996875,0.4994919921875,0.49996171875,0.4992248046875,0.49965546875,0.4998576171875,0.4993875,0.49971796875,0.4999951171875,0.4997607421875,0.49841796875,0.499746875,0.4983107421875,0.49990546875,0.49982421875,0.4995310546875,0.49998046875,0.49955,0.49993671875,0.4976794921875,0.4996044921875,0.4987185546875,0.49996171875,0.49998046875,0.4999998046875,0.4992732421875,0.4999904296875,0.4988419921875,0.499621875,0.49951171875,0.4993654296875,0.4998576171875,0.4999982421875,0.4997326171875,0.4992732421875,0.4998576171875,0.4999294921875,0.499971875,0.49914921875,0.4998966796875,0.499971875,0.49998046875,0.4999841796875,0.4997873046875,0.49958671875,0.499971875,0.4998576171875,0.49993671875,0.49998046875,0.4978466796875,0.499621875,0.4995310546875,0.49958671875,0.499971875,0.4998,0.4995685546875,0.499971875,0.49986796875,0.49998046875,0.4998123046875,0.499621875,0.4984529296875,0.4995685546875,0.49982421875,0.499746875,0.4999435546875,0.4999763671875,0.4999138671875,0.4998779296875,0.4998966796875,0.4999435546875,0.4989591796875,0.4991232421875,0.4994091796875,0.4992732421875,0.49993671875,0.49893046875,0.4996875,0.4998123046875,0.4989013671875,0.4998966796875,0.4996388671875,0.499096875,0.49965546875,0.4998966796875,0.4999951171875,0.49999296875,0.4997029296875,0.4989591796875,0.49999921875,0.49982421875,0.4999763671875,0.4997326171875,0.4999669921875,0.499746875,0.4999763671875,0.49998046875,0.499996875,0.499746875,0.49951171875,0.4998357421875,0.49958671875,0.499471875,0.4989591796875,0.4999435546875,0.4995685546875,0.4999669921875,0.49990546875,0.49982421875,0.5,0.4995310546875,0.4999435546875,0.499996875,0.4999763671875,0.4998123046875,0.499621875,0.4996388671875,0.4997326171875,0.4998123046875,0.499971875,0.4996716796875,0.4996388671875,0.4991232421875,0.4980857421875,0.4991748046875,0.4998779296875,0.49955,0.4995685546875,0.49951171875,0.4999435546875,0.499971875,0.49995,0.49999921875,0.49990546875,0.49999296875,0.4998123046875,0.4972341796875,0.4998875,0.4995685546875,0.49855546875,0.4998357421875,0.4998357421875,0.4996716796875,0.499921875,0.49982421875,0.49958671875,0.4997607421875,0.49965546875,0.4996716796875,0.49943046875,0.49951171875,0.4997326171875,0.4999560546875,0.49934296875,0.499471875,0.49812421875,0.49986796875,0.4999294921875,0.499846875,0.49999921875,0.4991232421875,0.4999138671875,0.499971875,0.499996875,0.4999294921875,0.4999951171875,0.499996875,0.4984875,0.4999951171875,0.49990546875,0.49982421875,0.499921875,0.4998123046875,0.49999296875,0.49955,0.4999294921875,0.49996171875,0.49951171875,0.49999921875,0.4993875,0.4990154296875,0.4991748046875,0.499846875,0.499971875,0.49995,0.4997326171875,0.49982421875,0.49934296875,0.499621875,0.4998779296875,0.4998966796875,0.499846875,0.4991748046875,0.4996044921875,0.49986796875,0.499846875,0.4983826171875,0.49943046875,0.49999296875,0.4999841796875,0.499846875,0.499996875,0.4985888671875,0.4984529296875,0.498046875,0.4994091796875,0.4996716796875,0.4999294921875,0.498621875,0.499921875,0.49999921875,0.499996875,0.49986796875,0.4998357421875,0.499296875,0.499621875,0.4986544921875,0.49986796875,0.49998046875,0.4999875,0.49965546875,0.49995,0.4999841796875,0.4998123046875,0.499746875,0.49951171875,0.49965546875,0.4998123046875,0.4993875,0.49955,0.4997029296875,0.4998123046875,0.4999951171875,0.4992248046875,0.4999138671875,0.4999669921875,0.4998357421875,0.4999998046875,0.49999921875,0.49993671875,0.4991748046875,0.4999875,0.499846875,0.499846875,0.4991748046875,0.4994919921875,0.499971875,0.4999951171875,0.499971875,0.4999982421875,0.4999763671875,0.4996044921875,0.49998046875,0.49971796875,0.4991748046875,0.49999296875,0.49958671875,0.4999669921875,0.4995310546875,0.49995,0.4998357421875,0.4990154296875,0.49993671875,0.49998046875,0.4998875,0.49958671875,0.4999763671875,0.49999921875,0.499971875,0.499296875,0.499846875,0.4999904296875,0.49993671875,0.4999841796875,0.49934296875,0.4998576171875,0.4999138671875,0.4999763671875,0.4999982421875,0.49951171875,0.49982421875,0.4996716796875,0.4984875,0.4997873046875,0.4998123046875,0.499846875,0.4999904296875,0.4999763671875,0.49986796875,0.49995,0.49993671875,0.49943046875,0.499971875,0.49996171875,0.4993201171875,0.4984875,0.4990701171875,0.499971875,0.4998875,0.49999921875,0.4999982421875,0.4995685546875,0.4999138671875,0.4987810546875,0.4999841796875,0.4997029296875,0.4998875,0.4996716796875,0.49996171875,0.49951171875,0.4999841796875,0.49999921875,0.49995,0.49990546875,0.4998875,0.49689921875,0.4992,0.4999982421875,0.4996388671875,0.4999435546875,0.49993671875,0.499921875,0.49982421875,0.49965546875,0.49977421875,0.4999138671875,0.49951171875,0.49993671875,0.49982421875,0.49996171875,0.4998779296875,0.49904296875,0.499621875,0.4998875,0.4999982421875,0.499921875,0.4999904296875,0.4984875,0.4998779296875,0.49977421875
0.4998,0.4998779296875,0.499746875,0.49999296875,0.49934296875,0.4999138671875,0.4995685546875,0.499471875,0.49993671875,0.4999841796875,0.4999875,0.4987185546875,0.49998046875,0.4999998046875,0.4992732421875,0.4990701171875,0.4989875,0.4995685546875,0.49999296875,0.4995310546875,0.49996171875,0.49993671875,0.4999904296875,0.498621875,0.49986796875,0.4999138671875,0.4992248046875,0.4998779296875,0.4999951171875,0.49868671875,0.49993671875,0.499621875,0.4999294921875,0.499921875,0.49841796875,0.4998357421875,0.4996044921875,0.4983107421875,0.4997873046875,0.4991748046875,0.4999951171875,0.4999294921875,0.49999296875,0.49998046875,0.4996044921875,0.49951171875,0.4997873046875,0.49982421875,0.49982421875,0.4999998046875,0.499996875,0.49993671875,0.49971796875,0.4999982421875,0.499846875,0.4998576171875,0.4993654296875,0.49995,0.4999841796875,0.49993671875,0.49977421875,0.5,0.4991232421875,0.4998779296875,0.4999875,0.4999138671875,0.4999763671875,0.4998357421875,0.4999435546875,0.4999998046875,0.4993654296875,0.49965546875,0.4997029296875,0.4997326171875,0.4997326171875,0.4993875,0.49998046875,0.4997326171875,0.49998046875,0.4993201171875,0.499846875,0.49995,0.499471875,0.4998875,0.4998357421875,0.4992248046875,0.49996171875,0.4999138671875,0.499846875,0.499996875,0.4998576171875,0.499921875,0.4994091796875,0.4996044921875,0.499971875,0.49965546875,0.499996875,0.4983826171875,0.499996875,0.4999560546875,0.4997607421875,0.4999904296875,0.4998966796875,0.4994919921875,0.49995,0.49841796875,0.4997873046875,0.49986796875,0.49958671875,0.4999841796875,0.49904296875,0.4999875,0.4999138671875,0.499996875,0.49995,0.49977421875,0.49982421875,0.49955,0.4968498046875,0.4999294921875,0.499846875,0.4994091796875,0.4992248046875,0.49958671875,0.49924921875,0.498346875,0.4999982421875,0.4980076171875,0.49999296875,0.4998875,0.4995685546875,0.4999951171875,0.4996044921875,0.49971796875,0.4997326171875,0.4998875,0.4993654296875,0.4990154296875,0.49995,0.4995310546875,0.4999875,0.4998875,0.49971796875,0.4998123046875,0.4999560546875,0.4999982421875,0.4995685546875,0.499296875,0.4999951171875,0.4993654296875,0.4998779296875,0.4999951171875,0.49999296875,0.4999951171875,0.4999669921875,0.4998779296875,0.4999435546875,0.4996388671875,0.499846875,0.4996388671875,0.4996875,0.49999921875,0.4999951171875,0.49924921875,0.5,0.4998576171875,0.49986796875,0.4997873046875,0.5,0.4996044921875,0.4996875,0.49996171875,0.499921875,0.4999875,0.4999560546875,0.4999435546875,0.499746875,0.4997607421875,0.4999294921875,0.4994513671875,0.4999841796875,0.4999841796875,0.4998576171875,0.4999904296875,0.4999294921875,0.4999669921875,0.499471875,0.4971404296875,0.4998779296875,0.4999875,0.4971875,0.4999875,0.49924921875,0.4992248046875,0.4999294921875,0.4997607421875,0.4998875,0.4985888671875,0.4993875,0.4998966796875,0.499996875,0.4999560546875,0.49990546875,0.49943046875,0.4996875,0.4999138671875,0.49996171875,0.499471875,0.4996388671875,0.4999998046875,0.4999841796875,0.4999763671875,0.4993201171875,0.4999904296875,0.4992248046875,0.49995,0.49934296875,0.499996875,0.4999951171875,0.4993875,0.4996875,0.49990546875,0.49965546875,0.4993875,0.4991232421875,0.499921875,0.4993654296875,0.4973263671875,0.4999294921875,0.4997873046875,0.4990701171875,0.4997607421875,0.4991232421875,0.49990546875,0.4999998046875,0.499471875,0.49943046875,0.499846875,0.4999904296875,0.49999296875,0.4999560546875,0.4997029296875,0.4987810546875,0.4999875,0.4998123046875,0.4996044921875,0.49999921875,0.49868671875,0.4989875,0.4992732421875,0.499746875,0.4999982421875,0.49996171875,0.49924921875,0.499971875,0.49855546875,0.49990546875,0.49982421875,0.4997873046875,0.4999998046875,0.49977421875,0.4989591796875,0.4999294921875,0.499621875,0.4984875,0.49999921875,0.499746875,0.4994513671875,0.499096875,0.49943046875,0.4992732421875,0.49982421875,0.4998,0.499996875,0.4999875,0.499921875,0.4980857421875,0.499971875,0.4989013671875,0.49999921875,0.4999904296875,0.49977421875,0.4999875,0.4996716796875,0.4989591796875,0.4999763671875,0.49971796875,0.49965546875,0.499996875,0.4999138671875,0.4999669921875,0.49943046875,0.49955,0.4996044921875,0.49934296875,0.49965546875,0.49998046875,0.499471875,0.4999951171875,0.49958671875,0.49990546875,0.49995,0.4996388671875,0.4999951171875,0.49986796875,0.4999669921875,0.49993671875,0.4999904296875,0.4999435546875,0.49943046875,0.49971796875,0.4992,0.4998357421875,0.499746875,0.499296875,0.49999296875,0.4994091796875,0.497721875,0.4998966796875,0.499971875,0.49965546875,0.49990546875,0.4999138671875,0.4999951171875,0.499296875,0.4993201171875,0.4989875,0.4999138671875,0.4994091796875,0.49965546875,0.4998,0.4997326171875,0.4998966796875,0.49875,0.4999998046875,0.499746875,0.499971875,0.49982421875,0.4992248046875,0.499996875,0.498621875,0.49868671875,0.4994091796875,0.4999904296875,0.4995685546875,0.4992732421875,0.4995685546875,0.49958671875,0.4999763671875,0.5,0.4999294921875,0.49990546875,0.4988419921875,0.49993671875,0.4989013671875,0.499846875,0.4993201171875,0.4980076171875,0.4999998046875,0.4983107421875,0.4998123046875,0.49995,0.4999904296875,0.49965546875,0.4999875,0.4998779296875,0.49993671875,0.4994919921875,0.4997873046875,0.4998779296875,0.499921875,0.4996388671875,0.5,0.4997029296875,0.4999560546875,0.4997607421875,0.49955,0.4998875,0.499846875,0.4999951171875,0.49971796875,0.4998576171875,0.4994919921875,0.4999763671875,0.4999294921875,0.4995685546875,0.49993671875,0.4993875,0.49986796875,0.5,0.4999904296875,0.499296875,0.4998576171875,0.49996171875,0.4998576171875,0.49977421875,0.49943046875,0.4999763671875,0.4995310546875,0.4998357421875,0.4999560546875,0.49958671875,0.499621875,0.4999875,0.49951171875,0.49971796875,0.4977638671875,0.499971875,0.49993671875,0.4999982421875,0.4992248046875,0.49977421875,0.4994091796875,0.499096875,0.4998,0.4999951171875,0.4990154296875,0.4999560546875,0.49982421875,0.4990154296875,0.4999841796875,0.4999138671875,0.4998779296875,0.4993875,0.4997029296875,0.4993654296875,0.4998875,0.4999998046875,0.4999982421875,0.49971796875,0.49977421875,0.4999763671875,0.4998875,0.4999435546875,0.49977421875,0.4999560546875,0.4999138671875,0.4998576171875,0.4992,0.49914921875,0.499746875,0.4999982421875,0.4999841796875,0.49780546875,0.4996716796875,0.4995310546875,0.4996875,0.49780546875,0.4992248046875,0.49855546875,0.499971875,0.49998046875,0.49965546875,0.49982421875,0.4994091796875,0.4999982421875,0.4985888671875,0.49955,0.4998875,0.49965546875,0.4998875,0.4997607421875,0.4980076171875,0.49977421875,0.5,0.499471875,0.4994091796875,0.4998123046875,0.4999841796875,0.499921875,0.49977421875,0.49995,0.4978466796875,0.49999921875,0.49780546875,0.4991232421875,0.4999669921875,0.4995685546875,0.4999841796875,0.5,0.4996044921875,0.49958671875,0.4985888671875,0.499971875,0.4998966796875,0.4999560546875,0.49893046875,0.4997029296875,0.4996875,0.4996044921875,0.499746875,0.4997873046875,0.4997873046875,0.4987185546875,0.49955,0.49996171875,0.499746875,0.4993875,0.49995,0.4994919921875,0.4984875,0.49951171875,0.499296875,0.4999982421875,0.499971875,0.49971796875,0.499996875,0.499996875,0.49977421875,0.4994513671875,0.4997873046875,0.4998,0.4999669921875,0.4999669921875,0.4994513671875,0.4998779296875,0.49996171875,0.4999435546875,0.498621875,0.499996875,0.4992248046875,0.4997326171875,0.49996171875,0.4996388671875,0.4999294921875,0.49995,0.49951171875,0.499296875,0.499846875,0.49993671875,0.4998357421875,0.499921875,0.4991748046875,0.4999998046875,0.4998,0.499971875,0.4997873046875,0.4999982421875,0.4999982421875,0.499996875,0.49996171875,0.49986796875,0.4996716796875,0.4997607421875,0.4986544921875,0.49893046875,0.4999294921875,0.49999296875,0.499921875,0.4999763671875,0.4997873046875,0.499846875,0.49990546875,0.4993201171875,0.4992732421875,0.4999294921875,0.4996875,0.49998046875,0.4995310546875,0.5,0.49990546875,0.4991748046875,0.49996171875,0.4998779296875,0.49999921875,0.49914921875,0.4994513671875,0.49993671875,0.499971875,0.4980076171875,0.49955,0.49986796875,0.4999763671875,0.4997873046875,0.4999435546875,0.4995685546875,0.49982421875,0.4999435546875,0.4999138671875,0.499996875,0.49955,0.499296875,0.499471875,0.4998779296875,0.4996044921875,0.499296875,0.4980076171875,0.4999435546875,0.499621875,0.4999560546875,0.5,0.49958671875,0.4999951171875,0.4994919921875,0.4998,0.49990546875,0.4998966796875,0.4994091796875,0.49999296875,0.499296875,0.49965546875,0.49881171875,0.49914921875,0.49943046875,0.49965546875,0.4989875,0.4994919921875,0.499846875,0.499971875,0.49990546875,0.4990154296875,0.4986544921875,0.4992248046875,0.49998046875,0.4994091796875,0.4996044921875,0.4999294921875,0.4997873046875,0.49965546875,0.4993201171875,0.49993671875,0.4994513671875,0.4998,0.4996716796875,0.4997029296875,0.4995310546875,0.49982421875,0.4999951171875,0.498346875,0.4976794921875,0.4996044921875,0.4994091796875,0.4999669921875,0.49943046875,0.4999294921875,0.4999982421875,0.4993201171875,0.4998357421875,0.4999904296875,0.499746875,0.4999560546875,0.4987810546875,0.4996388671875,0.4997873046875,0.4994919921875,0.4999904296875,0.4999138671875,0.499471875,0.4992,0.49993671875,0.49986796875,0.4997607421875,0.4999138671875,0.4999951171875,0.49971796875,0.49958671875,0.4996044921875,0.4994513671875,0.4995310546875,0.4997029296875,0.4998875,0.49999921875,0.4993654296875,0.4998875,0.4999435546875,0.49965546875,0.4998357421875,0.4996716796875,0.49993671875,0.4999951171875,0.49951171875,0.499996875,0.498621875,0.499971875,0.4990154296875,0.4997873046875,0.4999294921875,0.4998875,0.49996171875,0.4988419921875,0.4998357421875,0.4996044921875,0.4997607421875,0.499471875,0.49998046875,0.4999138671875,0.4999435546875,0.49971796875,0.4999951171875,0.499296875,0.4989875,0.49990546875,0.4998875,0.49986796875,0.4997607421875,0.4999763671875,0.499996875,0.4999951171875,0.49827421875,0.4995685546875,0.49996171875,0.4997029296875,0.4994091796875,0.49934296875,0.4993654296875,0.49990546875,0.499846875,0.4996716796875,0.4999951171875,0.4967498046875,0.49982421875,0.49996171875,0.4991232421875,0.5,0.4993201171875,0.4999435546875,0.4996875,0.499971875,0.4998779296875,0.4997326171875,0.4999669921875,0.4982373046875,0.4998357421875,0.4994513671875,0.4998357421875,0.499996875,0.49998046875,0.4999763671875,0.4998123046875,0.4999982421875,0.49971796875,0.49827421875,0.4996044921875,0.4983107421875,0.4997029296875,0.4997029296875,0.4995310546875,0.4999435546875,0.49855546875,0.4994091796875,0.4999138671875,0.4992,0.4999875,0.4997607421875,0.499996875,0.4995685546875,0.49943046875,0.49990546875,0.4982373046875,0.4996388671875,0.499846875,0.49982421875,0.49943046875,0.4999560546875,0.4998779296875,0.499621875,0.4997607421875,0.49982421875,0.499846875,0.4997029296875,0.4975935546875,0.4990154296875,0.4999294921875,0.4992732421875,0.4998357421875,0.49904296875,0.4998779296875,0.4996716796875,0.4998966796875,0.4998,0.4998123046875,0.49999296875,0.4998357421875,0.4999669921875,0.5,0.4995310546875,0.4994513671875,0.49986796875,0.499921875,0.4998123046875,0.49914921875,0.4994091796875,0.4990701171875,0.4978875,0.49971796875,0.4998576171875,0.4999138671875,0.4982373046875,0.4994091796875,0.49986796875,0.4997029296875,0.4998966796875,0.4999998046875,0.4998123046875,0.4991748046875,0.4994513671875,0.499296875,0.49982421875,0.4998779296875,0.4986544921875,0.4996388671875,0.4980857421875,0.4998779296875,0.4999669921875,0.499746875,0.49982421875,0.4987810546875,0.49990546875,0.49955,0.4995685546875,0.49990546875,0.4988419921875,0.499996875,0.4997607421875,0.499746875,0.4989013671875,0.4999875,0.49993671875,0.4999951171875,0.499971875,0.4999435546875,0.49951171875,0.4995685546875,0.4998357421875,0.49996171875,0.49998046875,0.49934296875,0.4985216796875,0.499621875,0.499921875,0.49982421875,0.4999435546875,0.49728046875,0.4999951171875,0.498871875,0.4999560546875,0.49993671875,0.4986544921875,0.499971875,0.4999982421875,0.4985216796875,0.499096875,0.4997326171875,0.4999560546875,0.4999435546875,0.4998576171875,0.4993654296875,0.4989013671875,0.4997607421875,0.499621875,0.4998,0.4996044921875,0.49914921875,0.4989591796875,0.49999296875,0.49998046875,0.4983107421875,0.49999921875,0.49990546875,0.4999951171875,0.4999904296875,0.4999138671875,0.4997029296875,0.499746875,0.4985216796875,0.49893046875,0.49993671875,0.4999435546875,0.4983826171875,0.4998576171875,0.4999982421875,0.499746875,0.4992,0.4999904296875,0.4999904296875,0.499996875,0.4982373046875,0.4996388671875,0.4999904296875,0.4999904296875,0.49904296875,0.49982421875,0.4983107421875,0.49904296875,0.4992248046875,0.49812421875,0.4999294921875,0.499296875,0.4996875,0.49986796875,0.4994919921875,0.499846875,0.4999763671875,0.4996875,0.4997029296875,0.4999560546875,0.4999763671875,0.4996875,0.4998357421875,0.4999875,0.4990701171875,0.4999998046875,0.5,0.4995685546875,0.49893046875,0.4995310546875,0.49958671875,0.4999294921875,0.49999296875,0.499471875,0.4999294921875,0.4999763671875,0.4996044921875,0.4998576171875,0.4996388671875,0.4999904296875,0.49982421875,0.49943046875,0.49955,0.49998046875,0.4999763671875,0.49904296875,0.499996875,0.4999982421875,0.4996044921875,0.4996875,0.4999951171875,0.4998576171875,0.49999921875,0.49955,0.4993201171875,0.4999294921875,0.4999982421875,0.4998123046875,0.49993671875,0.4999294921875,0.49996171875,0.4998576171875,0.4999560546875,0.49796796875,0.4995685546875,0.4993654296875,0.49868671875,0.5,0.49986796875,0.4999951171875,0.499921875,0.4999904296875,0.4999875,0.49996171875,0.4997873046875,0.499296875,0.499846875,0.49990546875,0.4995310546875,0.4984875,0.4973263671875,0.4999435546875,0.4996044921875,0.4999138671875,0.4999294921875,0.49841796875,0.49965546875,0.49746171875,0.4999875,0.49996171875,0.4999669921875,0.4995685546875,0.49996171875,0.499921875,0.49982421875,0.4999904296875,0.49996171875,0.49995,0.4994919921875,0.49606171875,0.4999875,0.499846875,0.4998357421875,0.4998875,0.49999296875,0.4999875,0.4992,0.4997873046875,0.4998779296875,0.4999875,0.4999560546875,0.4999763671875,0.4999763671875,0.49893046875,0.499621875,0.49763671875,0.49971796875,0.4999560546875,0.4999982421875,0.4999998046875,0.4999841796875,0.499471875,0.4999875,0.4999560546875
0.4998875,0.49971796875,0.4999669921875,0.4999435546875,0.4982373046875,0.49995,0.4994919921875,0.49993671875,0.49999921875,0.49986796875,0.4992,0.499096875,0.4999560546875,0.499746875,0.4998,0.49855546875,0.4974169921875,0.4997029296875,0.4999951171875,0.4993654296875,0.4999138671875,0.499746875,0.49965546875,0.49951171875,0.4994919921875,0.4999982421875,0.4999138671875,0.49999296875,0.4999560546875,0.4974169921875,0.4998875,0.4991232421875,0.4998966796875,0.4999951171875,0.4995685546875,0.4999875,0.4992248046875,0.49924921875,0.4999998046875,0.4976794921875,0.49977421875,0.4999998046875,0.4999998046875,0.499971875,0.49999921875,0.4987185546875,0.4989591796875,0.49951171875,0.499996875,0.499621875,0.499921875,0.4999435546875,0.4999138671875,0.499621875,0.4999982421875,0.4999982421875,0.49977421875,0.4999560546875,0.499996875,0.499746875,0.49993671875,0.4999982421875,0.4994919921875,0.49977421875,0.499746875,0.49995,0.49999921875,0.4991748046875,0.4994919921875,0.4998576171875,0.49982421875,0.4999560546875,0.499846875,0.4998779296875,0.4996875,0.4989875,0.4999669921875,0.4998123046875,0.49914921875,0.4994919921875,0.499996875,0.5,0.4990154296875,0.4995310546875,0.49943046875,0.499846875,0.499971875,0.4993201171875,0.499746875,0.4998875,0.499996875,0.4993654296875,0.49914921875,0.4999982421875,0.4998123046875,0.4997326171875,0.4986544921875,0.4991748046875,0.4989013671875,0.499746875,0.4998,0.4998357421875,0.49914921875,0.4993201171875,0.49977421875,0.497721875,0.49986796875,0.4999875,0.499921875,0.4996716796875,0.4995310546875,0.4998,0.49996171875,0.4997873046875,0.4988419921875,0.499746875,0.499471875,0.498346875,0.4933875,0.4999904296875,0.4989013671875,0.49971796875,0.4992,0.4994513671875,0.4982,0.4982,0.4999763671875,0.4988419921875,0.4999435546875,0.4999294921875,0.4998966796875,0.499996875,0.4999998046875,0.49955,0.49999921875,0.498621875,0.4998779296875,0.499471875,0.49986796875,0.4990154296875,0.499971875,0.4994919921875,0.4992732421875,0.49999921875,0.4999982421875,0.4999904296875,0.4998,0.4990701171875,0.49996171875,0.4995685546875,0.4999841796875,0.4999951171875,0.49998046875,0.4999998046875,0.4994919921875,0.49993671875,0.49996171875,0.499746875,0.49982421875,0.49993671875,0.4993875,0.49986796875,0.4998779296875,0.4991232421875,0.499921875,0.499971875,0.499921875,0.499471875,0.4992,0.4993654296875,0.4998875,0.499996875,0.49999921875,0.49943046875,0.49995,0.49986796875,0.49893046875,0.4993654296875,0.4999435546875,0.4998875,0.4997873046875,0.499846875,0.49995,0.4994919921875,0.4998875,0.4995310546875,0.4994513671875,0.4974169921875,0.4994091796875,0.4998875,0.49780546875,0.4999841796875,0.4989013671875,0.4998779296875,0.499996875,0.49993671875,0.4994919921875,0.4981623046875,0.4991232421875,0.4999951171875,0.4999841796875,0.4993875,0.4996044921875,0.4983107421875,0.49995,0.4999904296875,0.499996875,0.4999904296875,0.4995310546875,0.49993671875,0.49996171875,0.4999982421875,0.4999435546875,0.4999435546875,0.4999951171875,0.4997873046875,0.4991748046875,0.4998875,0.4997607421875,0.4999841796875,0.4999875,0.4999763671875,0.4984875,0.49943046875,0.49951171875,0.4999951171875,0.4995685546875,0.496596875,0.49999296875,0.49999921875,0.49996171875,0.4997029296875,0.4989591796875,0.4998779296875,0.49977421875,0.499621875,0.4995310546875,0.499621875,0.4999904296875,0.4989591796875,0.49998046875,0.49998046875,0.4989013671875,0.49995,0.4998966796875,0.4990701171875,0.499296875,0.49934296875,0.499096875,0.4991748046875,0.4980076171875,0.4998576171875,0.4999560546875,0.49955,0.4999951171875,0.49487421875,0.49993671875,0.4992,0.4998357421875,0.49951171875,0.499996875,0.4989875,0.4997607421875,0.499621875,0.4997607421875,0.49999921875,0.4998,0.49904296875,0.4984875,0.4999841796875,0.4992248046875,0.4999998046875,0.49995,0.49982421875,0.4999875,0.4998357421875,0.49841796875,0.499846875,0.4989875,0.4999841796875,0.4998357421875,0.4988419921875,0.49881171875,0.49893046875,0.4989013671875,0.4997607421875,0.4999951171875,0.4997607421875,0.4997607421875,0.4997873046875,0.499746875,0.49904296875,0.49943046875,0.4998123046875,0.49955,0.49971796875,0.4996388671875,0.4997873046875,0.49971796875,0.4993201171875,0.4997326171875,0.499846875,0.4987185546875,0.4998576171875,0.49996171875,0.4999669921875,0.4997029296875,0.4998357421875,0.4999875,0.499996875,0.4982,0.4996716796875,0.4989013671875,0.4995685546875,0.4980857421875,0.4996388671875,0.4991232421875,0.4985888671875,0.49999296875,0.49995,0.4998966796875,0.4999998046875,0.4998123046875,0.4995685546875,0.4996044921875,0.4996875,0.49914921875,0.4999435546875,0.49990546875,0.4998966796875,0.4985216796875,0.49951171875,0.4994513671875,0.4989013671875,0.499971875,0.4997326171875,0.499921875,0.4995310546875,0.4993654296875,0.4995310546875,0.4998966796875,0.4963341796875,0.49924921875,0.4997607421875,0.4997873046875,0.49990546875,0.49999296875,0.4996388671875,0.4992248046875,0.499971875,0.49996171875,0.49982421875,0.49965546875,0.4999294921875,0.4989591796875,0.499996875,0.4983826171875,0.49827421875,0.49999296875,0.49914921875,0.49958671875,0.4997326171875,0.49999921875,0.4996388671875,0.4996716796875,0.4989591796875,0.4999951171875,0.4998,0.4996875,0.499846875,0.4999998046875,0.49999296875,0.499746875,0.49999296875,0.49990546875,0.4997873046875,0.49965546875,0.4992248046875,0.499996875,0.4998779296875,0.4997873046875,0.499971875,0.4987810546875,0.4996388671875,0.4999669921875,0.499971875,0.4998,0.49943046875,0.4997873046875,0.49982421875,0.49998046875,0.4990154296875,0.5,0.49958671875,0.4999904296875,0.4999982421875,0.4989591796875,0.4998,0.4987810546875,0.4997873046875,0.4989591796875,0.4999998046875,0.499621875,0.49995,0.499471875,0.49914921875,0.4973263671875,0.49955,0.4998357421875,0.4999435546875,0.4989591796875,0.4997326171875,0.4999560546875,0.4997326171875,0.49999921875,0.4997607421875,0.4993201171875,0.4996875,0.4999560546875,0.4970451171875,0.4999875,0.4997873046875,0.499971875,0.4995685546875,0.498871875,0.498871875,0.4999763671875,0.4996388671875,0.4999875,0.4996875,0.49993671875,0.4996875,0.49977421875,0.499971875,0.4991748046875,0.4999669921875,0.49986796875,0.4999294921875,0.4996044921875,0.49841796875,0.499921875,0.4999904296875,0.4996388671875,0.4991748046875,0.49951171875,0.499471875,0.49958671875,0.4970451171875,0.49904296875,0.49914921875,0.499996875,0.4997873046875,0.49995,0.4994091796875,0.4993654296875,0.4993654296875,0.4991748046875,0.49995,0.49965546875,0.4998123046875,0.4997326171875,0.49998046875,0.498621875,0.4995310546875,0.49986796875,0.4995685546875,0.49965546875,0.49995,0.49971796875,0.4999138671875,0.4993654296875,0.4999904296875,0.496996875,0.49996171875,0.498871875,0.4985216796875,0.4999982421875,0.4977638671875,0.4999982421875,0.49977421875,0.49943046875,0.49914921875,0.4958935546875,0.49998046875,0.4996875,0.499971875,0.49904296875,0.4996044921875,0.49982421875,0.4998576171875,0.4996044921875,0.49993671875,0.4997873046875,0.49827421875,0.4994091796875,0.499846875,0.4999875,0.4999138671875,0.4997873046875,0.4999982421875,0.4982,0.498871875,0.4999138671875,0.49999296875,0.49996171875,0.4983107421875,0.499996875,0.4999841796875,0.4999904296875,0.4998779296875,0.49999921875,0.4997607421875,0.49977421875,0.4991232421875,0.4980857421875,0.499296875,0.49995,0.4997326171875,0.4999904296875,0.49943046875,0.4990154296875,0.4999904296875,0.4999875,0.49977421875,0.4996716796875,0.49996171875,0.49812421875,0.4977638671875,0.4995310546875,0.4998966796875,0.499971875,0.4993654296875,0.4980076171875,0.4998357421875,0.499921875,0.49958671875,0.49993671875,0.4992732421875,0.499996875,0.4994919921875,0.4999875,0.499971875,0.4992732421875,0.4992732421875,0.4987810546875,0.496171875,0.4992732421875,0.4997873046875,0.49999921875,0.499471875,0.4998966796875,0.49965546875,0.499621875,0.499996875,0.499096875,0.49986796875,0.49881171875,0.4996044921875,0.49965546875,0.4998123046875,0.49977421875,0.4997873046875,0.4997873046875,0.49999921875,0.49977421875,0.4990154296875,0.49827421875,0.499921875,0.49999921875,0.4985888671875,0.4998966796875,0.4998779296875,0.4999138671875,0.4999435546875,0.4998966796875,0.499096875,0.4999998046875,0.4997873046875,0.499996875,0.49998046875,0.49958671875,0.4992732421875,0.4975935546875,0.499296875,0.4997029296875,0.4995310546875,0.4986544921875,0.4999294921875,0.4999138671875,0.4999904296875,0.4997873046875,0.4989875,0.4999998046875,0.4988419921875,0.49996171875,0.49996171875,0.499846875,0.498621875,0.4996044921875,0.4987810546875,0.4997873046875,0.4981623046875,0.49971796875,0.49999921875,0.4997326171875,0.499846875,0.4997326171875,0.499746875,0.49955,0.499746875,0.497721875,0.4979279296875,0.49999921875,0.499846875,0.499996875,0.4989591796875,0.49990546875,0.4999138671875,0.49914921875,0.499971875,0.49977421875,0.49893046875,0.4997029296875,0.49995,0.4996875,0.499746875,0.4992248046875,0.4997607421875,0.498046875,0.49381171875,0.499921875,0.4995685546875,0.4994513671875,0.498346875,0.4999669921875,0.4999875,0.499746875,0.4996388671875,0.49996171875,0.4996044921875,0.49955,0.499096875,0.4999138671875,0.49998046875,0.4999435546875,0.4994919921875,0.49990546875,0.4996388671875,0.49924921875,0.4999841796875,0.4997873046875,0.499471875,0.49999921875,0.49955,0.4999841796875,0.49999921875,0.4999904296875,0.4998779296875,0.4999138671875,0.4999951171875,0.4999841796875,0.4999841796875,0.4971404296875,0.4997326171875,0.4989013671875,0.49958671875,0.4992732421875,0.499746875,0.49986796875,0.4995685546875,0.4993654296875,0.4996716796875,0.4989591796875,0.49914921875,0.4989013671875,0.49990546875,0.4998779296875,0.4992248046875,0.49999921875,0.49934296875,0.4999904296875,0.49868671875,0.4989875,0.499296875,0.4999560546875,0.4999669921875,0.4999982421875,0.49999921875,0.49999296875,0.499096875,0.498621875,0.499971875,0.49996171875,0.4996044921875,0.499921875,0.4998966796875,0.4998,0.499996875,0.49649296875,0.4999435546875,0.4998576171875,0.49971796875,0.4983107421875,0.49881171875,0.497721875,0.499846875,0.4999982421875,0.49971796875,0.4989591796875,0.495246875,0.4999294921875,0.49998046875,0.4998357421875,0.4998576171875,0.4996875,0.4998966796875,0.499996875,0.4999669921875,0.4999560546875,0.499921875,0.49993671875,0.4995685546875,0.4999435546875,0.49999921875,0.4994919921875,0.4998,0.4999294921875,0.4999560546875,0.4996044921875,0.4999841796875,0.49995,0.49763671875,0.498871875,0.499096875,0.49995,0.4997029296875,0.49868671875,0.499746875,0.49875,0.4998779296875,0.49998046875,0.4991232421875,0.4999560546875,0.4995310546875,0.49982421875,0.4992248046875,0.4992732421875,0.4996388671875,0.49924921875,0.4995685546875,0.4998123046875,0.4989875,0.4999998046875,0.499746875,0.4998357421875,0.4989013671875,0.4999763671875,0.499471875,0.4995685546875,0.4999998046875,0.4978875,0.4995310546875,0.499971875,0.498871875,0.49990546875,0.49855546875,0.49977421875,0.4994513671875,0.4998,0.49977421875,0.4998,0.4999435546875,0.49998046875,0.49998046875,0.5,0.49914921875,0.4989013671875,0.49924921875,0.5,0.4998966796875,0.498871875,0.4992732421875,0.499921875,0.499621875,0.49982421875,0.49999921875,0.49958671875,0.4982373046875,0.4987185546875,0.4998576171875,0.49998046875,0.4998,0.4999951171875,0.4999904296875,0.49999921875,0.498621875,0.4983826171875,0.4999875,0.49971796875,0.4977638671875,0.4985888671875,0.4990701171875,0.5,0.499921875,0.49999921875,0.4993654296875,0.4989591796875,0.4999138671875,0.49904296875,0.49943046875,0.49996171875,0.49875,0.499971875,0.4998576171875,0.4996875,0.499296875,0.4999904296875,0.4999294921875,0.49999921875,0.49996171875,0.4998357421875,0.49995,0.4997873046875,0.4997873046875,0.4998357421875,0.4996716796875,0.49982421875,0.49669921875,0.4999560546875,0.49982421875,0.4999763671875,0.4994919921875,0.49796796875,0.49986796875,0.49982421875,0.499996875,0.4999560546875,0.49868671875,0.4999841796875,0.49995,0.4988419921875,0.4999294921875,0.49999296875,0.4996716796875,0.4988419921875,0.499846875,0.4999951171875,0.4995310546875,0.4998966796875,0.499846875,0.4999138671875,0.49990546875,0.497371875,0.4991748046875,0.4996716796875,0.4999982421875,0.4971404296875,0.4996716796875,0.4997029296875,0.4999904296875,0.49990546875,0.49995,0.49990546875,0.4999841796875,0.4982,0.4993201171875,0.49999921875,0.4999841796875,0.49875,0.4998875,0.4997607421875,0.49904296875,0.4998966796875,0.499971875,0.4990154296875,0.4999875,0.4990154296875,0.49982421875,0.499996875,0.4999951171875,0.4989591796875,0.4999841796875,0.4994091796875,0.4994919921875,0.4994919921875,0.4975935546875,0.4999435546875,0.49982421875,0.4995685546875,0.49999921875,0.49995,0.4997029296875,0.4994513671875,0.4995310546875,0.4998966796875,0.4989013671875,0.49996171875,0.4995685546875,0.4996044921875,0.499971875,0.4990701171875,0.49971796875,0.4999841796875,0.4999294921875,0.4985888671875,0.49934296875,0.49990546875,0.49951171875,0.4999904296875,0.49998046875,0.49995,0.49999296875,0.4992248046875,0.4998576171875,0.4999982421875,0.4999982421875,0.49958671875,0.49955,0.4986544921875,0.498871875,0.49999296875,0.49924921875,0.4998123046875,0.49990546875,0.49986796875,0.4999982421875,0.4993875,0.4999560546875,0.49990546875,0.499621875,0.4999560546875,0.4995310546875,0.49999921875,0.4997326171875,0.49943046875,0.4999841796875,0.4999763671875,0.4996716796875,0.49996171875,0.4993875,0.499471875,0.499846875,0.4978875,0.4999875,0.4998875,0.4999875,0.4999998046875,0.499746875,0.49971796875,0.4994513671875,0.4999560546875,0.4985216796875,0.49998046875,0.4999138671875,0.49812421875,0.498621875,0.49728046875,0.499621875,0.499471875,0.4999904296875,0.4998123046875,0.4982373046875,0.499971875,0.4987810546875,0.4999763671875,0.499971875,0.4997029296875,0.4999982421875,0.4991232421875,0.49943046875,0.4997029296875,0.4998576171875,0.4997029296875,0.49993671875,0.49868671875,0.4950623046875,0.49996171875,0.4998,0.49977421875,0.49993671875,0.499996875,0.4999435546875,0.4984875,0.49999296875,0.4998875,0.499921875,0.4998357421875,0.49996171875,0.4999138671875,0.4984529296875,0.49955,0.4996388671875,0.499746875,0.499971875,0.499971875,0.4998966796875,0.4997607421875,0.49924921875,0.49958671875,0.4998779296875
0.499846875,0.4992,0.499921875,0.49993671875,0.49875,0.4999951171875,0.499296875,0.4999875,0.4999560546875,0.4999875,0.49924921875,0.4991748046875,0.4998357421875,0.4996044921875,0.4993654296875,0.4999763671875,0.49689921875,0.49998046875,0.4998779296875,0.499921875,0.4996716796875,0.49855546875,0.4996716796875,0.4999669921875,0.49996171875,0.49977421875,0.49971796875,0.4996875,0.4994919921875,0.4968498046875,0.4999669921875,0.4996875,0.49943046875,0.4997607421875,0.4981623046875,0.4992,0.4994513671875,0.49924921875,0.49990546875,0.4993201171875,0.4999435546875,0.49965546875,0.49999296875,0.4999763671875,0.4999982421875,0.4980857421875,0.4991232421875,0.4995310546875,0.4999138671875,0.49904296875,0.4998357421875,0.49986796875,0.4999669921875,0.4994513671875,0.499921875,0.4997326171875,0.4997873046875,0.49996171875,0.49996171875,0.49986796875,0.4999435546875,0.499971875,0.4996044921875,0.4998357421875,0.4997607421875,0.4998966796875,0.49998046875,0.49924921875,0.4999669921875,0.49999296875,0.49995,0.49999296875,0.49990546875,0.499746875,0.4999982421875,0.49982421875,0.4997029296875,0.49893046875,0.4998966796875,0.4999951171875,0.49999921875,0.4985888671875,0.4982373046875,0.49971796875,0.49955,0.49998046875,0.4999138671875,0.49943046875,0.49993671875,0.4984529296875,0.49995,0.4999904296875,0.49965546875,0.499996875,0.4998779296875,0.4998123046875,0.4993654296875,0.4999841796875,0.498871875,0.4999669921875,0.4997326171875,0.49995,0.4997607421875,0.4990701171875,0.49977421875,0.4975060546875,0.4998357421875,0.49996171875,0.49943046875,0.4989591796875,0.49875,0.4992732421875,0.499746875,0.4998,0.4994513671875,0.49996171875,0.49982421875,0.49855546875,0.4924201171875,0.4998357421875,0.4999669921875,0.4999841796875,0.4986544921875,0.4998576171875,0.4968,0.4970451171875,0.49982421875,0.499746875,0.4998779296875,0.4995685546875,0.4999435546875,0.499996875,0.499921875,0.4991748046875,0.499846875,0.499471875,0.499746875,0.49904296875,0.49955,0.499846875,0.499971875,0.49990546875,0.499971875,0.4998576171875,0.49993671875,0.49990546875,0.4999294921875,0.49943046875,0.49986796875,0.49855546875,0.49982421875,0.4998875,0.49990546875,0.4999982421875,0.49951171875,0.49924921875,0.499996875,0.49868671875,0.499296875,0.4999982421875,0.4999560546875,0.4999294921875,0.49868671875,0.4999435546875,0.4999435546875,0.4999669921875,0.499096875,0.4992248046875,0.4996388671875,0.499971875,0.4998779296875,0.4994091796875,0.4999435546875,0.4996044921875,0.4999998046875,0.49999296875,0.498871875,0.4993201171875,0.4999435546875,0.4996044921875,0.4999138671875,0.49993671875,0.4999951171875,0.49893046875,0.4998,0.4999904296875,0.4999669921875,0.49583671875,0.4993201171875,0.4998576171875,0.495721875,0.5,0.4983826171875,0.4996875,0.5,0.4999763671875,0.49999296875,0.4981623046875,0.49993671875,0.4998875,0.4999763671875,0.4986544921875,0.49951171875,0.49763671875,0.49990546875,0.4999763671875,0.4999998046875,0.4989013671875,0.4986544921875,0.4998357421875,0.4997029296875,0.4999841796875,0.4991232421875,0.49958671875,0.4999951171875,0.49998046875,0.4997326171875,0.499971875,0.4996044921875,0.4999669921875,0.4999435546875,0.4999951171875,0.499471875,0.4999294921875,0.4989591796875,0.4999841796875,0.49982421875,0.4994919921875,0.49904296875,0.49999296875,0.49998046875,0.49999296875,0.4995310546875,0.4990154296875,0.4999982421875,0.4986544921875,0.4979279296875,0.499921875,0.49999921875,0.499471875,0.4999138671875,0.499921875,0.49606171875,0.4999435546875,0.49986796875,0.49875,0.49893046875,0.4975060546875,0.4997873046875,0.4984529296875,0.4994091796875,0.4999138671875,0.49924921875,0.4999982421875,0.499996875,0.4955466796875,0.4999951171875,0.4996716796875,0.499621875,0.4987185546875,0.49958671875,0.49881171875,0.4999875,0.49990546875,0.4999138671875,0.49934296875,0.49971796875,0.4996044921875,0.4983826171875,0.4994919921875,0.4987810546875,0.49998046875,0.499471875,0.4997607421875,0.4989013671875,0.499921875,0.4987810546875,0.49904296875,0.4982,0.4999904296875,0.49893046875,0.4994919921875,0.4975060546875,0.49875,0.498046875,0.49958671875,0.499846875,0.4999998046875,0.4989591796875,0.49855546875,0.49965546875,0.4992,0.4997607421875,0.49990546875,0.4995685546875,0.499921875,0.49993671875,0.49977421875,0.4999435546875,0.4998875,0.4991232421875,0.4998779296875,0.49881171875,0.49990546875,0.4999669921875,0.49995,0.49993671875,0.49996171875,0.4997029296875,0.4999560546875,0.499621875,0.49958671875,0.4982373046875,0.49827421875,0.4985888671875,0.49934296875,0.4989013671875,0.4993654296875,0.49958671875,0.499296875,0.4999875,0.49993671875,0.4996388671875,0.49971796875,0.4999904296875,0.49998046875,0.4992732421875,0.49999921875,0.4996388671875,0.49986796875,0.49855546875,0.4993201171875,0.4999294921875,0.4994091796875,0.499746875,0.4997029296875,0.4998875,0.49934296875,0.499471875,0.499971875,0.499996875,0.4981623046875,0.499971875,0.4999841796875,0.4999982421875,0.4998576171875,0.4998875,0.49996171875,0.4999951171875,0.4998779296875,0.4998779296875,0.499846875,0.49924921875,0.499846875,0.4995310546875,0.4999435546875,0.4976794921875,0.49812421875,0.4996875,0.498346875,0.498046875,0.49990546875,0.4999294921875,0.4965451171875,0.499746875,0.4987185546875,0.4996716796875,0.4999841796875,0.4982,0.4993201171875,0.4999763671875,0.4987810546875,0.49998046875,0.49999296875,0.49951171875,0.49982421875,0.4994919921875,0.49971796875,0.4999998046875,0.4999669921875,0.49855546875,0.4997326171875,0.4985216796875,0.4997607421875,0.499621875,0.4999435546875,0.4998875,0.49965546875,0.4999435546875,0.4999998046875,0.4999982421875,0.49971796875,0.4999982421875,0.4999560546875,0.4999138671875,0.4999669921875,0.4989591796875,0.4999904296875,0.4990154296875,0.5,0.49746171875,0.4998357421875,0.4995685546875,0.4998123046875,0.4990701171875,0.4993654296875,0.4954279296875,0.5,0.49855546875,0.49990546875,0.4999294921875,0.49998046875,0.499921875,0.4999904296875,0.499296875,0.499971875,0.499971875,0.49943046875,0.49982421875,0.4963341796875,0.49995,0.49955,0.4999982421875,0.4992248046875,0.4989591796875,0.4995310546875,0.49995,0.49924921875,0.49993671875,0.4995310546875,0.4992732421875,0.4998779296875,0.49999921875,0.4999998046875,0.4996875,0.49999296875,0.4999560546875,0.4999904296875,0.4987810546875,0.4991748046875,0.4995685546875,0.4999841796875,0.4998576171875,0.4989591796875,0.499971875,0.499971875,0.498871875,0.497371875,0.49875,0.4994513671875,0.4999763671875,0.4999560546875,0.4994091796875,0.4995685546875,0.49996171875,0.4999294921875,0.49990546875,0.4999951171875,0.49982421875,0.4998966796875,0.4998875,0.49951171875,0.499096875,0.4996044921875,0.499621875,0.49827421875,0.4996388671875,0.4989591796875,0.49998046875,0.49977421875,0.4997029296875,0.49998046875,0.4987810546875,0.4999294921875,0.49955,0.4981623046875,0.49999921875,0.4984875,0.4994091796875,0.4999875,0.4989013671875,0.499746875,0.49649296875,0.4999841796875,0.4999951171875,0.4994091796875,0.49881171875,0.4998875,0.49971796875,0.49986796875,0.4978466796875,0.4994513671875,0.49977421875,0.4965451171875,0.49986796875,0.499996875,0.49955,0.49971796875,0.4996875,0.49999296875,0.4984529296875,0.49958671875,0.4996875,0.49996171875,0.4999560546875,0.49958671875,0.4991748046875,0.49999296875,0.4996044921875,0.49977421875,0.4997607421875,0.4980076171875,0.49971796875,0.49868671875,0.4981623046875,0.499746875,0.4999982421875,0.49990546875,0.4999669921875,0.4999998046875,0.4975935546875,0.4999904296875,0.4999982421875,0.4997607421875,0.4999435546875,0.4993201171875,0.499096875,0.4975935546875,0.49971796875,0.499846875,0.499971875,0.4996388671875,0.4992,0.5,0.4996388671875,0.4999435546875,0.49868671875,0.4957794921875,0.499996875,0.4992732421875,0.499846875,0.49990546875,0.4989875,0.4992248046875,0.498871875,0.4990154296875,0.49951171875,0.499746875,0.49999296875,0.4994513671875,0.49996171875,0.4989875,0.4999294921875,0.49999921875,0.4990701171875,0.4996716796875,0.4983826171875,0.4999998046875,0.49995,0.4998576171875,0.49955,0.4998357421875,0.4997029296875,0.49998046875,0.49998046875,0.49924921875,0.49827421875,0.499996875,0.49990546875,0.4963875,0.499971875,0.4999294921875,0.499996875,0.4999138671875,0.49990546875,0.4993654296875,0.4998357421875,0.49982421875,0.499996875,0.49982421875,0.4999669921875,0.499296875,0.4991748046875,0.4999669921875,0.499621875,0.49958671875,0.4983826171875,0.4999951171875,0.4996044921875,0.49982421875,0.49914921875,0.4988419921875,0.4991748046875,0.4969482421875,0.49993671875,0.5,0.49924921875,0.4976794921875,0.49958671875,0.4989875,0.4999763671875,0.4981623046875,0.49977421875,0.49998046875,0.4992248046875,0.4999560546875,0.498871875,0.4998875,0.4999998046875,0.499996875,0.4955466796875,0.498871875,0.4999904296875,0.4998966796875,0.4996875,0.4992,0.49914921875,0.4999138671875,0.49841796875,0.4997607421875,0.4994513671875,0.4977638671875,0.49914921875,0.4996388671875,0.4994091796875,0.49999296875,0.4998123046875,0.4992732421875,0.49763671875,0.496171875,0.49990546875,0.4999904296875,0.4999998046875,0.49881171875,0.4990154296875,0.4998123046875,0.49934296875,0.4996388671875,0.4999294921875,0.4994513671875,0.4986544921875,0.49958671875,0.4997326171875,0.4999998046875,0.4994919921875,0.49986796875,0.4999841796875,0.4999294921875,0.499471875,0.4999951171875,0.499996875,0.499746875,0.49999296875,0.49934296875,0.4999951171875,0.49982421875,0.4998779296875,0.4999560546875,0.49965546875,0.499996875,0.4997873046875,0.4994091796875,0.4970451171875,0.49914921875,0.4993201171875,0.4997607421875,0.499471875,0.499846875,0.49995,0.4992732421875,0.4984529296875,0.4996716796875,0.4983107421875,0.4996875,0.49943046875,0.4999982421875,0.4993654296875,0.499471875,0.4998576171875,0.49914921875,0.4998966796875,0.4990701171875,0.4998576171875,0.49855546875,0.4999435546875,0.4993654296875,0.4999763671875,0.4999435546875,0.4999982421875,0.4989013671875,0.49924921875,0.4997326171875,0.49986796875,0.49881171875,0.49982421875,0.4998966796875,0.4998357421875,0.49995,0.49796796875,0.4999763671875,0.4999875,0.499471875,0.4977638671875,0.4993875,0.4976794921875,0.4999998046875,0.499846875,0.499996875,0.4997607421875,0.4954279296875,0.4998875,0.4999951171875,0.4998875,0.4990154296875,0.49924921875,0.4998576171875,0.4998779296875,0.499971875,0.499971875,0.49943046875,0.4999669921875,0.4984875,0.4999763671875,0.4996716796875,0.4993654296875,0.4998875,0.4996044921875,0.49990546875,0.498046875,0.4993875,0.4999951171875,0.4992248046875,0.4998,0.4990154296875,0.49977421875,0.49951171875,0.4974169921875,0.49841796875,0.4987810546875,0.4996388671875,0.4999998046875,0.49924921875,0.4997873046875,0.499746875,0.499846875,0.4980857421875,0.4994919921875,0.49951171875,0.4992248046875,0.4982,0.499921875,0.4998,0.499996875,0.4996875,0.49996171875,0.4995685546875,0.49999296875,0.49904296875,0.49993671875,0.4999669921875,0.496996875,0.4993201171875,0.499996875,0.499096875,0.499971875,0.4995685546875,0.49999296875,0.4994091796875,0.4998966796875,0.499746875,0.4971404296875,0.4998576171875,0.49999296875,0.4998966796875,0.49986796875,0.4990701171875,0.4985216796875,0.49955,0.4999669921875,0.4996875,0.4994513671875,0.49855546875,0.4993201171875,0.49934296875,0.49977421875,0.4999435546875,0.49996171875,0.4968498046875,0.4994919921875,0.499621875,0.499921875,0.4991232421875,0.4998357421875,0.4999669921875,0.4992,0.49755,0.4990154296875,0.49993671875,0.499921875,0.49746171875,0.4991748046875,0.49868671875,0.4995310546875,0.49986796875,0.4998123046875,0.4992248046875,0.499746875,0.4999435546875,0.4987810546875,0.4987185546875,0.4999294921875,0.4987185546875,0.49955,0.4998357421875,0.499846875,0.4991232421875,0.4998576171875,0.499921875,0.4999998046875,0.4998,0.4999138671875,0.4998357421875,0.4991232421875,0.4997029296875,0.49998046875,0.4999998046875,0.49965546875,0.49606171875,0.4999763671875,0.499746875,0.49986796875,0.49977421875,0.49951171875,0.4999904296875,0.499621875,0.4992248046875,0.5,0.4978466796875,0.4996716796875,0.49934296875,0.49958671875,0.4999560546875,0.4999669921875,0.4999951171875,0.49934296875,0.4999904296875,0.4999138671875,0.4991748046875,0.499096875,0.4999875,0.4999998046875,0.4997607421875,0.4992732421875,0.499746875,0.4999904296875,0.49998046875,0.4962263671875,0.4999875,0.4998966796875,0.49999921875,0.4997607421875,0.4993654296875,0.4993201171875,0.4999435546875,0.49812421875,0.4999998046875,0.49990546875,0.4994919921875,0.49461796875,0.4999669921875,0.4998123046875,0.4993875,0.499621875,0.4998,0.4982373046875,0.49971796875,0.4994091796875,0.499996875,0.4998123046875,0.4999669921875,0.4987810546875,0.4999435546875,0.49982421875,0.49965546875,0.49986796875,0.4974169921875,0.499971875,0.499996875,0.4999294921875,0.49995,0.499846875,0.4999294921875,0.4995685546875,0.4996875,0.49868671875,0.49955,0.49999296875,0.4999951171875,0.4992732421875,0.49951171875,0.4975060546875,0.4998,0.4997029296875,0.4997326171875,0.4983107421875,0.4998779296875,0.499846875,0.4998123046875,0.499996875,0.49996171875,0.4999982421875,0.49998046875,0.4989591796875,0.49904296875,0.4999669921875,0.49993671875,0.4999763671875,0.4992248046875,0.49875,0.49996171875,0.4999998046875,0.4987810546875,0.4997873046875,0.4999998046875,0.4999435546875,0.49998046875,0.4994513671875,0.4997326171875,0.49999921875,0.49986796875,0.4998357421875,0.49958671875,0.49943046875,0.4999560546875,0.4989591796875,0.4999560546875,0.4993654296875,0.4999904296875,0.49965546875,0.4992732421875,0.4998,0.4998779296875,0.49755,0.4999875,0.4998875,0.499471875,0.4999982421875,0.4990154296875,0.499746875,0.4998357421875,0.499846875,0.49780546875,0.4996388671875,0.4999904296875,0.4975060546875,0.49855546875,0.4983107421875,0.499096875,0.49986796875,0.4999998046875,0.49993671875,0.4997873046875,0.49990546875,0.4981623046875,0.4997873046875,0.49986796875,0.4997029296875,0.4999998046875,0.4987185546875,0.49971796875,0.4997029296875,0.4999998046875,0.49958671875,0.49998046875,0.4987185546875,0.49669921875,0.4999435546875,0.4997029296875,0.49951171875,0.4999763671875,0.4994919921875,0.499996875,0.4990701171875,0.5,0.4998966796875,0.4994919921875,0.49934296875,0.49999296875,0.49993671875,0.4989875,0.4999951171875,0.4992248046875,0.4997607421875,0.4999841796875,0.4998357421875,0.4997873046875,0.49982421875,0.498871875,0.4990154296875,0.4997873046875
0.4998,0.49881171875,0.4994919921875,0.4999998046875,0.4978875,0.4998357421875,0.497721875,0.4999982421875,0.49999296875,0.4999841796875,0.4992,0.49951171875,0.499296875,0.4999904296875,0.49995,0.49977421875,0.495721875,0.49996171875,0.499846875,0.4999294921875,0.49971796875,0.49904296875,0.49986796875,0.4997873046875,0.4999560546875,0.499971875,0.49965546875,0.4992248046875,0.49965546875,0.4987810546875,0.49904296875,0.49982421875,0.49924921875,0.49996171875,0.49875,0.4998576171875,0.4993654296875,0.4983107421875,0.4996044921875,0.49934296875,0.49998046875,0.4998966796875,0.4997607421875,0.4994513671875,0.4998123046875,0.4970451171875,0.49868671875,0.4997607421875,0.4999875,0.4999841796875,0.499921875,0.4992248046875,0.49999921875,0.4991748046875,0.499921875,0.499746875,0.4999875,0.49998046875,0.4998966796875,0.49998046875,0.49893046875,0.4999982421875,0.4999998046875,0.4998,0.4994919921875,0.4997326171875,0.499996875,0.4982,0.4993201171875,0.4997326171875,0.4999294921875,0.49996171875,0.49993671875,0.4999904296875,0.4998875,0.4999138671875,0.4997873046875,0.4968498046875,0.4994513671875,0.499846875,0.4999904296875,0.49965546875,0.4992732421875,0.4984875,0.4993654296875,0.5,0.49971796875,0.4996388671875,0.4993875,0.4997873046875,0.4999998046875,0.499996875,0.4995310546875,0.49999921875,0.499996875,0.4994513671875,0.4976794921875,0.4999951171875,0.4973263671875,0.4999294921875,0.49995,0.4996388671875,0.49965546875,0.49971796875,0.4997029296875,0.49755,0.4998123046875,0.499996875,0.4996716796875,0.4991748046875,0.4985888671875,0.499621875,0.4998576171875,0.4994513671875,0.4983826171875,0.4998,0.4999982421875,0.4998123046875,0.4921091796875,0.4999841796875,0.4995310546875,0.49999921875,0.498046875,0.4998779296875,0.4955466796875,0.49763671875,0.4999435546875,0.49995,0.4994919921875,0.4996875,0.499996875,0.4999669921875,0.4993654296875,0.49955,0.49977421875,0.49971796875,0.499996875,0.4992,0.4986544921875,0.49977421875,0.49958671875,0.4996044921875,0.49993671875,0.49881171875,0.49996171875,0.4999982421875,0.4996044921875,0.4999560546875,0.4998779296875,0.4989875,0.4999435546875,0.4999669921875,0.4996716796875,0.49999921875,0.4982,0.4992248046875,0.4999435546875,0.4985216796875,0.4982373046875,0.4996716796875,0.4999294921875,0.4998779296875,0.4998357421875,0.49999921875,0.4999669921875,0.4996875,0.49977421875,0.4992,0.4991232421875,0.499971875,0.4994919921875,0.4999560546875,0.4998576171875,0.49977421875,0.49982421875,0.499971875,0.49827421875,0.49958671875,0.4996716796875,0.4989013671875,0.4998779296875,0.49993671875,0.499846875,0.49904296875,0.4996716796875,0.4999669921875,0.4999138671875,0.4967498046875,0.4987810546875,0.4999560546875,0.49649296875,0.4998779296875,0.499296875,0.49965546875,0.4999138671875,0.49995,0.49993671875,0.49893046875,0.4993654296875,0.49943046875,0.4999904296875,0.49812421875,0.4998779296875,0.4960060546875,0.4996875,0.49986796875,0.4999435546875,0.4987810546875,0.49914921875,0.49995,0.4998,0.4999875,0.4997326171875,0.499996875,0.4999560546875,0.4999982421875,0.499296875,0.49971796875,0.4998,0.4992,0.49999296875,0.499846875,0.49827421875,0.4999998046875,0.4980076171875,0.49914921875,0.49904296875,0.4983826171875,0.498871875,0.49999921875,0.4999435546875,0.4998875,0.498871875,0.49958671875,0.49998046875,0.49827421875,0.4990154296875,0.4998966796875,0.4998357421875,0.4999982421875,0.4997873046875,0.4994919921875,0.4981623046875,0.4999138671875,0.4998875,0.4956638671875,0.4997326171875,0.4975935546875,0.49996171875,0.49649296875,0.4991748046875,0.499746875,0.49904296875,0.4993654296875,0.499996875,0.49669921875,0.49998046875,0.499746875,0.4999435546875,0.4969482421875,0.4995310546875,0.49746171875,0.49986796875,0.4999841796875,0.4998966796875,0.499621875,0.49999296875,0.4999560546875,0.4993654296875,0.49943046875,0.4993875,0.49924921875,0.4993201171875,0.4997029296875,0.49982421875,0.4999951171875,0.4994513671875,0.4997873046875,0.4982373046875,0.4999904296875,0.499621875,0.499971875,0.498346875,0.49951171875,0.499471875,0.4999435546875,0.499996875,0.4999875,0.4984529296875,0.4990154296875,0.4997607421875,0.4998779296875,0.49993671875,0.4999763671875,0.499971875,0.4999904296875,0.4999138671875,0.49999296875,0.4999669921875,0.4999875,0.4997326171875,0.49996171875,0.4998875,0.4981623046875,0.4999138671875,0.5,0.49971796875,0.49999921875,0.49998046875,0.4999841796875,0.49995,0.4997029296875,0.4989591796875,0.4984529296875,0.497721875,0.4998875,0.49958671875,0.49746171875,0.49982421875,0.499096875,0.4996044921875,0.4999841796875,0.49971796875,0.4989875,0.4999669921875,0.4999763671875,0.4999669921875,0.4999763671875,0.49977421875,0.4999904296875,0.49755,0.4987810546875,0.4999875,0.4994513671875,0.499746875,0.4992248046875,0.49977421875,0.4990701171875,0.49971796875,0.4999763671875,0.4999763671875,0.4986544921875,0.4999982421875,0.4996388671875,0.4998357421875,0.49986796875,0.4994091796875,0.4998875,0.4998779296875,0.49965546875,0.4997607421875,0.49982421875,0.4990701171875,0.4999560546875,0.4971404296875,0.4998875,0.4969482421875,0.4981623046875,0.4999951171875,0.4981623046875,0.4980076171875,0.4994513671875,0.49965546875,0.4998875,0.4997029296875,0.4989591796875,0.4992732421875,0.4999669921875,0.49999921875,0.499996875,0.499921875,0.4992,0.4994513671875,0.49995,0.4998779296875,0.4994091796875,0.4999904296875,0.4998123046875,0.4997607421875,0.4997873046875,0.49827421875,0.49996171875,0.4986544921875,0.4999904296875,0.4997873046875,0.499846875,0.4994513671875,0.49951171875,0.4999435546875,0.4999435546875,0.499621875,0.4996388671875,0.49998046875,0.4999138671875,0.49990546875,0.49999921875,0.4980857421875,0.49993671875,0.498346875,0.49996171875,0.4980076171875,0.4996875,0.4988419921875,0.499921875,0.4993654296875,0.4991232421875,0.4936013671875,0.4996875,0.4975935546875,0.4999763671875,0.49796796875,0.49990546875,0.49977421875,0.4993201171875,0.4987185546875,0.49999921875,0.4999951171875,0.49914921875,0.499996875,0.4965451171875,0.4996044921875,0.4999435546875,0.4995685546875,0.4992248046875,0.4994919921875,0.49893046875,0.4998123046875,0.4997029296875,0.5,0.4999560546875,0.4999875,0.4999951171875,0.4999435546875,0.4999998046875,0.4989591796875,0.49934296875,0.4989013671875,0.4999435546875,0.49914921875,0.499296875,0.4997873046875,0.4999669921875,0.4992248046875,0.4985888671875,0.49993671875,0.49993671875,0.49934296875,0.49294921875,0.49755,0.4999841796875,0.49996171875,0.4999763671875,0.4998,0.499746875,0.4999875,0.49999921875,0.4998779296875,0.4989013671875,0.4999138671875,0.4997873046875,0.4997607421875,0.49999921875,0.49965546875,0.49780546875,0.4999998046875,0.499096875,0.49914921875,0.4990701171875,0.49982421875,0.49965546875,0.49993671875,0.4999875,0.49728046875,0.499996875,0.49763671875,0.4984875,0.4999669921875,0.4989875,0.4998357421875,0.4999763671875,0.4980857421875,0.4999138671875,0.4958935546875,0.4998875,0.4994919921875,0.499846875,0.4984529296875,0.4978875,0.49995,0.4999982421875,0.4994091796875,0.4998,0.49999921875,0.497721875,0.4998357421875,0.4999560546875,0.49971796875,0.49958671875,0.49995,0.499921875,0.497371875,0.49796796875,0.4999138671875,0.4999982421875,0.4999951171875,0.4996388671875,0.499971875,0.49998046875,0.4997029296875,0.49993671875,0.49965546875,0.4975060546875,0.4999138671875,0.4983826171875,0.4984529296875,0.4998779296875,0.49934296875,0.49995,0.4999435546875,0.49986796875,0.4994513671875,0.499921875,0.49993671875,0.4999560546875,0.49990546875,0.4993654296875,0.4997873046875,0.49780546875,0.4996875,0.4999294921875,0.4999763671875,0.4987185546875,0.49993671875,0.4999138671875,0.4999138671875,0.4999435546875,0.4988419921875,0.49583671875,0.4998779296875,0.49934296875,0.4998,0.49971796875,0.49955,0.4991748046875,0.4984875,0.4984529296875,0.4998123046875,0.4996044921875,0.4999998046875,0.4988419921875,0.4998,0.4995685546875,0.4998779296875,0.499621875,0.498621875,0.4999841796875,0.4983107421875,0.4999951171875,0.49986796875,0.4993875,0.4983107421875,0.49998046875,0.499471875,0.49998046875,0.499296875,0.49934296875,0.4982373046875,0.4999998046875,0.4998966796875,0.49689921875,0.4996044921875,0.4997326171875,0.4998966796875,0.4998,0.4991748046875,0.4992248046875,0.4994091796875,0.4999294921875,0.49971796875,0.49965546875,0.4999951171875,0.4989013671875,0.49649296875,0.49999296875,0.49998046875,0.49951171875,0.496996875,0.499971875,0.49893046875,0.4999294921875,0.498346875,0.49996171875,0.4997326171875,0.4981623046875,0.4998,0.499971875,0.4998576171875,0.4989013671875,0.49990546875,0.4991748046875,0.499746875,0.4985888671875,0.4991232421875,0.49999296875,0.499296875,0.4998,0.49982421875,0.4997607421875,0.4999841796875,0.49855546875,0.49796796875,0.4987810546875,0.4999904296875,0.4998875,0.4999841796875,0.4993654296875,0.4980076171875,0.4998,0.49855546875,0.4997607421875,0.4998123046875,0.4987185546875,0.499921875,0.49955,0.49881171875,0.499921875,0.499296875,0.4990701171875,0.4979279296875,0.4930232421875,0.4999560546875,0.4998966796875,0.49982421875,0.4993875,0.4988419921875,0.4999998046875,0.4990701171875,0.4989591796875,0.49982421875,0.4978466796875,0.49841796875,0.4996875,0.49934296875,0.49996171875,0.4993875,0.4999841796875,0.4999138671875,0.4996044921875,0.49914921875,0.4999841796875,0.4999841796875,0.4999841796875,0.4997326171875,0.4992732421875,0.49924921875,0.49955,0.4992248046875,0.4999560546875,0.49934296875,0.49986796875,0.4996716796875,0.4999841796875,0.49965546875,0.4993201171875,0.49875,0.4992248046875,0.4991748046875,0.4998779296875,0.49943046875,0.49958671875,0.4977638671875,0.4998966796875,0.49904296875,0.49958671875,0.4975935546875,0.4999138671875,0.4999138671875,0.4999669921875,0.4998875,0.49914921875,0.4999951171875,0.49868671875,0.49934296875,0.4979279296875,0.4987185546875,0.4978466796875,0.4994513671875,0.499846875,0.4996875,0.498346875,0.4998966796875,0.4999294921875,0.499996875,0.4986544921875,0.4999435546875,0.49993671875,0.49971796875,0.4993654296875,0.49728046875,0.499996875,0.49986796875,0.4999669921875,0.4989591796875,0.4999841796875,0.499096875,0.4999841796875,0.4997873046875,0.4998779296875,0.49971796875,0.49841796875,0.4997607421875,0.4999560546875,0.499746875,0.49965546875,0.499846875,0.4999294921875,0.49924921875,0.499971875,0.499471875,0.4999763671875,0.4999560546875,0.4982373046875,0.4997326171875,0.4999763671875,0.4987185546875,0.49977421875,0.4992,0.499746875,0.49977421875,0.4985888671875,0.49971796875,0.498871875,0.4999998046875,0.498346875,0.4997873046875,0.499621875,0.499471875,0.49965546875,0.4954875,0.49796796875,0.499746875,0.4981623046875,0.4993875,0.4998875,0.49977421875,0.4968,0.4982373046875,0.4998576171875,0.49982421875,0.49934296875,0.4992248046875,0.4999560546875,0.49998046875,0.4996388671875,0.4996875,0.49993671875,0.49990546875,0.49868671875,0.4999904296875,0.4998779296875,0.49689921875,0.49827421875,0.499846875,0.4995310546875,0.499746875,0.49934296875,0.4994513671875,0.4985888671875,0.4999904296875,0.4996388671875,0.4978466796875,0.499971875,0.49999296875,0.499971875,0.4992,0.499921875,0.498871875,0.4997873046875,0.4998779296875,0.49982421875,0.4998966796875,0.4994919921875,0.4975935546875,0.49812421875,0.4999435546875,0.49965546875,0.4986544921875,0.4981623046875,0.4992248046875,0.4984529296875,0.4996716796875,0.4997029296875,0.4996044921875,0.4998966796875,0.4997029296875,0.49924921875,0.4994919921875,0.4996044921875,0.499621875,0.49827421875,0.4989875,0.4984529296875,0.49993671875,0.4998576171875,0.4999875,0.4993201171875,0.4985888671875,0.4999435546875,0.4997326171875,0.4994091796875,0.4997029296875,0.49943046875,0.4993875,0.4991748046875,0.4999982421875,0.4989013671875,0.49996171875,0.5,0.4996875,0.49999921875,0.499621875,0.4996875,0.4999875,0.4997873046875,0.4994919921875,0.4999982421875,0.4999982421875,0.4963341796875,0.4998357421875,0.49881171875,0.4999294921875,0.49982421875,0.4999669921875,0.499921875,0.4998875,0.4998779296875,0.4997029296875,0.498046875,0.49951171875,0.4999435546875,0.49904296875,0.49965546875,0.4998357421875,0.4999294921875,0.4999138671875,0.4997607421875,0.4997029296875,0.49841796875,0.4998576171875,0.499621875,0.4999669921875,0.49965546875,0.4982373046875,0.49990546875,0.4998779296875,0.4997607421875,0.498046875,0.49998046875,0.4996388671875,0.4999560546875,0.4998966796875,0.4994513671875,0.4993201171875,0.4999875,0.4975060546875,0.4998576171875,0.49999921875,0.499471875,0.495246875,0.49999296875,0.499971875,0.4998875,0.4995685546875,0.49990546875,0.4994091796875,0.4996716796875,0.4978875,0.4994513671875,0.4991748046875,0.49965546875,0.4980076171875,0.4998357421875,0.499921875,0.498346875,0.4998576171875,0.4980076171875,0.49934296875,0.499746875,0.4997029296875,0.4999951171875,0.49990546875,0.4998576171875,0.4995310546875,0.49958671875,0.49955,0.4997326171875,0.4999560546875,0.4996044921875,0.498621875,0.4998875,0.4983107421875,0.4999998046875,0.4999294921875,0.4995685546875,0.4982373046875,0.4998875,0.49990546875,0.4998966796875,0.4999841796875,0.4998357421875,0.499921875,0.4997873046875,0.4995310546875,0.4996716796875,0.4999982421875,0.4998966796875,0.49965546875,0.4995685546875,0.4992248046875,0.499846875,0.4996875,0.4978466796875,0.4998966796875,0.499846875,0.499971875,0.4996875,0.49955,0.49998046875,0.4999951171875,0.49868671875,0.4991748046875,0.4997873046875,0.4989875,0.4999841796875,0.49893046875,0.499971875,0.49996171875,0.4998123046875,0.4993201171875,0.4992732421875,0.49855546875,0.4975060546875,0.4968,0.499971875,0.4999560546875,0.4998779296875,0.49996171875,0.4981623046875,0.4998875,0.49996171875,0.499746875,0.4982,0.4999294921875,0.4998779296875,0.4968,0.49868671875,0.49812421875,0.499621875,0.4999998046875,0.4996044921875,0.499296875,0.499471875,0.499621875,0.498046875,0.4999763671875,0.49955,0.49999296875,0.4999294921875,0.4996716796875,0.4993875,0.4996875,0.49999296875,0.4996044921875,0.4998966796875,0.498621875,0.4968498046875,0.4995310546875,0.4998875,0.499471875,0.49924921875,0.4991748046875,0.4996716796875,0.49924921875,0.499846875,0.49995,0.4997607421875,0.49746171875,0.49977421875,0.49993671875,0.4979279296875,0.4999435546875,0.4996044921875,0.49955,0.4994091796875,0.499971875,0.49965546875,0.49982421875,0.4994919921875,0.4997029296875,0.4997873046875
0.4999560546875,0.4979279296875,0.4995685546875,0.4999138671875,0.4979279296875,0.499971875,0.4963341796875,0.4999951171875,0.4999951171875,0.4999982421875,0.49943046875,0.4987185546875,0.49875,0.499971875,0.4999669921875,0.499746875,0.494221875,0.499621875,0.49990546875,0.49796796875,0.49982421875,0.4988419921875,0.4999998046875,0.4992248046875,0.4999951171875,0.49977421875,0.4993654296875,0.499471875,0.49999296875,0.49755,0.4975060546875,0.499471875,0.4967498046875,0.4998576171875,0.4979279296875,0.4998,0.4998875,0.49689921875,0.4997029296875,0.4983107421875,0.4999294921875,0.4999951171875,0.49943046875,0.499921875,0.49841796875,0.49934296875,0.4978466796875,0.49914921875,0.49924921875,0.4999435546875,0.4999669921875,0.499921875,0.4999560546875,0.49868671875,0.4998779296875,0.49982421875,0.4999763671875,0.49982421875,0.49999296875,0.49998046875,0.49955,0.4999841796875,0.49996171875,0.4995310546875,0.4995685546875,0.499846875,0.499746875,0.4998966796875,0.4998357421875,0.49982421875,0.4998,0.49977421875,0.49995,0.4999982421875,0.4999904296875,0.49999296875,0.49990546875,0.49812421875,0.49827421875,0.5,0.4999951171875,0.49958671875,0.4999669921875,0.4986544921875,0.49763671875,0.499621875,0.4997607421875,0.49914921875,0.4994513671875,0.49934296875,0.4999982421875,0.4999560546875,0.499971875,0.4995685546875,0.4996716796875,0.498346875,0.4977638671875,0.499996875,0.4967498046875,0.4999951171875,0.49955,0.4990701171875,0.4990154296875,0.4990154296875,0.499621875,0.49689921875,0.4997029296875,0.4989875,0.499746875,0.49996171875,0.499096875,0.4998123046875,0.4992,0.499096875,0.4978875,0.4997029296875,0.49998046875,0.49977421875,0.4949373046875,0.4997873046875,0.4998576171875,0.499921875,0.4982,0.4999560546875,0.49234296875,0.49728046875,0.49999296875,0.49993671875,0.4998357421875,0.499471875,0.49995,0.49999296875,0.4998357421875,0.4987185546875,0.4993654296875,0.4998875,0.49996171875,0.4997873046875,0.498046875,0.4999435546875,0.49999296875,0.4999138671875,0.4998875,0.4991232421875,0.4999998046875,0.49958671875,0.49993671875,0.499996875,0.49995,0.4993875,0.49982421875,0.49999296875,0.49943046875,0.49999296875,0.4993201171875,0.4989875,0.4999294921875,0.4996716796875,0.4991232421875,0.499996875,0.49993671875,0.4999951171875,0.4999763671875,0.49951171875,0.4999982421875,0.4992248046875,0.4993654296875,0.499471875,0.4997873046875,0.49999296875,0.499471875,0.4999294921875,0.4991232421875,0.4998123046875,0.4998,0.49993671875,0.4984875,0.4980857421875,0.49986796875,0.49965546875,0.4999904296875,0.4996875,0.499746875,0.49893046875,0.499471875,0.49996171875,0.4996388671875,0.49606171875,0.49709296875,0.4996388671875,0.49435546875,0.4998779296875,0.499296875,0.4992248046875,0.4999763671875,0.499471875,0.4999138671875,0.49868671875,0.49746171875,0.49977421875,0.4999669921875,0.4969482421875,0.49998046875,0.4969482421875,0.4996875,0.499971875,0.4999669921875,0.4985216796875,0.4974169921875,0.49955,0.49855546875,0.4998576171875,0.4978875,0.49996171875,0.49999921875,0.499971875,0.4989875,0.4996716796875,0.49763671875,0.4997873046875,0.49996171875,0.4995685546875,0.499296875,0.4999763671875,0.4971404296875,0.4994091796875,0.4992732421875,0.49560546875,0.4987810546875,0.49958671875,0.4997029296875,0.4998,0.49904296875,0.4992732421875,0.4999763671875,0.49855546875,0.49827421875,0.4998576171875,0.499471875,0.49999921875,0.49999921875,0.499996875,0.49755,0.4999875,0.4994919921875,0.49689921875,0.4994513671875,0.4978875,0.49998046875,0.4978875,0.4993201171875,0.4999904296875,0.499846875,0.49881171875,0.498871875,0.496171875,0.4999138671875,0.49977421875,0.49999296875,0.4974169921875,0.4999904296875,0.4996875,0.4999904296875,0.49990546875,0.4998357421875,0.4997029296875,0.49999296875,0.499621875,0.49951171875,0.4992248046875,0.4980857421875,0.49881171875,0.49971796875,0.4996716796875,0.4985216796875,0.4998576171875,0.498871875,0.49977421875,0.4970451171875,0.4999294921875,0.4999998046875,0.49958671875,0.4966482421875,0.49893046875,0.49914921875,0.49841796875,0.4995310546875,0.49995,0.4996716796875,0.4983107421875,0.4999982421875,0.499746875,0.4998576171875,0.499996875,0.4997029296875,0.499846875,0.4998966796875,0.49995,0.49996171875,0.49995,0.4998,0.49971796875,0.4994091796875,0.4987185546875,0.49999921875,0.49998046875,0.4997873046875,0.49990546875,0.49990546875,0.4999841796875,0.4996388671875,0.499746875,0.49934296875,0.49812421875,0.4962263671875,0.49999296875,0.499621875,0.4966482421875,0.4990154296875,0.4998576171875,0.49934296875,0.4999138671875,0.4998966796875,0.4994919921875,0.49958671875,0.4997607421875,0.499921875,0.4999982421875,0.4993875,0.499846875,0.4968498046875,0.4993201171875,0.4998875,0.49934296875,0.4996716796875,0.4999294921875,0.4999998046875,0.49990546875,0.49971796875,0.49986796875,0.4996388671875,0.4982,0.49955,0.4999763671875,0.4992,0.4999763671875,0.498871875,0.49971796875,0.4997873046875,0.4996875,0.4998,0.4997873046875,0.499296875,0.499471875,0.49755,0.4999669921875,0.49841796875,0.49628046875,0.4995310546875,0.4970451171875,0.4989013671875,0.499746875,0.4995685546875,0.4997029296875,0.49990546875,0.4977638671875,0.4996875,0.499996875,0.4999904296875,0.499921875,0.4999951171875,0.49875,0.49977421875,0.49998046875,0.4992248046875,0.499096875,0.4999138671875,0.499096875,0.4999841796875,0.4999763671875,0.4987810546875,0.49982421875,0.4996044921875,0.49999921875,0.4998123046875,0.4999763671875,0.4999435546875,0.4994513671875,0.498871875,0.499621875,0.4993654296875,0.4988419921875,0.4999669921875,0.49955,0.4993201171875,0.49999296875,0.49780546875,0.5,0.49855546875,0.4999904296875,0.49924921875,0.499996875,0.49868671875,0.4999904296875,0.4994919921875,0.49943046875,0.4958935546875,0.499621875,0.4969482421875,0.4997873046875,0.49746171875,0.4998875,0.49993671875,0.49993671875,0.49958671875,0.4999951171875,0.499846875,0.4993201171875,0.4999951171875,0.4977638671875,0.49958671875,0.4999982421875,0.4999904296875,0.49951171875,0.4995310546875,0.4984875,0.49993671875,0.4997873046875,0.4999982421875,0.49875,0.4999998046875,0.4999982421875,0.4998357421875,0.4999875,0.4983826171875,0.49986796875,0.4983826171875,0.4998966796875,0.4991232421875,0.4988419921875,0.49955,0.4998123046875,0.49958671875,0.49841796875,0.4997326171875,0.49996171875,0.4997873046875,0.495,0.498046875,0.4991748046875,0.4999294921875,0.499921875,0.4993654296875,0.4996716796875,0.4999904296875,0.4999904296875,0.4996875,0.4997607421875,0.49990546875,0.4998,0.4998576171875,0.49999921875,0.4998123046875,0.4984875,0.4996875,0.4984875,0.4997326171875,0.4984875,0.49934296875,0.49998046875,0.4989591796875,0.4999982421875,0.4990154296875,0.499971875,0.4971875,0.4979279296875,0.4997029296875,0.4994513671875,0.4999982421875,0.49977421875,0.49924921875,0.4999875,0.4944875,0.4999294921875,0.499971875,0.4999294921875,0.49904296875,0.4992,0.499621875,0.4999875,0.49914921875,0.4987185546875,0.4999998046875,0.4985216796875,0.4982,0.49998046875,0.4994919921875,0.49999296875,0.4996875,0.4999669921875,0.4980076171875,0.4976794921875,0.5,0.4998576171875,0.4994091796875,0.49881171875,0.49977421875,0.4997873046875,0.4997607421875,0.4996716796875,0.49993671875,0.4967498046875,0.4997873046875,0.4983826171875,0.4985888671875,0.4999904296875,0.4998576171875,0.499996875,0.499846875,0.4999435546875,0.4991748046875,0.49998046875,0.49955,0.4999841796875,0.49993671875,0.4983107421875,0.4998357421875,0.4989591796875,0.49990546875,0.4999669921875,0.49951171875,0.4983826171875,0.4989013671875,0.49993671875,0.49999296875,0.4999763671875,0.49868671875,0.49606171875,0.49993671875,0.4999138671875,0.4994513671875,0.49998046875,0.4996044921875,0.499921875,0.496171875,0.49780546875,0.49951171875,0.4996044921875,0.4999998046875,0.498621875,0.4995685546875,0.4982,0.4998123046875,0.499296875,0.49893046875,0.499971875,0.4975935546875,0.49999296875,0.4999904296875,0.499746875,0.49868671875,0.49990546875,0.4994513671875,0.4999875,0.4991232421875,0.4994513671875,0.498346875,0.4997873046875,0.4998357421875,0.4978875,0.499296875,0.4994919921875,0.4999669921875,0.499746875,0.4995310546875,0.4997326171875,0.49924921875,0.4999875,0.4999560546875,0.49943046875,0.4998966796875,0.4987185546875,0.49796796875,0.4999982421875,0.4998875,0.4994091796875,0.4966482421875,0.4997326171875,0.4979279296875,0.499971875,0.4991232421875,0.49999921875,0.499096875,0.4954279296875,0.49977421875,0.49943046875,0.4994919921875,0.49924921875,0.499621875,0.4994091796875,0.49943046875,0.4991748046875,0.4992,0.49958671875,0.4992248046875,0.49998046875,0.4992248046875,0.4998966796875,0.4997873046875,0.4983826171875,0.4953076171875,0.4963875,0.4995310546875,0.499296875,0.49993671875,0.4994513671875,0.4981623046875,0.4999982421875,0.4984875,0.49868671875,0.4999951171875,0.4981623046875,0.4997029296875,0.499296875,0.4992732421875,0.4999998046875,0.49955,0.4996716796875,0.4982373046875,0.4942888671875,0.49971796875,0.4997326171875,0.49993671875,0.49914921875,0.4994091796875,0.4999560546875,0.49904296875,0.4994919921875,0.4999982421875,0.4984529296875,0.4994513671875,0.4990701171875,0.4990701171875,0.49995,0.4998357421875,0.499971875,0.49998046875,0.4992,0.49868671875,0.4999560546875,0.4999904296875,0.4999875,0.499746875,0.4986544921875,0.49990546875,0.49986796875,0.49924921875,0.49999296875,0.498621875,0.4999560546875,0.499746875,0.49971796875,0.499471875,0.4994091796875,0.49924921875,0.4992,0.49780546875,0.4999951171875,0.49951171875,0.4999435546875,0.4985216796875,0.49998046875,0.4984529296875,0.4991748046875,0.4968498046875,0.4998966796875,0.4999138671875,0.4999841796875,0.49875,0.4997607421875,0.4996388671875,0.49796796875,0.49982421875,0.4975935546875,0.4991232421875,0.495246875,0.499971875,0.49996171875,0.499921875,0.4989013671875,0.49914921875,0.4993875,0.4998779296875,0.4996875,0.49993671875,0.499621875,0.49955,0.4996388671875,0.497371875,0.499996875,0.4998357421875,0.4999138671875,0.49934296875,0.4999841796875,0.4994091796875,0.4997029296875,0.5,0.4999841796875,0.49934296875,0.4973263671875,0.499971875,0.4999669921875,0.499471875,0.4999875,0.49951171875,0.499971875,0.49841796875,0.49990546875,0.4984529296875,0.4998123046875,0.4995310546875,0.49689921875,0.49924921875,0.49951171875,0.4996716796875,0.4993654296875,0.4996388671875,0.499996875,0.49977421875,0.4996875,0.49995,0.4984529296875,0.49996171875,0.498046875,0.4993875,0.49955,0.49914921875,0.49958671875,0.4948107421875,0.4992,0.4999560546875,0.49689921875,0.49958671875,0.4998576171875,0.4994919921875,0.49709296875,0.4999138671875,0.4999435546875,0.49812421875,0.49958671875,0.4999435546875,0.499846875,0.4994513671875,0.49993671875,0.5,0.4999669921875,0.49999296875,0.499096875,0.49999921875,0.49999921875,0.49408671875,0.4982,0.4999875,0.49934296875,0.49998046875,0.49914921875,0.4978875,0.4977638671875,0.4999982421875,0.4998966796875,0.49755,0.4999560546875,0.49998046875,0.49999296875,0.4987185546875,0.4999904296875,0.49955,0.4997873046875,0.499846875,0.4996388671875,0.4997607421875,0.49998046875,0.4985888671875,0.49606171875,0.499996875,0.4999560546875,0.49999296875,0.4984875,0.49914921875,0.49689921875,0.4994919921875,0.4991232421875,0.4998123046875,0.4998123046875,0.4999669921875,0.4999763671875,0.4998875,0.4994919921875,0.4997607421875,0.4962263671875,0.499921875,0.4971404296875,0.49951171875,0.49995,0.49990546875,0.4993654296875,0.4977638671875,0.49982421875,0.4998966796875,0.4989591796875,0.49993671875,0.4998875,0.49914921875,0.4997607421875,0.499971875,0.4968,0.4999560546875,0.4999763671875,0.49965546875,0.499846875,0.4999841796875,0.4993654296875,0.49999921875,0.49971796875,0.49999921875,0.49998046875,0.49999296875,0.49669921875,0.49999921875,0.4986544921875,0.49943046875,0.499746875,0.498621875,0.4994919921875,0.4994091796875,0.4997029296875,0.49986796875,0.4984875,0.4996875,0.49986796875,0.4999875,0.49993671875,0.4996388671875,0.4992248046875,0.4996044921875,0.49993671875,0.499846875,0.4971404296875,0.49881171875,0.499746875,0.4988419921875,0.4999982421875,0.49755,0.4999435546875,0.4997607421875,0.4999138671875,0.49560546875,0.4993201171875,0.4998779296875,0.49993671875,0.4999951171875,0.4999998046875,0.49955,0.499996875,0.498346875,0.499621875,0.4998966796875,0.4999763671875,0.4967498046875,0.49990546875,0.4998576171875,0.49977421875,0.49934296875,0.4997607421875,0.49990546875,0.49965546875,0.4972341796875,0.4996044921875,0.4987185546875,0.4976794921875,0.4973263671875,0.4999763671875,0.4999951171875,0.4984529296875,0.4999294921875,0.4976794921875,0.49971796875,0.498871875,0.4996044921875,0.4999138671875,0.49982421875,0.4997029296875,0.4997607421875,0.4992248046875,0.499471875,0.4997326171875,0.4997873046875,0.499471875,0.4991232421875,0.4996044921875,0.497721875,0.4999841796875,0.49971796875,0.4994919921875,0.49780546875,0.49982421875,0.499621875,0.4994091796875,0.4996716796875,0.49971796875,0.4999138671875,0.4997873046875,0.4998779296875,0.499971875,0.4998779296875,0.499846875,0.4996875,0.4997326171875,0.4967498046875,0.4992732421875,0.49995,0.4983826171875,0.4997607421875,0.4995685546875,0.49982421875,0.4996716796875,0.4989591796875,0.499996875,0.4999294921875,0.49875,0.49951171875,0.4999904296875,0.4999841796875,0.4999982421875,0.49868671875,0.4999982421875,0.49971796875,0.49999921875,0.498871875,0.49924921875,0.4985888671875,0.4975060546875,0.49689921875,0.4999998046875,0.4999951171875,0.4992248046875,0.4996716796875,0.4983826171875,0.4999951171875,0.4999138671875,0.4993875,0.49689921875,0.49999296875,0.4999904296875,0.4982,0.4982373046875,0.497371875,0.4994919921875,0.49893046875,0.49914921875,0.499621875,0.4997873046875,0.4992248046875,0.49755,0.499921875,0.49943046875,0.49977421875,0.499996875,0.4991748046875,0.49965546875,0.49914921875,0.4998875,0.49914921875,0.49996171875,0.4990701171875,0.4963875,0.4995685546875,0.4999841796875,0.4995685546875,0.49965546875,0.498871875,0.4999294921875,0.4990701171875,0.4998576171875,0.4996388671875,0.4999875,0.4987810546875,0.4991748046875,0.4997607421875,0.4975060546875,0.4997607421875,0.4985888671875,0.49990546875,0.49977421875,0.4998875,0.4996716796875,0.4997029296875,0.49965546875,0.4999904296875,0.4998
0.4998357421875,0.498046875,0.4987810546875,0.49986796875,0.498621875,0.4999875,0.4963341796875,0.4999841796875,0.4998123046875,0.49999296875,0.4980076171875,0.49995,0.496996875,0.49993671875,0.499921875,0.4999669921875,0.4948107421875,0.499971875,0.49998046875,0.4991748046875,0.4996716796875,0.4989591796875,0.49993671875,0.4999138671875,0.49982421875,0.498621875,0.49924921875,0.49855546875,0.4999138671875,0.498871875,0.49649296875,0.49977421875,0.4984529296875,0.4999951171875,0.499296875,0.499621875,0.49951171875,0.4971875,0.4998966796875,0.4994091796875,0.4998357421875,0.4993201171875,0.49934296875,0.49990546875,0.4982373046875,0.4994091796875,0.4975060546875,0.4999138671875,0.49955,0.49955,0.4998,0.49996171875,0.4998,0.4990701171875,0.4998357421875,0.4999904296875,0.4994919921875,0.4979279296875,0.49999296875,0.49982421875,0.4999138671875,0.4999560546875,0.4998875,0.499746875,0.4992248046875,0.4998,0.49955,0.4974169921875,0.4999435546875,0.4999951171875,0.4998966796875,0.4997326171875,0.4999294921875,0.4998357421875,0.49995,0.499971875,0.4993875,0.49855546875,0.4971404296875,0.4999982421875,0.4996044921875,0.4999904296875,0.4998576171875,0.497721875,0.49904296875,0.4993875,0.4998123046875,0.4987185546875,0.4999982421875,0.4994513671875,0.4999951171875,0.4999875,0.4993654296875,0.4998875,0.4990154296875,0.49881171875,0.4994919921875,0.49951171875,0.4980857421875,0.4998123046875,0.49998046875,0.4996875,0.499471875,0.49924921875,0.4992248046875,0.4974169921875,0.499621875,0.4998123046875,0.49855546875,0.4999763671875,0.4985216796875,0.4999560546875,0.4993654296875,0.499096875,0.49796796875,0.4999560546875,0.4999875,0.4996716796875,0.4946826171875,0.49999921875,0.499621875,0.4997326171875,0.4997873046875,0.49904296875,0.4908029296875,0.49583671875,0.4999904296875,0.49951171875,0.49998046875,0.49955,0.4998966796875,0.49982421875,0.499746875,0.4989875,0.49904296875,0.4999982421875,0.4999951171875,0.499471875,0.4980076171875,0.499746875,0.4994919921875,0.4999435546875,0.4999560546875,0.4991748046875,0.49998046875,0.4991748046875,0.49971796875,0.4999841796875,0.4994091796875,0.499296875,0.499921875,0.4999951171875,0.499621875,0.4999669921875,0.4989013671875,0.4995685546875,0.49999296875,0.4994091796875,0.49881171875,0.49934296875,0.4987185546875,0.499971875,0.499846875,0.4994919921875,0.49996171875,0.499846875,0.49971796875,0.4998576171875,0.4989591796875,0.4996875,0.498871875,0.4992248046875,0.4978875,0.49999921875,0.4998875,0.4999435546875,0.49780546875,0.4997326171875,0.499471875,0.4999841796875,0.4999998046875,0.5,0.49904296875,0.4991748046875,0.4999763671875,0.49993671875,0.4999669921875,0.4954875,0.4989013671875,0.49999296875,0.4937419921875,0.49955,0.4992,0.499921875,0.4999669921875,0.49986796875,0.4997607421875,0.4992,0.49812421875,0.49841796875,0.4999998046875,0.4971404296875,0.4999138671875,0.49755,0.49996171875,0.49999921875,0.4999998046875,0.4997607421875,0.4973263671875,0.4996716796875,0.49812421875,0.4998966796875,0.4997607421875,0.49995,0.499921875,0.49996171875,0.498871875,0.49971796875,0.4993201171875,0.499096875,0.4998966796875,0.4999904296875,0.4997607421875,0.4997873046875,0.498346875,0.499921875,0.4990701171875,0.4957794921875,0.4998,0.4998123046875,0.4999841796875,0.4995310546875,0.498346875,0.4989875,0.4999435546875,0.4982373046875,0.49709296875,0.4997326171875,0.49958671875,0.499296875,0.4999138671875,0.4999560546875,0.49780546875,0.4999998046875,0.4998123046875,0.4954875,0.499471875,0.496596875,0.4998123046875,0.497721875,0.49924921875,0.4998875,0.49993671875,0.49977421875,0.49955,0.4964404296875,0.4996044921875,0.49977421875,0.4999951171875,0.4970451171875,0.4999138671875,0.499621875,0.499971875,0.49996171875,0.4999435546875,0.49986796875,0.49965546875,0.4998576171875,0.49982421875,0.499846875,0.498346875,0.499096875,0.49996171875,0.49746171875,0.4994919921875,0.49986796875,0.49689921875,0.49999296875,0.49435546875,0.4999435546875,0.49999296875,0.4993201171875,0.49755,0.4989875,0.4992732421875,0.49971796875,0.499471875,0.4999998046875,0.499746875,0.499096875,0.4999560546875,0.4995685546875,0.4999560546875,0.49965546875,0.4996044921875,0.4998966796875,0.49998046875,0.4999841796875,0.5,0.4997326171875,0.4999875,0.4999669921875,0.49977421875,0.4995310546875,0.499846875,0.4999560546875,0.4998123046875,0.49924921875,0.4999435546875,0.49990546875,0.49763671875,0.4998779296875,0.4983826171875,0.4995310546875,0.4962263671875,0.4999841796875,0.4990154296875,0.496171875,0.4992,0.4997607421875,0.49982421875,0.4998966796875,0.499996875,0.497721875,0.49893046875,0.49990546875,0.4999435546875,0.4993654296875,0.4991748046875,0.4992,0.4994091796875,0.49951171875,0.4999435546875,0.4998357421875,0.4999138671875,0.4989591796875,0.4998779296875,0.4999904296875,0.49914921875,0.49914921875,0.4999138671875,0.4989591796875,0.4991232421875,0.4998875,0.4999982421875,0.499846875,0.49958671875,0.49965546875,0.49977421875,0.4999763671875,0.4999998046875,0.49999921875,0.49914921875,0.49934296875,0.49628046875,0.4996875,0.4989875,0.4981623046875,0.49999921875,0.4982,0.4978875,0.4989591796875,0.4992248046875,0.49881171875,0.4998576171875,0.49780546875,0.49924921875,0.4998357421875,0.49943046875,0.4999763671875,0.49993671875,0.4993654296875,0.4984875,0.4999841796875,0.4997607421875,0.49934296875,0.4998966796875,0.4980857421875,0.4999435546875,0.4992732421875,0.49709296875,0.49924921875,0.4989591796875,0.4999435546875,0.4995310546875,0.4999138671875,0.4999435546875,0.4998123046875,0.49904296875,0.49875,0.498621875,0.4987810546875,0.5,0.499621875,0.49977421875,0.49995,0.4978466796875,0.4995685546875,0.49943046875,0.49982421875,0.4993875,0.4997326171875,0.4981623046875,0.49986796875,0.49982421875,0.4994513671875,0.49353046875,0.4985888671875,0.4983826171875,0.4996388671875,0.4979279296875,0.4997873046875,0.49995,0.4994919921875,0.4983107421875,0.4999763671875,0.499846875,0.4991232421875,0.4999951171875,0.49628046875,0.49955,0.4999982421875,0.4996875,0.4999435546875,0.4975060546875,0.4991748046875,0.4996388671875,0.49812421875,0.4996388671875,0.4987810546875,0.49995,0.4999841796875,0.49990546875,0.4993654296875,0.4995310546875,0.4996716796875,0.4992732421875,0.49977421875,0.49943046875,0.4985888671875,0.5,0.4987185546875,0.4997029296875,0.4982373046875,0.49999296875,0.49999921875,0.49955,0.4967498046875,0.4995310546875,0.499746875,0.4999841796875,0.499921875,0.4991748046875,0.49943046875,0.49943046875,0.4999763671875,0.4985888671875,0.4998,0.4997873046875,0.4999875,0.4999763671875,0.49995,0.4990154296875,0.4991748046875,0.499621875,0.49812421875,0.5,0.49904296875,0.4995685546875,0.499621875,0.49914921875,0.4999138671875,0.4982373046875,0.4999982421875,0.4968498046875,0.49595,0.49999296875,0.4984875,0.4999951171875,0.4999875,0.4996044921875,0.49982421875,0.4942888671875,0.4998357421875,0.49998046875,0.499621875,0.498621875,0.4985216796875,0.49951171875,0.4999875,0.49893046875,0.49780546875,0.49993671875,0.49827421875,0.4986544921875,0.4996875,0.4992732421875,0.499846875,0.4997607421875,0.49993671875,0.4997607421875,0.4982,0.4995310546875,0.49996171875,0.4998576171875,0.498621875,0.49998046875,0.4998875,0.4998576171875,0.49982421875,0.4999875,0.4983826171875,0.499921875,0.498621875,0.4998357421875,0.49990546875,0.49996171875,0.4996044921875,0.49996171875,0.4999294921875,0.499846875,0.4999998046875,0.4999435546875,0.4999982421875,0.4998357421875,0.4986544921875,0.49934296875,0.4995310546875,0.4992248046875,0.499996875,0.4992,0.4989591796875,0.49893046875,0.5,0.4992732421875,0.4991748046875,0.49881171875,0.4971875,0.4999841796875,0.49951171875,0.4999138671875,0.49986796875,0.49971796875,0.49943046875,0.4978875,0.4975935546875,0.49914921875,0.49893046875,0.4996875,0.4983107421875,0.498621875,0.4983107421875,0.4999982421875,0.4987810546875,0.497721875,0.4999951171875,0.4980076171875,0.49999921875,0.4999435546875,0.49990546875,0.4995685546875,0.4996044921875,0.4993654296875,0.4998875,0.4994091796875,0.499846875,0.4993654296875,0.4996044921875,0.499846875,0.49606171875,0.4999560546875,0.49986796875,0.49999921875,0.4992732421875,0.4988419921875,0.4995310546875,0.49965546875,0.49971796875,0.4998875,0.49951171875,0.4999982421875,0.4987185546875,0.49746171875,0.5,0.49971796875,0.499746875,0.4978875,0.49982421875,0.49628046875,0.49955,0.4993201171875,0.499746875,0.4996875,0.4948107421875,0.4995685546875,0.499846875,0.49951171875,0.4992248046875,0.49977421875,0.4991748046875,0.49875,0.4984529296875,0.4982373046875,0.49958671875,0.49689921875,0.4999904296875,0.49993671875,0.4999841796875,0.49999296875,0.4993875,0.4941544921875,0.49583671875,0.4991232421875,0.4996044921875,0.49999296875,0.4995685546875,0.4965451171875,0.5,0.49841796875,0.49827421875,0.4996716796875,0.4975060546875,0.49993671875,0.4990701171875,0.49924921875,0.4998966796875,0.4998,0.49875,0.496996875,0.49324296875,0.4992248046875,0.4998,0.4999982421875,0.4996716796875,0.49999296875,0.4999841796875,0.49904296875,0.4997326171875,0.4999763671875,0.4985888671875,0.4983826171875,0.499996875,0.4995310546875,0.49855546875,0.49999296875,0.499971875,0.49998046875,0.49951171875,0.49965546875,0.4999669921875,0.49982421875,0.4997873046875,0.4991232421875,0.497721875,0.4977638671875,0.4999951171875,0.4989013671875,0.4994919921875,0.4967498046875,0.49995,0.49982421875,0.4999294921875,0.4974169921875,0.4993201171875,0.4989013671875,0.4978875,0.4985888671875,0.4999982421875,0.49881171875,0.49955,0.4989875,0.4993875,0.496596875,0.4984529296875,0.4985216796875,0.4996875,0.498871875,0.499621875,0.499846875,0.499471875,0.4993201171875,0.4966482421875,0.49893046875,0.4979279296875,0.49755,0.4968498046875,0.4999763671875,0.4999669921875,0.4984875,0.49934296875,0.499621875,0.499621875,0.4992732421875,0.499746875,0.4998875,0.4996044921875,0.4999982421875,0.49943046875,0.498871875,0.49999296875,0.4997607421875,0.4998966796875,0.4990701171875,0.499971875,0.4993875,0.4998779296875,0.4995685546875,0.4997326171875,0.4998357421875,0.49606171875,0.49990546875,0.4999951171875,0.4991748046875,0.49999296875,0.49914921875,0.499921875,0.4983826171875,0.5,0.49893046875,0.49998046875,0.49951171875,0.4979279296875,0.4995685546875,0.4998875,0.49958671875,0.499746875,0.49958671875,0.499971875,0.4997873046875,0.499621875,0.4998,0.498621875,0.4990154296875,0.49628046875,0.4982373046875,0.4999841796875,0.499096875,0.499921875,0.4950623046875,0.49924921875,0.49996171875,0.49763671875,0.499921875,0.49971796875,0.4992,0.4989875,0.4985888671875,0.49958671875,0.4989875,0.499746875,0.4993875,0.499746875,0.4998357421875,0.49977421875,0.4998966796875,0.499921875,0.499971875,0.49924921875,0.4999904296875,0.4999763671875,0.49583671875,0.4988419921875,0.4997607421875,0.4999560546875,0.4999560546875,0.4999294921875,0.4992248046875,0.498621875,0.4998779296875,0.49893046875,0.4969482421875,0.49999921875,0.499846875,0.4999763671875,0.4999435546875,0.4999875,0.49996171875,0.49914921875,0.4994513671875,0.49958671875,0.4996388671875,0.4996716796875,0.4971875,0.49689921875,0.49986796875,0.4999875,0.4998357421875,0.49780546875,0.4992248046875,0.4989013671875,0.4994091796875,0.4986544921875,0.4992732421875,0.49986796875,0.4999435546875,0.49986796875,0.49995,0.4985888671875,0.49977421875,0.4978875,0.499746875,0.49755,0.498346875,0.4992732421875,0.4994919921875,0.49924921875,0.49914921875,0.49982421875,0.499996875,0.4988419921875,0.49986796875,0.4992248046875,0.4994919921875,0.4999841796875,0.4997873046875,0.4975935546875,0.4997029296875,0.49986796875,0.499921875,0.4995310546875,0.4999904296875,0.49943046875,0.4998576171875,0.4989013671875,0.4999904296875,0.4999951171875,0.4999435546875,0.49669921875,0.4999669921875,0.4993654296875,0.4999982421875,0.4999138671875,0.49841796875,0.49943046875,0.4994513671875,0.4996875,0.4999435546875,0.49763671875,0.49996171875,0.4999904296875,0.4999951171875,0.4999841796875,0.4976794921875,0.4992248046875,0.49971796875,0.49965546875,0.4999560546875,0.4987810546875,0.4994919921875,0.4999982421875,0.49914921875,0.499996875,0.4978875,0.49990546875,0.49971796875,0.49971796875,0.4949373046875,0.4996875,0.49982421875,0.4999669921875,0.4999998046875,0.4999951171875,0.4999560546875,0.4999841796875,0.49893046875,0.499621875,0.49999296875,0.4988419921875,0.4980857421875,0.49996171875,0.4997326171875,0.4989013671875,0.4999763671875,0.4999998046875,0.49955,0.4998,0.4968498046875,0.49951171875,0.4994919921875,0.4990154296875,0.4990701171875,0.49999921875,0.49996171875,0.4990701171875,0.49998046875,0.4979279296875,0.49728046875,0.4983826171875,0.499296875,0.49996171875,0.4993875,0.499471875,0.499621875,0.49965546875,0.499621875,0.4999982421875,0.4996716796875,0.49999921875,0.4995685546875,0.4998,0.4985216796875,0.49999921875,0.499621875,0.49951171875,0.49841796875,0.4999560546875,0.4991232421875,0.4989013671875,0.4996388671875,0.4993654296875,0.49982421875,0.49977421875,0.49924921875,0.499971875,0.4997607421875,0.4999904296875,0.4996388671875,0.499746875,0.4992732421875,0.4999669921875,0.4995685546875,0.4970451171875,0.49982421875,0.4992,0.49986796875,0.4999435546875,0.4978466796875,0.4998357421875,0.4990701171875,0.49755,0.49924921875,0.5,0.498871875,0.4998357421875,0.49868671875,0.49998046875,0.4999998046875,0.49996171875,0.4988419921875,0.4982,0.4982373046875,0.4949373046875,0.4967498046875,0.49965546875,0.49999921875,0.49999921875,0.49986796875,0.4988419921875,0.49993671875,0.499621875,0.4997029296875,0.4931701171875,0.4994091796875,0.4998576171875,0.4984529296875,0.4980857421875,0.4993654296875,0.49881171875,0.4991232421875,0.4992,0.4990701171875,0.49914921875,0.49934296875,0.4979279296875,0.49943046875,0.4999841796875,0.4989875,0.49998046875,0.4988419921875,0.4997029296875,0.4993201171875,0.4997607421875,0.498346875,0.4999951171875,0.4999669921875,0.49560546875,0.4998357421875,0.4998966796875,0.49965546875,0.4996044921875,0.4982373046875,0.4993201171875,0.4980857421875,0.4998576171875,0.49934296875,0.4999875,0.4998,0.4990701171875,0.499921875,0.4946826171875,0.4998123046875,0.4992248046875,0.4999982421875,0.49993671875,0.49982421875,0.499621875,0.4999560546875,0.49996171875,0.499971875,0.49914921875
0.4997873046875,0.4989591796875,0.49999296875,0.49999296875,0.4950623046875,0.49993671875,0.49649296875,0.499846875,0.4998576171875,0.4998576171875,0.4967498046875,0.499621875,0.4988419921875,0.4998357421875,0.4999841796875,0.49971796875,0.4954875,0.4999982421875,0.4996716796875,0.4973263671875,0.4983826171875,0.499471875,0.499996875,0.4985216796875,0.49977421875,0.49689921875,0.49955,0.49812421875,0.49996171875,0.4989591796875,0.4977638671875,0.4999669921875,0.49709296875,0.4999138671875,0.49958671875,0.4994091796875,0.4995685546875,0.4990701171875,0.499921875,0.497371875,0.49955,0.49924921875,0.4997873046875,0.4999763671875,0.49990546875,0.499621875,0.4976794921875,0.4998966796875,0.499971875,0.49998046875,0.49998046875,0.4998357421875,0.49943046875,0.4996388671875,0.49995,0.49998046875,0.499621875,0.4997326171875,0.4998779296875,0.4999951171875,0.49990546875,0.4997873046875,0.49982421875,0.49993671875,0.498871875,0.4999435546875,0.4994919921875,0.4989013671875,0.4998779296875,0.499996875,0.4996388671875,0.4989591796875,0.499996875,0.4999669921875,0.4999875,0.4992732421875,0.49999921875,0.4992,0.4975060546875,0.4994091796875,0.49977421875,0.4999904296875,0.49995,0.4966482421875,0.4983107421875,0.499846875,0.49995,0.4994919921875,0.4999904296875,0.4949373046875,0.49993671875,0.4998123046875,0.49868671875,0.49993671875,0.499971875,0.4996388671875,0.4998966796875,0.4985216796875,0.495246875,0.4996388671875,0.49996171875,0.499471875,0.4956638671875,0.4993875,0.4989591796875,0.49812421875,0.49982421875,0.4997029296875,0.49977421875,0.4998357421875,0.4993201171875,0.499846875,0.4996716796875,0.49977421875,0.49709296875,0.4999841796875,0.4996388671875,0.49982421875,0.4933875,0.49986796875,0.4996044921875,0.49995,0.4992732421875,0.49924921875,0.48856171875,0.496171875,0.4997029296875,0.4997607421875,0.49986796875,0.4999294921875,0.4999138671875,0.49999296875,0.4996044921875,0.497721875,0.498621875,0.49999296875,0.499971875,0.49881171875,0.4992732421875,0.4999138671875,0.49977421875,0.4998875,0.4998966796875,0.4998966796875,0.49999921875,0.49924921875,0.4992,0.4999904296875,0.49995,0.4994091796875,0.4998576171875,0.4998966796875,0.4990701171875,0.49924921875,0.4986544921875,0.4997029296875,0.4997029296875,0.4993654296875,0.499096875,0.49875,0.4995310546875,0.49982421875,0.49965546875,0.4995685546875,0.4999904296875,0.4999951171875,0.4996044921875,0.49841796875,0.49993671875,0.4997607421875,0.49951171875,0.49993671875,0.49841796875,0.4998779296875,0.49995,0.49998046875,0.4993654296875,0.4992248046875,0.4985888671875,0.49943046875,0.4999560546875,0.5,0.49982421875,0.49955,0.49971796875,0.4999560546875,0.4999841796875,0.4981623046875,0.49709296875,0.49998046875,0.4922654296875,0.499621875,0.49971796875,0.49995,0.4999998046875,0.49996171875,0.499746875,0.4984875,0.4988419921875,0.499971875,0.4999875,0.4979279296875,0.4984875,0.4971875,0.4999294921875,0.4999763671875,0.4998966796875,0.49924921875,0.49812421875,0.498871875,0.49689921875,0.4998966796875,0.4976794921875,0.499996875,0.49995,0.4999841796875,0.499296875,0.4992248046875,0.4983107421875,0.4967498046875,0.499996875,0.4997029296875,0.49951171875,0.499921875,0.49461796875,0.4999560546875,0.4993201171875,0.49649296875,0.4989591796875,0.49951171875,0.4999951171875,0.4997873046875,0.4970451171875,0.49827421875,0.4999560546875,0.49746171875,0.4994919921875,0.49955,0.4997873046875,0.49951171875,0.4999669921875,0.49999921875,0.49487421875,0.4991748046875,0.49999296875,0.4968,0.49812421875,0.4978466796875,0.4998966796875,0.49780546875,0.49965546875,0.4995310546875,0.4997607421875,0.4983107421875,0.4998123046875,0.4945529296875,0.499471875,0.4998,0.4995685546875,0.49171171875,0.4997873046875,0.4994919921875,0.4999904296875,0.4999560546875,0.49999296875,0.499296875,0.4995685546875,0.4998966796875,0.49943046875,0.4999904296875,0.4978875,0.4993875,0.4994091796875,0.4963875,0.4983107421875,0.49982421875,0.4989875,0.4997029296875,0.4953076171875,0.4998875,0.49999296875,0.4996716796875,0.49875,0.498871875,0.49924921875,0.4995310546875,0.49971796875,0.4999998046875,0.49996171875,0.49958671875,0.49996171875,0.4995310546875,0.49982421875,0.4995310546875,0.499471875,0.4999560546875,0.4999435546875,0.4998123046875,0.4999294921875,0.49999921875,0.4997873046875,0.4996716796875,0.49951171875,0.4995685546875,0.49993671875,0.49995,0.4998,0.4998357421875,0.4999998046875,0.49999921875,0.49669921875,0.4998779296875,0.4970451171875,0.49875,0.496171875,0.4995685546875,0.49971796875,0.4970451171875,0.4982373046875,0.4998779296875,0.4993875,0.4999951171875,0.499746875,0.4985888671875,0.49958671875,0.4994919921875,0.49943046875,0.4998576171875,0.4995685546875,0.49958671875,0.499921875,0.499296875,0.4997029296875,0.49914921875,0.4999669921875,0.4962263671875,0.499471875,0.499296875,0.49893046875,0.4997873046875,0.49951171875,0.4986544921875,0.4980857421875,0.4999560546875,0.499846875,0.5,0.4996388671875,0.49958671875,0.49875,0.4997326171875,0.499846875,0.4999951171875,0.49796796875,0.4996875,0.49461796875,0.49996171875,0.4975060546875,0.49812421875,0.4999138671875,0.4987185546875,0.4975935546875,0.4998123046875,0.49924921875,0.49728046875,0.499621875,0.49649296875,0.4995685546875,0.499846875,0.4987810546875,0.4999435546875,0.4996716796875,0.4978466796875,0.4990154296875,0.49996171875,0.49951171875,0.49914921875,0.4997326171875,0.49746171875,0.49982421875,0.49934296875,0.497721875,0.4997607421875,0.4982,0.4999763671875,0.49958671875,0.4999669921875,0.4992248046875,0.49999921875,0.4995685546875,0.4997029296875,0.4993201171875,0.4980857421875,0.4999841796875,0.49971796875,0.4994513671875,0.4998357421875,0.4974169921875,0.49943046875,0.4993654296875,0.49971796875,0.49971796875,0.499921875,0.4996044921875,0.4996716796875,0.4996716796875,0.49955,0.49203046875,0.496996875,0.4953076171875,0.4991748046875,0.49560546875,0.4992248046875,0.4999875,0.499296875,0.4989591796875,0.49951171875,0.49841796875,0.497721875,0.4999763671875,0.49709296875,0.4998779296875,0.49999296875,0.4994513671875,0.49958671875,0.4975935546875,0.49841796875,0.49868671875,0.4975060546875,0.4999951171875,0.49924921875,0.49943046875,0.4999435546875,0.4989013671875,0.4997029296875,0.4976794921875,0.499996875,0.4999138671875,0.499746875,0.4998357421875,0.4989875,0.49996171875,0.4987810546875,0.4997326171875,0.498346875,0.4999669921875,0.499621875,0.4999875,0.4978875,0.4986544921875,0.4987185546875,0.4999138671875,0.4999669921875,0.49904296875,0.49709296875,0.49958671875,0.4996875,0.499096875,0.499471875,0.4994091796875,0.4999294921875,0.499921875,0.4999435546875,0.4979279296875,0.497371875,0.4985216796875,0.49746171875,0.4997607421875,0.49990546875,0.4997029296875,0.4985888671875,0.4994513671875,0.4999998046875,0.4968,0.4998966796875,0.49487421875,0.4982373046875,0.49990546875,0.4997029296875,0.4999560546875,0.4996716796875,0.49875,0.4999982421875,0.4941544921875,0.4998779296875,0.4998,0.49998046875,0.4996875,0.4994919921875,0.4999998046875,0.49999296875,0.4986544921875,0.4992,0.4996388671875,0.4978875,0.4985888671875,0.499921875,0.4992248046875,0.49995,0.49977421875,0.49951171875,0.49875,0.49812421875,0.4991232421875,0.4999669921875,0.499621875,0.4983826171875,0.4998875,0.49986796875,0.4999669921875,0.498871875,0.49999296875,0.4991748046875,0.499996875,0.499296875,0.4974169921875,0.4998875,0.4998576171875,0.4999294921875,0.4998779296875,0.4999951171875,0.4994919921875,0.4998779296875,0.49982421875,0.4997873046875,0.4994919921875,0.4987810546875,0.49965546875,0.49841796875,0.49986796875,0.49995,0.4996716796875,0.4987810546875,0.49812421875,0.4998357421875,0.4997607421875,0.4985888671875,0.4992732421875,0.4961169921875,0.4999875,0.4990701171875,0.49965546875,0.49934296875,0.4999138671875,0.49881171875,0.4984529296875,0.4972341796875,0.4997326171875,0.49971796875,0.4997607421875,0.4991748046875,0.4989875,0.4976794921875,0.4999998046875,0.4984529296875,0.49955,0.4999435546875,0.4987810546875,0.49999296875,0.4999875,0.4998,0.49993671875,0.4998357421875,0.4993875,0.4997607421875,0.4999138671875,0.49934296875,0.49943046875,0.4998966796875,0.4992732421875,0.49689921875,0.49955,0.49868671875,0.4998779296875,0.49841796875,0.4998,0.49977421875,0.4998875,0.4998357421875,0.4999138671875,0.49955,0.49995,0.4992,0.497371875,0.49971796875,0.49881171875,0.49951171875,0.4977638671875,0.499746875,0.49606171875,0.4998966796875,0.4997607421875,0.4988419921875,0.49943046875,0.49512421875,0.4999560546875,0.4999875,0.49993671875,0.4984529296875,0.4997873046875,0.49746171875,0.49875,0.4993201171875,0.4960060546875,0.499846875,0.4996044921875,0.4998,0.49998046875,0.4999763671875,0.4999763671875,0.4997873046875,0.49435546875,0.4975935546875,0.4999560546875,0.4990701171875,0.4999763671875,0.49958671875,0.495246875,0.4999875,0.49914921875,0.49780546875,0.4999294921875,0.4990154296875,0.4999982421875,0.4997326171875,0.4997326171875,0.4997873046875,0.49965546875,0.4991232421875,0.4968,0.49155,0.498346875,0.499621875,0.4999875,0.4997607421875,0.4999763671875,0.5,0.4997029296875,0.4998875,0.4998966796875,0.49746171875,0.49893046875,0.4999841796875,0.49904296875,0.49855546875,0.49958671875,0.4998123046875,0.4998966796875,0.4982,0.49881171875,0.49993671875,0.4998123046875,0.4998966796875,0.4996716796875,0.498871875,0.49982421875,0.499921875,0.4975935546875,0.4994091796875,0.49560546875,0.4999138671875,0.4998875,0.49943046875,0.4964404296875,0.49999296875,0.4980076171875,0.4994919921875,0.4993201171875,0.4996388671875,0.4992,0.4996875,0.4999763671875,0.498346875,0.4984529296875,0.4989875,0.4979279296875,0.4999294921875,0.49881171875,0.4996875,0.4995310546875,0.4998123046875,0.49875,0.49904296875,0.49904296875,0.496996875,0.49812421875,0.496596875,0.4999763671875,0.49996171875,0.4993654296875,0.499296875,0.4999669921875,0.4999435546875,0.4991748046875,0.4992732421875,0.4996388671875,0.4995685546875,0.49977421875,0.49943046875,0.49904296875,0.49965546875,0.4989875,0.4999841796875,0.4996875,0.49995,0.4996716796875,0.4999904296875,0.4993875,0.49934296875,0.4995310546875,0.4976794921875,0.49934296875,0.4995685546875,0.49958671875,0.4999904296875,0.4993654296875,0.499996875,0.4982373046875,0.49999296875,0.49993671875,0.4998576171875,0.4998875,0.49780546875,0.4991232421875,0.4999982421875,0.4990154296875,0.4998779296875,0.4987185546875,0.4999951171875,0.4999138671875,0.4996388671875,0.499621875,0.4996716796875,0.49977421875,0.4940185546875,0.4980857421875,0.499621875,0.4999435546875,0.49995,0.49381171875,0.4983826171875,0.49971796875,0.4975935546875,0.499096875,0.4993654296875,0.4997326171875,0.497721875,0.496596875,0.49986796875,0.4997873046875,0.4998779296875,0.4989591796875,0.4997607421875,0.4996044921875,0.49990546875,0.499921875,0.499921875,0.49986796875,0.49868671875,0.4999560546875,0.4999982421875,0.49812421875,0.4990154296875,0.4996044921875,0.4999669921875,0.4996716796875,0.49955,0.4998779296875,0.4972341796875,0.4987810546875,0.4978466796875,0.496596875,0.499296875,0.4997607421875,0.49999921875,0.4995685546875,0.4999560546875,0.4998,0.4999904296875,0.4997873046875,0.499846875,0.49958671875,0.4999982421875,0.4967498046875,0.4941544921875,0.499921875,0.4994091796875,0.5,0.4954875,0.498046875,0.4997326171875,0.4998576171875,0.4989013671875,0.49996171875,0.4999294921875,0.4999294921875,0.4998779296875,0.499621875,0.49855546875,0.49943046875,0.4985888671875,0.49982421875,0.49669921875,0.4986544921875,0.4992248046875,0.4998576171875,0.496596875,0.4982,0.4999435546875,0.4999294921875,0.4987185546875,0.4998357421875,0.4980857421875,0.4999841796875,0.4999435546875,0.4989013671875,0.4969482421875,0.499921875,0.4998357421875,0.4995685546875,0.4999998046875,0.4999763671875,0.49958671875,0.4997607421875,0.4997326171875,0.4997029296875,0.499471875,0.4998576171875,0.4963875,0.4998966796875,0.49827421875,0.4999998046875,0.49982421875,0.4982373046875,0.4984875,0.499971875,0.4998576171875,0.4996044921875,0.4950623046875,0.499846875,0.49977421875,0.4999560546875,0.4999951171875,0.4980857421875,0.4993875,0.4999951171875,0.4997029296875,0.4999560546875,0.4987185546875,0.49951171875,0.4999998046875,0.4983826171875,0.4999435546875,0.4991748046875,0.499921875,0.4999841796875,0.49998046875,0.4957794921875,0.4999982421875,0.4975060546875,0.49998046875,0.4998,0.4999998046875,0.49999921875,0.49993671875,0.4995310546875,0.4994091796875,0.4998779296875,0.49951171875,0.4931701171875,0.49977421875,0.49998046875,0.498346875,0.49977421875,0.499971875,0.499921875,0.4996044921875,0.49583671875,0.49998046875,0.4996716796875,0.49924921875,0.4984529296875,0.4997873046875,0.5,0.49998046875,0.4999560546875,0.49875,0.4990154296875,0.4989013671875,0.4993654296875,0.49999296875,0.49868671875,0.4996388671875,0.499921875,0.49971796875,0.4985216796875,0.499846875,0.4999841796875,0.499846875,0.4991748046875,0.4998576171875,0.49971796875,0.49990546875,0.49986796875,0.49875,0.498346875,0.4997607421875,0.4988419921875,0.4998,0.4997326171875,0.499621875,0.4997326171875,0.4998357421875,0.49986796875,0.499971875,0.4999294921875,0.49998046875,0.4993654296875,0.4999904296875,0.4991232421875,0.4999763671875,0.499846875,0.497721875,0.4997029296875,0.4998875,0.4998779296875,0.49914921875,0.4978466796875,0.5,0.4997873046875,0.4960060546875,0.4998779296875,0.4999982421875,0.4989591796875,0.49982421875,0.49763671875,0.4999982421875,0.4999841796875,0.4994091796875,0.49990546875,0.4983826171875,0.4993654296875,0.494746875,0.4961169921875,0.4997326171875,0.4999875,0.499971875,0.4998357421875,0.49855546875,0.499746875,0.49999921875,0.499746875,0.4972341796875,0.49827421875,0.49875,0.4987810546875,0.4974169921875,0.49855546875,0.4984875,0.49875,0.4961169921875,0.4993875,0.4997607421875,0.4997029296875,0.4992732421875,0.49986796875,0.4998,0.4998779296875,0.4996716796875,0.4968,0.4993201171875,0.49924921875,0.4991748046875,0.49914921875,0.499621875,0.4999841796875,0.4969482421875,0.49955,0.499846875,0.4997326171875,0.4998966796875,0.4992248046875,0.49990546875,0.498346875,0.4997326171875,0.4989591796875,0.49943046875,0.4996388671875,0.4995310546875,0.4998779296875,0.4960060546875,0.499471875,0.49669921875,0.499746875,0.4999904296875,0.4996716796875,0.4996716796875,0.4999904296875,0.49986796875,0.49951171875,0.49875
0.4999951171875,0.4973263671875,0.4998357421875,0.4998123046875,0.4925732421875,0.49965546875,0.496996875,0.4997326171875,0.5,0.4999904296875,0.4988419921875,0.4999138671875,0.4990154296875,0.499971875,0.4999875,0.4999875,0.494746875,0.4999875,0.4995685546875,0.4990154296875,0.498346875,0.4998123046875,0.4999998046875,0.4999763671875,0.4996388671875,0.4996388671875,0.49755,0.4992,0.4997607421875,0.49780546875,0.49796796875,0.49999921875,0.4979279296875,0.499846875,0.4996388671875,0.4994091796875,0.4990154296875,0.4994091796875,0.4992732421875,0.49943046875,0.49965546875,0.49893046875,0.49977421875,0.4998779296875,0.49990546875,0.4994091796875,0.4966482421875,0.4999669921875,0.4999435546875,0.4998123046875,0.4999841796875,0.49993671875,0.49971796875,0.49955,0.49986796875,0.4997873046875,0.49995,0.4984875,0.499921875,0.49965546875,0.4999435546875,0.49796796875,0.499621875,0.4999138671875,0.4963341796875,0.4999904296875,0.4996388671875,0.498346875,0.499746875,0.4998779296875,0.4994513671875,0.4989591796875,0.4998576171875,0.4999875,0.4997607421875,0.4997029296875,0.4997029296875,0.49893046875,0.4954279296875,0.49965546875,0.499996875,0.4999560546875,0.4999763671875,0.4984529296875,0.4978466796875,0.4996716796875,0.49924921875,0.499096875,0.4998123046875,0.4953076171875,0.49998046875,0.49995,0.4994091796875,0.49998046875,0.49996171875,0.4999294921875,0.49914921875,0.49855546875,0.4960060546875,0.4999875,0.4992732421875,0.4994919921875,0.4974169921875,0.4989591796875,0.498346875,0.4978466796875,0.499921875,0.49995,0.49881171875,0.4994513671875,0.49904296875,0.499296875,0.4999875,0.4985216796875,0.49606171875,0.4998357421875,0.4999998046875,0.4999435546875,0.4942888671875,0.4999294921875,0.4999904296875,0.4998,0.499846875,0.49971796875,0.4916310546875,0.49893046875,0.49881171875,0.4989013671875,0.4998576171875,0.4999998046875,0.499971875,0.49914921875,0.4995310546875,0.49709296875,0.4974169921875,0.4999998046875,0.5,0.49951171875,0.4994513671875,0.4996044921875,0.4995310546875,0.4999951171875,0.49990546875,0.4998576171875,0.49982421875,0.49943046875,0.4997029296875,0.4999841796875,0.49977421875,0.49904296875,0.499996875,0.49990546875,0.4994091796875,0.49996171875,0.4989875,0.49943046875,0.4996388671875,0.4991232421875,0.498871875,0.49796796875,0.4998875,0.4999294921875,0.4996716796875,0.4994091796875,0.49999296875,0.4998,0.4976794921875,0.4991232421875,0.4999294921875,0.4999763671875,0.4998779296875,0.4997873046875,0.4992732421875,0.4999294921875,0.4999841796875,0.49998046875,0.49796796875,0.498346875,0.499621875,0.49881171875,0.4999669921875,0.4999294921875,0.49990546875,0.499296875,0.49875,0.49982421875,0.4999904296875,0.4977638671875,0.4992248046875,0.49924921875,0.49002421875,0.49977421875,0.49990546875,0.4999294921875,0.499971875,0.4999841796875,0.49881171875,0.4989875,0.4982373046875,0.4999951171875,0.4999875,0.49669921875,0.49955,0.49841796875,0.49955,0.49990546875,0.4999294921875,0.498046875,0.4976794921875,0.4983826171875,0.49408671875,0.4998779296875,0.498621875,0.4999138671875,0.4998779296875,0.49998046875,0.49827421875,0.4999763671875,0.4980076171875,0.4992248046875,0.49996171875,0.4994513671875,0.49958671875,0.49998046875,0.496596875,0.4999841796875,0.4980857421875,0.4972341796875,0.4996044921875,0.4999875,0.4997607421875,0.4996716796875,0.4968498046875,0.498621875,0.4998,0.49855546875,0.4994091796875,0.4992248046875,0.49986796875,0.49943046875,0.49999921875,0.49990546875,0.4921875,0.4981623046875,0.499846875,0.4975060546875,0.4978875,0.49649296875,0.49958671875,0.4962263671875,0.4996044921875,0.4993654296875,0.499471875,0.4977638671875,0.4990701171875,0.494221875,0.4994513671875,0.4991232421875,0.4998,0.49512421875,0.499296875,0.4997029296875,0.4995685546875,0.49934296875,0.499971875,0.4989875,0.49996171875,0.4999435546875,0.4985216796875,0.49971796875,0.4983826171875,0.4990154296875,0.498346875,0.496596875,0.4994513671875,0.4995310546875,0.4991232421875,0.4994091796875,0.4957794921875,0.499921875,0.4999841796875,0.49875,0.4979279296875,0.49958671875,0.4999998046875,0.49977421875,0.4994919921875,0.49904296875,0.4994513671875,0.4972341796875,0.4997029296875,0.4983107421875,0.4999951171875,0.4994513671875,0.499621875,0.4998123046875,0.4995310546875,0.4997873046875,0.499471875,0.49971796875,0.4998576171875,0.49995,0.49904296875,0.499846875,0.4999138671875,0.4999435546875,0.49982421875,0.49977421875,0.49971796875,0.4999435546875,0.4978875,0.4993875,0.4960060546875,0.4985888671875,0.4964404296875,0.4996388671875,0.49993671875,0.49689921875,0.498871875,0.4999998046875,0.49868671875,0.4999560546875,0.49993671875,0.4985888671875,0.4998,0.499096875,0.49965546875,0.4996716796875,0.4988419921875,0.49998046875,0.4999998046875,0.49875,0.4994919921875,0.4983107421875,0.4999998046875,0.4986544921875,0.4983826171875,0.4997326171875,0.498871875,0.4998576171875,0.4991748046875,0.4979279296875,0.4993875,0.4996716796875,0.4997607421875,0.4999669921875,0.49924921875,0.4989875,0.4980857421875,0.4998,0.4999998046875,0.499746875,0.49812421875,0.499846875,0.4951857421875,0.49999296875,0.4969482421875,0.49881171875,0.4997326171875,0.49763671875,0.4975060546875,0.499846875,0.499621875,0.4966482421875,0.4994091796875,0.498346875,0.4996716796875,0.4999435546875,0.49841796875,0.49999296875,0.4997607421875,0.4996388671875,0.498871875,0.4995685546875,0.4999294921875,0.4994513671875,0.4999875,0.497721875,0.49951171875,0.4997607421875,0.4982,0.4982373046875,0.4983826171875,0.49999296875,0.49998046875,0.4999435546875,0.49999296875,0.49965546875,0.4998123046875,0.499471875,0.4993654296875,0.49709296875,0.4999841796875,0.4997607421875,0.4987810546875,0.49943046875,0.49855546875,0.4990701171875,0.4998576171875,0.4995310546875,0.49955,0.4998576171875,0.4999560546875,0.49955,0.4999669921875,0.4996388671875,0.4876951171875,0.496596875,0.4960060546875,0.4990154296875,0.4937419921875,0.4994091796875,0.4998,0.4998123046875,0.4983826171875,0.4991748046875,0.49746171875,0.4992248046875,0.4998,0.4951857421875,0.49904296875,0.49914921875,0.4997029296875,0.499746875,0.4998966796875,0.498871875,0.49875,0.4962263671875,0.4998123046875,0.4989591796875,0.49914921875,0.49977421875,0.4999138671875,0.4998357421875,0.4979279296875,0.4997873046875,0.4999841796875,0.4992,0.4997326171875,0.4994919921875,0.4997326171875,0.49881171875,0.4991232421875,0.4984529296875,0.4998576171875,0.4999982421875,0.4998779296875,0.49855546875,0.4992248046875,0.4997029296875,0.4999669921875,0.4999998046875,0.4995310546875,0.4983107421875,0.4998123046875,0.4998357421875,0.49881171875,0.4992248046875,0.4988419921875,0.499921875,0.4998875,0.4994919921875,0.498346875,0.49881171875,0.499621875,0.49755,0.49958671875,0.498871875,0.49881171875,0.49993671875,0.4992732421875,0.4999763671875,0.496171875,0.4997326171875,0.49606171875,0.4980076171875,0.4997326171875,0.49996171875,0.49982421875,0.4992,0.4985216796875,0.499996875,0.4975060546875,0.49934296875,0.4998875,0.49998046875,0.4997607421875,0.4990154296875,0.4992,0.4999998046875,0.4988419921875,0.4993201171875,0.4992732421875,0.49827421875,0.49868671875,0.49996171875,0.4997326171875,0.49990546875,0.498346875,0.4996044921875,0.4996044921875,0.4994919921875,0.4995310546875,0.4989875,0.4998357421875,0.4996388671875,0.49995,0.49982421875,0.4994091796875,0.4999904296875,0.499971875,0.499096875,0.49995,0.4989591796875,0.4990701171875,0.499746875,0.4996716796875,0.4999841796875,0.4999841796875,0.4999138671875,0.49914921875,0.4999763671875,0.4998779296875,0.4999998046875,0.4999998046875,0.49914921875,0.499746875,0.4985888671875,0.499471875,0.49943046875,0.4999435546875,0.4970451171875,0.498346875,0.4997873046875,0.4999875,0.4996044921875,0.498346875,0.49746171875,0.4997873046875,0.4997029296875,0.4989013671875,0.4999560546875,0.4991748046875,0.49881171875,0.4991748046875,0.49595,0.4999294921875,0.4999951171875,0.4999998046875,0.4987185546875,0.4998123046875,0.49669921875,0.49977421875,0.49796796875,0.4993201171875,0.49924921875,0.4987810546875,0.49996171875,0.4999560546875,0.4999951171875,0.49996171875,0.4995310546875,0.4996875,0.4998123046875,0.499621875,0.4993875,0.4991748046875,0.4998576171875,0.4999138671875,0.4975060546875,0.499971875,0.499096875,0.4992248046875,0.4978875,0.49958671875,0.4998875,0.4999560546875,0.49999921875,0.49999921875,0.4999998046875,0.4999669921875,0.4990701171875,0.4967498046875,0.4992732421875,0.4968,0.499971875,0.4956638671875,0.4999841796875,0.498871875,0.49995,0.49875,0.4999138671875,0.49977421875,0.493096875,0.49990546875,0.4998779296875,0.4999875,0.49827421875,0.4994513671875,0.49812421875,0.4994513671875,0.49990546875,0.49728046875,0.4999294921875,0.4981623046875,0.4998875,0.49893046875,0.49995,0.4999998046875,0.49904296875,0.4966482421875,0.49796796875,0.49999921875,0.4993201171875,0.4997873046875,0.49986796875,0.49780546875,0.4997326171875,0.4989875,0.4980076171875,0.4998,0.4982,0.49986796875,0.499846875,0.4978466796875,0.4994513671875,0.4988419921875,0.4975935546875,0.4964404296875,0.4942888671875,0.4981623046875,0.4999138671875,0.4999982421875,0.4996044921875,0.4996044921875,0.4998357421875,0.49934296875,0.49971796875,0.4998357421875,0.49669921875,0.49924921875,0.4999669921875,0.4989013671875,0.49904296875,0.4996044921875,0.49995,0.4990154296875,0.499096875,0.4973263671875,0.49996171875,0.4997326171875,0.4998576171875,0.49993671875,0.49914921875,0.499296875,0.4996716796875,0.4968,0.4996875,0.49893046875,0.4999875,0.4998576171875,0.4993201171875,0.497371875,0.4998,0.4980076171875,0.4988419921875,0.49881171875,0.4990701171875,0.4990154296875,0.49934296875,0.499921875,0.49943046875,0.49780546875,0.4986544921875,0.498046875,0.4998123046875,0.49796796875,0.4996875,0.49995,0.4989875,0.49971796875,0.49755,0.4999138671875,0.4963341796875,0.49943046875,0.4963875,0.4999875,0.4999998046875,0.498346875,0.4995685546875,0.5,0.4999560546875,0.4998123046875,0.49943046875,0.4983107421875,0.49995,0.499846875,0.49977421875,0.4993875,0.4996716796875,0.4987185546875,0.4990154296875,0.4993654296875,0.49999921875,0.49958671875,0.4992732421875,0.4994513671875,0.4998576171875,0.4993201171875,0.4951857421875,0.49999296875,0.49934296875,0.49971796875,0.4999875,0.499096875,0.4999763671875,0.4976794921875,0.499296875,0.49996171875,0.4994513671875,0.499621875,0.498046875,0.4975935546875,0.49993671875,0.4987185546875,0.4999998046875,0.4982373046875,0.49977421875,0.49875,0.4997326171875,0.4999560546875,0.49934296875,0.49955,0.4948107421875,0.4992,0.499096875,0.49982421875,0.4997326171875,0.49512421875,0.4969482421875,0.4997607421875,0.4956638671875,0.4991232421875,0.4994091796875,0.4993201171875,0.4969482421875,0.49855546875,0.4993654296875,0.4992,0.499996875,0.4991232421875,0.4996388671875,0.4990701171875,0.4999998046875,0.4998576171875,0.49995,0.499996875,0.4987810546875,0.4996716796875,0.4995685546875,0.4983107421875,0.499296875,0.49995,0.499996875,0.49971796875,0.49982421875,0.49999296875,0.498046875,0.4990701171875,0.4985216796875,0.4950623046875,0.49881171875,0.4999294921875,0.4999560546875,0.49914921875,0.49958671875,0.49995,0.4999435546875,0.49958671875,0.4982,0.4976794921875,0.4999875,0.4971404296875,0.49689921875,0.499846875,0.49995,0.4996044921875,0.49408671875,0.4977638671875,0.4996716796875,0.4992,0.497371875,0.49996171875,0.4999763671875,0.498621875,0.49982421875,0.4993201171875,0.49875,0.4998576171875,0.49924921875,0.4994091796875,0.49512421875,0.4980076171875,0.4981623046875,0.4999560546875,0.4980857421875,0.4978875,0.4996716796875,0.5,0.4985216796875,0.4999294921875,0.49755,0.4998875,0.4996716796875,0.4999982421875,0.492496875,0.4999904296875,0.4995685546875,0.49943046875,0.4999138671875,0.4992,0.4997873046875,0.499471875,0.4995685546875,0.4998779296875,0.4993654296875,0.49965546875,0.494746875,0.4998779296875,0.49812421875,0.4996875,0.4993201171875,0.4988419921875,0.49868671875,0.4998779296875,0.499621875,0.4996875,0.4971404296875,0.4999904296875,0.49995,0.49999921875,0.49995,0.4974169921875,0.49746171875,0.4998576171875,0.49999921875,0.4999904296875,0.499296875,0.4999841796875,0.49982421875,0.49904296875,0.4997873046875,0.49827421875,0.49990546875,0.49999921875,0.49996171875,0.4963875,0.4998966796875,0.498871875,0.4998779296875,0.4999982421875,0.4998966796875,0.49982421875,0.49993671875,0.49924921875,0.4999294921875,0.499971875,0.4997873046875,0.4951857421875,0.4997873046875,0.4999875,0.4987185546875,0.4998779296875,0.4999904296875,0.5,0.4999875,0.4963341796875,0.49999296875,0.4996875,0.4994513671875,0.4995310546875,0.49998046875,0.4999998046875,0.4999435546875,0.4999560546875,0.4986544921875,0.496996875,0.4984529296875,0.49982421875,0.4987810546875,0.49943046875,0.4991748046875,0.4994919921875,0.49841796875,0.49971796875,0.499296875,0.499846875,0.4997607421875,0.49881171875,0.49982421875,0.4989875,0.4999998046875,0.5,0.49943046875,0.49606171875,0.4989013671875,0.4979279296875,0.49990546875,0.49951171875,0.4995685546875,0.4998779296875,0.4997607421875,0.498871875,0.49958671875,0.4999998046875,0.499746875,0.4988419921875,0.4996044921875,0.4990154296875,0.499846875,0.4996388671875,0.49924921875,0.4999560546875,0.4999841796875,0.49995,0.499921875,0.4975060546875,0.4998357421875,0.4999951171875,0.4976794921875,0.49914921875,0.49982421875,0.49606171875,0.4999982421875,0.4991232421875,0.49955,0.4999138671875,0.4998357421875,0.4999998046875,0.49881171875,0.4992248046875,0.4944216796875,0.497371875,0.4998576171875,0.49999921875,0.49999921875,0.4999982421875,0.4992,0.4988419921875,0.499621875,0.49982421875,0.4944216796875,0.4993875,0.4975935546875,0.4994919921875,0.4971875,0.4990701171875,0.4983107421875,0.49977421875,0.4974169921875,0.49868671875,0.4993654296875,0.4996044921875,0.4998123046875,0.4999982421875,0.499471875,0.4999998046875,0.4993875,0.4971404296875,0.4992248046875,0.4982373046875,0.498046875,0.49951171875,0.4999904296875,0.4998875,0.4971404296875,0.4991232421875,0.499996875,0.49955,0.49999921875,0.49934296875,0.49914921875,0.4984529296875,0.4993875,0.4994919921875,0.4995310546875,0.499621875,0.4992,0.4999951171875,0.4974169921875,0.4989591796875,0.4979279296875,0.49986796875,0.499921875,0.499296875,0.49971796875,0.49943046875,0.49993671875,0.49990546875,0.49755
0.4999904296875,0.495246875,0.4984875,0.499971875,0.4967498046875,0.49993671875,0.4976794921875,0.499746875,0.4998,0.4999841796875,0.4979279296875,0.499471875,0.4992732421875,0.49999296875,0.49986796875,0.499846875,0.4963341796875,0.499971875,0.4998576171875,0.499621875,0.4983107421875,0.49965546875,0.4999560546875,0.499471875,0.4999904296875,0.4980857421875,0.4993875,0.4995685546875,0.49977421875,0.4983107421875,0.4973263671875,0.4999951171875,0.4987185546875,0.499921875,0.49934296875,0.4994919921875,0.4995310546875,0.4998123046875,0.4995685546875,0.49990546875,0.49868671875,0.49868671875,0.4996716796875,0.49999296875,0.4994091796875,0.4989013671875,0.4954875,0.499971875,0.49965546875,0.499971875,0.4998966796875,0.4997607421875,0.4997029296875,0.4999669921875,0.4998123046875,0.4996044921875,0.49934296875,0.4984529296875,0.499971875,0.4999763671875,0.4992248046875,0.497371875,0.4999841796875,0.4997607421875,0.49595,0.499846875,0.499471875,0.4986544921875,0.499921875,0.499296875,0.499471875,0.49924921875,0.4997029296875,0.5,0.4994091796875,0.4999998046875,0.4997029296875,0.4991232421875,0.4969482421875,0.4998576171875,0.4998123046875,0.499921875,0.49995,0.4987810546875,0.4987185546875,0.499471875,0.49990546875,0.4993875,0.4992732421875,0.49512421875,0.499971875,0.49993671875,0.4982373046875,0.49999296875,0.4993654296875,0.4996716796875,0.4992732421875,0.4974169921875,0.49606171875,0.4997326171875,0.4993875,0.49868671875,0.4963875,0.49971796875,0.499096875,0.4977638671875,0.499746875,0.4996044921875,0.49904296875,0.4992,0.4967498046875,0.4997326171875,0.49999921875,0.4992732421875,0.4938810546875,0.4999982421875,0.4999998046875,0.4998357421875,0.4961169921875,0.49943046875,0.49996171875,0.4993654296875,0.49955,0.4997029296875,0.4888435546875,0.499471875,0.49986796875,0.4985888671875,0.4994919921875,0.4997029296875,0.4998357421875,0.4999951171875,0.4987185546875,0.4966482421875,0.4966482421875,0.49998046875,0.49965546875,0.49746171875,0.4998875,0.4993875,0.49904296875,0.4999841796875,0.4997873046875,0.49977421875,0.4999669921875,0.4998,0.4997326171875,0.4999982421875,0.4991748046875,0.4993654296875,0.4999951171875,0.49958671875,0.49943046875,0.49943046875,0.49560546875,0.49977421875,0.49977421875,0.4987185546875,0.498346875,0.49841796875,0.49999296875,0.4998966796875,0.4987810546875,0.4994091796875,0.4998779296875,0.49965546875,0.4981623046875,0.4993875,0.49982421875,0.499996875,0.49999921875,0.49965546875,0.49934296875,0.499471875,0.4999763671875,0.4999904296875,0.495,0.4992248046875,0.4999560546875,0.4974169921875,0.4998966796875,0.49993671875,0.4999294921875,0.49998046875,0.49951171875,0.5,0.4996044921875,0.4977638671875,0.499296875,0.4989875,0.4908875,0.4995685546875,0.499971875,0.4994919921875,0.4998779296875,0.4997607421875,0.4998123046875,0.4993201171875,0.49971796875,0.499746875,0.4992,0.49841796875,0.4996388671875,0.49951171875,0.49924921875,0.4993654296875,0.499996875,0.49796796875,0.498046875,0.4998,0.4941544921875,0.49995,0.4971875,0.4993654296875,0.4997607421875,0.4999435546875,0.4971404296875,0.4999560546875,0.4989013671875,0.49943046875,0.499996875,0.49943046875,0.4993875,0.4997029296875,0.4980076171875,0.4999998046875,0.4992248046875,0.4955466796875,0.499846875,0.499971875,0.49943046875,0.4996716796875,0.497371875,0.4980857421875,0.4993654296875,0.498046875,0.4990154296875,0.4974169921875,0.4999998046875,0.4956638671875,0.4999904296875,0.49993671875,0.4951857421875,0.49904296875,0.49999921875,0.493671875,0.4956638671875,0.4980857421875,0.4989875,0.49709296875,0.4982373046875,0.4995310546875,0.4993654296875,0.4979279296875,0.4992248046875,0.493671875,0.49934296875,0.4996388671875,0.49914921875,0.4967498046875,0.499846875,0.4999435546875,0.4996044921875,0.4998576171875,0.4999982421875,0.49965546875,0.4998875,0.4998779296875,0.4984529296875,0.499746875,0.4982,0.49827421875,0.4975935546875,0.4938810546875,0.4988419921875,0.4999138671875,0.49881171875,0.4998875,0.495246875,0.4999875,0.4998576171875,0.4989591796875,0.498346875,0.4999560546875,0.49993671875,0.49951171875,0.499296875,0.49943046875,0.49990546875,0.49780546875,0.4992248046875,0.49606171875,0.4999998046875,0.499846875,0.4996044921875,0.49977421875,0.4999560546875,0.49999296875,0.499296875,0.4994919921875,0.4996875,0.4999875,0.49746171875,0.4997326171875,0.4998875,0.49943046875,0.5,0.4998123046875,0.4999138671875,0.4999669921875,0.49855546875,0.49990546875,0.4950623046875,0.49595,0.4963875,0.4993875,0.499621875,0.4954279296875,0.49904296875,0.49993671875,0.4993201171875,0.4998779296875,0.4999763671875,0.49841796875,0.49934296875,0.49924921875,0.4992,0.4988419921875,0.4998123046875,0.4997029296875,0.4998875,0.4987185546875,0.49996171875,0.4987185546875,0.499921875,0.4982,0.4975935546875,0.499921875,0.49855546875,0.4988419921875,0.4984875,0.4974169921875,0.4996716796875,0.5,0.499746875,0.4999763671875,0.4997873046875,0.4990154296875,0.4985888671875,0.4998357421875,0.499921875,0.49986796875,0.4982,0.4996044921875,0.495,0.4998966796875,0.4964404296875,0.49893046875,0.4995310546875,0.49487421875,0.4970451171875,0.499746875,0.4999763671875,0.4977638671875,0.4999138671875,0.4987185546875,0.49951171875,0.4997873046875,0.4987185546875,0.4999998046875,0.49993671875,0.4997326171875,0.49763671875,0.49996171875,0.4999138671875,0.4992248046875,0.49971796875,0.4980076171875,0.4998576171875,0.4996044921875,0.4987810546875,0.49958671875,0.4982,0.4999294921875,0.499471875,0.49990546875,0.4999875,0.49955,0.4999998046875,0.49999921875,0.4999435546875,0.49669921875,0.4999435546875,0.499996875,0.4994513671875,0.4996716796875,0.4997326171875,0.4991232421875,0.49996171875,0.4998966796875,0.4971404296875,0.4998,0.4998576171875,0.49999921875,0.49951171875,0.4999138671875,0.49037421875,0.497371875,0.49628046875,0.4993875,0.49435546875,0.49904296875,0.4999138671875,0.4998779296875,0.4997607421875,0.499621875,0.4979279296875,0.49780546875,0.4998779296875,0.4933875,0.4992248046875,0.4999904296875,0.49951171875,0.4991232421875,0.4996388671875,0.49943046875,0.4974169921875,0.49669921875,0.49993671875,0.4997029296875,0.4992732421875,0.4990701171875,0.4999951171875,0.499996875,0.4940185546875,0.49875,0.49999921875,0.4989591796875,0.4987810546875,0.4993875,0.49998046875,0.49875,0.4995685546875,0.497371875,0.4971875,0.499971875,0.4997029296875,0.4987185546875,0.4996875,0.4998576171875,0.4999951171875,0.4999998046875,0.49958671875,0.4989875,0.49996171875,0.4999982421875,0.4983826171875,0.49977421875,0.4976794921875,0.4999763671875,0.4999560546875,0.4999669921875,0.4984875,0.49875,0.4991232421875,0.4982373046875,0.4996875,0.4997029296875,0.49868671875,0.4999435546875,0.4971404296875,0.4996716796875,0.4945529296875,0.4998123046875,0.49294921875,0.49689921875,0.49951171875,0.4998123046875,0.4997029296875,0.4997326171875,0.498046875,0.4996716796875,0.49841796875,0.4998,0.49958671875,0.4995310546875,0.499846875,0.4999951171875,0.4983826171875,0.5,0.4985888671875,0.496996875,0.4989013671875,0.4997326171875,0.49763671875,0.49982421875,0.4973263671875,0.4996388671875,0.49649296875,0.4999669921875,0.4993654296875,0.499296875,0.4996044921875,0.4997326171875,0.4980076171875,0.4989013671875,0.49977421875,0.49934296875,0.49881171875,0.4999435546875,0.4994091796875,0.49965546875,0.499971875,0.4989013671875,0.4985888671875,0.4999294921875,0.499921875,0.4999875,0.49924921875,0.4999875,0.4999763671875,0.5,0.49995,0.49993671875,0.4991748046875,0.49855546875,0.4994919921875,0.4997029296875,0.4998123046875,0.4999841796875,0.4999138671875,0.49709296875,0.4974169921875,0.4999841796875,0.4997607421875,0.49943046875,0.4980076171875,0.4983107421875,0.4996716796875,0.499621875,0.4980857421875,0.4996388671875,0.49977421875,0.4993875,0.4997873046875,0.4958935546875,0.4998875,0.4999875,0.4998966796875,0.4982373046875,0.4990154296875,0.4978875,0.49951171875,0.49827421875,0.499746875,0.4993875,0.49943046875,0.4999435546875,0.499996875,0.49958671875,0.4997326171875,0.4996388671875,0.499746875,0.4997873046875,0.4998576171875,0.498046875,0.4997029296875,0.4994919921875,0.499846875,0.4972341796875,0.49924921875,0.4997873046875,0.4999998046875,0.499471875,0.49958671875,0.4999435546875,0.4998357421875,0.4998357421875,0.4999560546875,0.4999875,0.49999921875,0.4997873046875,0.49728046875,0.4999904296875,0.496996875,0.4998357421875,0.4944875,0.499971875,0.498046875,0.49999921875,0.4997873046875,0.49958671875,0.4999982421875,0.4958935546875,0.4999841796875,0.4978875,0.49999921875,0.4971404296875,0.4990154296875,0.49595,0.4989591796875,0.4992248046875,0.4940185546875,0.4994091796875,0.4969482421875,0.499846875,0.4993201171875,0.499996875,0.49999296875,0.4986544921875,0.49875,0.49689921875,0.4999560546875,0.4991232421875,0.49999296875,0.49943046875,0.4985888671875,0.499746875,0.4983826171875,0.4989013671875,0.49943046875,0.498871875,0.4998576171875,0.4999982421875,0.4985216796875,0.49999921875,0.4992732421875,0.49796796875,0.4983107421875,0.4893966796875,0.49875,0.49999921875,0.49999921875,0.499971875,0.5,0.49971796875,0.49986796875,0.49827421875,0.4998357421875,0.49649296875,0.49868671875,0.4999560546875,0.49958671875,0.4987810546875,0.49993671875,0.4995310546875,0.4991232421875,0.4975935546875,0.4956638671875,0.49998046875,0.499971875,0.4998966796875,0.4999435546875,0.4989875,0.4978875,0.49951171875,0.4978466796875,0.49868671875,0.49893046875,0.4998123046875,0.4994091796875,0.4985216796875,0.4958935546875,0.499996875,0.4986544921875,0.498621875,0.4969482421875,0.49881171875,0.49955,0.4998779296875,0.4999435546875,0.4993654296875,0.4987185546875,0.498621875,0.49924921875,0.4999294921875,0.4975060546875,0.499471875,0.4999951171875,0.4975060546875,0.4998875,0.4967498046875,0.4998123046875,0.4963875,0.4995310546875,0.49746171875,0.4998779296875,0.49999921875,0.4968,0.499746875,0.49951171875,0.4993201171875,0.49996171875,0.49763671875,0.4969482421875,0.4993875,0.49999921875,0.4999875,0.49746171875,0.49904296875,0.498621875,0.49934296875,0.49780546875,0.49986796875,0.499971875,0.4999998046875,0.499096875,0.49990546875,0.4994091796875,0.4971875,0.49977421875,0.49996171875,0.4992248046875,0.4999841796875,0.49746171875,0.4998,0.4962263671875,0.49951171875,0.4997873046875,0.4999435546875,0.49951171875,0.49780546875,0.4978466796875,0.4998779296875,0.49914921875,0.499971875,0.499096875,0.499971875,0.4977638671875,0.4991232421875,0.4995685546875,0.49999921875,0.499471875,0.4954875,0.4979279296875,0.4990701171875,0.499746875,0.4999951171875,0.4933875,0.4980857421875,0.49971796875,0.49606171875,0.4998576171875,0.4987185546875,0.49855546875,0.496996875,0.4987810546875,0.4990701171875,0.49881171875,0.49958671875,0.4994091796875,0.499471875,0.4997607421875,0.4999560546875,0.49999296875,0.4999294921875,0.4988419921875,0.4954279296875,0.49990546875,0.4991232421875,0.496171875,0.49955,0.49993671875,0.4998,0.49971796875,0.4982373046875,0.4997326171875,0.49868671875,0.498871875,0.4992732421875,0.4962263671875,0.49855546875,0.4998576171875,0.4998,0.4998966796875,0.4994513671875,0.4999951171875,0.49965546875,0.49986796875,0.49965546875,0.496596875,0.4999435546875,0.4981623046875,0.4978875,0.4999841796875,0.4985888671875,0.5,0.496996875,0.49881171875,0.4995310546875,0.4993201171875,0.498871875,0.499971875,0.49995,0.49951171875,0.49990546875,0.499921875,0.498871875,0.49993671875,0.49943046875,0.49986796875,0.4960060546875,0.49827421875,0.498871875,0.49990546875,0.49746171875,0.4973263671875,0.4996388671875,0.4998966796875,0.49934296875,0.4998576171875,0.497721875,0.4997326171875,0.49995,0.4998779296875,0.4944875,0.4998123046875,0.4995310546875,0.4996044921875,0.4998779296875,0.49951171875,0.49924921875,0.49982421875,0.499746875,0.4998779296875,0.49746171875,0.4999138671875,0.4967498046875,0.4997029296875,0.49855546875,0.4998357421875,0.4997607421875,0.4971875,0.49689921875,0.4999904296875,0.499621875,0.49998046875,0.4984529296875,0.49996171875,0.49999921875,0.4998,0.4999841796875,0.4991748046875,0.4982373046875,0.49999296875,0.4999982421875,0.499996875,0.49875,0.4999951171875,0.4998966796875,0.49914921875,0.4999435546875,0.4983826171875,0.49996171875,0.4997607421875,0.4999841796875,0.49512421875,0.4998123046875,0.4973263671875,0.49999921875,0.4999669921875,0.4995310546875,0.4999560546875,0.4999904296875,0.4989591796875,0.4993201171875,0.4999841796875,0.4998875,0.49536796875,0.4997873046875,0.49999296875,0.4991748046875,0.498871875,0.4997029296875,0.4997326171875,0.4997607421875,0.496171875,0.49993671875,0.4980076171875,0.499296875,0.49943046875,0.4998123046875,0.4999669921875,0.499921875,0.4999669921875,0.4990701171875,0.4997029296875,0.4962263671875,0.4998875,0.4997326171875,0.49958671875,0.4998123046875,0.49893046875,0.4980857421875,0.4998875,0.4999138671875,0.49971796875,0.4998875,0.49649296875,0.49995,0.49924921875,0.4993654296875,0.499921875,0.4990154296875,0.4955466796875,0.4992248046875,0.496996875,0.49982421875,0.49955,0.4989591796875,0.4996044921875,0.4992248046875,0.4998357421875,0.49934296875,0.499971875,0.4997607421875,0.4978875,0.4996716796875,0.49904296875,0.49999296875,0.499846875,0.4991232421875,0.49995,0.49965546875,0.4993654296875,0.49995,0.49728046875,0.49999921875,0.5,0.49746171875,0.4984529296875,0.4994919921875,0.4968498046875,0.4998576171875,0.49755,0.4993875,0.4999982421875,0.4999763671875,0.499971875,0.4990701171875,0.49999296875,0.4941544921875,0.496596875,0.4998779296875,0.4999904296875,0.4998357421875,0.4994919921875,0.498871875,0.4974169921875,0.49995,0.499921875,0.493096875,0.4995685546875,0.4993875,0.4980857421875,0.49796796875,0.4994919921875,0.4992,0.4994919921875,0.4983826171875,0.4990701171875,0.4998357421875,0.4998779296875,0.4996044921875,0.4992248046875,0.4998,0.49914921875,0.4998966796875,0.49709296875,0.4992732421875,0.49914921875,0.498621875,0.4996875,0.4994091796875,0.49990546875,0.4954875,0.4995310546875,0.4999763671875,0.49955,0.49924921875,0.49934296875,0.499096875,0.498621875,0.4999669921875,0.49951171875,0.4994513671875,0.4994919921875,0.4973263671875,0.499471875,0.4936013671875,0.4978466796875,0.49560546875,0.4998576171875,0.4994919921875,0.4995685546875,0.4989875,0.4985216796875,0.49958671875,0.4999998046875,0.49728046875
0.49995,0.496171875,0.49755,0.4997873046875,0.4944216796875,0.49990546875,0.4984529296875,0.4998,0.4998875,0.49986796875,0.4975935546875,0.4991232421875,0.4983107421875,0.4998875,0.49999921875,0.4980857421875,0.495721875,0.499921875,0.49998046875,0.49996171875,0.4973263671875,0.4973263671875,0.49999921875,0.49914921875,0.4997873046875,0.49746171875,0.49971796875,0.499471875,0.49924921875,0.49951171875,0.4979279296875,0.49996171875,0.4987185546875,0.4999763671875,0.4989013671875,0.499621875,0.49893046875,0.4999875,0.4987185546875,0.4994919921875,0.4978875,0.496596875,0.4998576171875,0.4996388671875,0.4994919921875,0.49893046875,0.4980857421875,0.4996388671875,0.499846875,0.4998779296875,0.49986796875,0.4996716796875,0.49982421875,0.4999294921875,0.499971875,0.4999904296875,0.4997326171875,0.4992732421875,0.49996171875,0.499846875,0.49990546875,0.49780546875,0.4999435546875,0.4999138671875,0.49669921875,0.49990546875,0.4987185546875,0.49855546875,0.499921875,0.49881171875,0.4998,0.49943046875,0.4984529296875,0.4999763671875,0.4996716796875,0.49971796875,0.49998046875,0.498046875,0.4960060546875,0.49924921875,0.4999951171875,0.49995,0.499996875,0.4977638671875,0.4990701171875,0.49958671875,0.4996716796875,0.4998357421875,0.4999904296875,0.4936013671875,0.4999982421875,0.499921875,0.49951171875,0.4997029296875,0.49965546875,0.4996716796875,0.499846875,0.49728046875,0.49606171875,0.4991748046875,0.4994513671875,0.4992248046875,0.4963341796875,0.49995,0.4974169921875,0.4990154296875,0.49971796875,0.4999841796875,0.4997326171875,0.4999763671875,0.49958671875,0.49951171875,0.4999951171875,0.4993654296875,0.4983826171875,0.49996171875,0.49990546875,0.499471875,0.4966482421875,0.4991748046875,0.4996388671875,0.49881171875,0.499471875,0.499921875,0.49138671875,0.498346875,0.4999904296875,0.497371875,0.49995,0.4995310546875,0.499971875,0.499996875,0.49965546875,0.4968,0.4965451171875,0.4998966796875,0.4996388671875,0.4979279296875,0.49893046875,0.49796796875,0.4980076171875,0.499746875,0.4999982421875,0.4998875,0.49990546875,0.4990701171875,0.49996171875,0.4997607421875,0.49934296875,0.4983107421875,0.49999296875,0.4996044921875,0.4989013671875,0.4999435546875,0.4971404296875,0.499096875,0.4999982421875,0.4975935546875,0.499096875,0.4987810546875,0.49993671875,0.49986796875,0.499621875,0.4984875,0.49999921875,0.49971796875,0.4993654296875,0.4998,0.4999982421875,0.4981623046875,0.4996716796875,0.49881171875,0.498621875,0.4993654296875,0.4999982421875,0.49996171875,0.4966482421875,0.4993654296875,0.499921875,0.4964404296875,0.499921875,0.4999435546875,0.49971796875,0.49995,0.4971404296875,0.49999296875,0.4991748046875,0.4951857421875,0.49951171875,0.4998966796875,0.48699921875,0.4994919921875,0.4996716796875,0.4999560546875,0.499296875,0.49904296875,0.4998,0.49943046875,0.4993875,0.49971796875,0.4997029296875,0.49881171875,0.4994919921875,0.4992,0.4997029296875,0.49995,0.4999841796875,0.4972341796875,0.4963875,0.49990546875,0.4927248046875,0.49986796875,0.4975060546875,0.499921875,0.4989875,0.4998123046875,0.4994091796875,0.4996044921875,0.49875,0.4998357421875,0.49999921875,0.4996388671875,0.49965546875,0.4994919921875,0.49965546875,0.4999951171875,0.49709296875,0.4922654296875,0.4993201171875,0.49999296875,0.4993875,0.4999669921875,0.49595,0.49955,0.4996044921875,0.4979279296875,0.4989875,0.4985216796875,0.4997607421875,0.4964404296875,0.49999921875,0.4998,0.4971875,0.49812421875,0.4999669921875,0.4934591796875,0.4989875,0.49649296875,0.4995310546875,0.495,0.4987185546875,0.4999294921875,0.4993875,0.4953076171875,0.499096875,0.4909716796875,0.49893046875,0.4988419921875,0.4984529296875,0.49755,0.4999998046875,0.4999435546875,0.499296875,0.499996875,0.4999841796875,0.4998875,0.499621875,0.4999669921875,0.49868671875,0.4993654296875,0.497371875,0.49868671875,0.49914921875,0.4933875,0.49709296875,0.4996044921875,0.4984875,0.499921875,0.4953076171875,0.4990701171875,0.4997873046875,0.4992,0.4983826171875,0.499921875,0.4999998046875,0.49982421875,0.49827421875,0.4980857421875,0.499746875,0.49875,0.4979279296875,0.4989875,0.4999435546875,0.49999921875,0.49881171875,0.4996044921875,0.4996716796875,0.4999998046875,0.499471875,0.49951171875,0.4996875,0.5,0.49868671875,0.4998966796875,0.49868671875,0.4998576171875,0.4996716796875,0.4996044921875,0.4999763671875,0.4999951171875,0.4986544921875,0.499921875,0.49689921875,0.49669921875,0.4964404296875,0.49955,0.4997607421875,0.4963875,0.4974169921875,0.4998875,0.4979279296875,0.49998046875,0.4996875,0.4987185546875,0.4994513671875,0.4994091796875,0.4992732421875,0.4999904296875,0.49875,0.4985216796875,0.4999435546875,0.498346875,0.499296875,0.49881171875,0.499921875,0.4980857421875,0.49996171875,0.49996171875,0.49914921875,0.499096875,0.4985216796875,0.49746171875,0.4998576171875,0.4999435546875,0.4998357421875,0.4999982421875,0.4999951171875,0.4995310546875,0.49875,0.49999921875,0.4999294921875,0.49986796875,0.4989875,0.4989013671875,0.49461796875,0.49971796875,0.4951857421875,0.4967498046875,0.4999763671875,0.4930232421875,0.49924921875,0.4998779296875,0.49998046875,0.4954279296875,0.4995310546875,0.49934296875,0.499096875,0.4999435546875,0.4999951171875,0.49998046875,0.4999875,0.499996875,0.4975935546875,0.4999951171875,0.4999875,0.497721875,0.498871875,0.4956638671875,0.4999998046875,0.4989875,0.49780546875,0.4998123046875,0.4983107421875,0.49993671875,0.4985216796875,0.4997029296875,0.4995310546875,0.49914921875,0.4999904296875,0.49904296875,0.49951171875,0.4978466796875,0.499096875,0.4999951171875,0.4998,0.4989013671875,0.49955,0.49977421875,0.4999982421875,0.4999904296875,0.497371875,0.49986796875,0.4992248046875,0.49965546875,0.4992248046875,0.498871875,0.491221875,0.49583671875,0.4985216796875,0.4986544921875,0.49487421875,0.4994919921875,0.49995,0.4996044921875,0.4993654296875,0.497721875,0.49943046875,0.4968498046875,0.49990546875,0.49264921875,0.49982421875,0.499846875,0.4999435546875,0.4995685546875,0.4992732421875,0.49934296875,0.498046875,0.49755,0.4998576171875,0.499746875,0.49924921875,0.4990701171875,0.49995,0.499996875,0.4921091796875,0.4997326171875,0.49993671875,0.4991232421875,0.4976794921875,0.4996716796875,0.49999921875,0.49904296875,0.4990701171875,0.499296875,0.4984529296875,0.49977421875,0.4980857421875,0.49855546875,0.4989013671875,0.4998966796875,0.4999763671875,0.49999296875,0.4997029296875,0.4989013671875,0.4999138671875,0.5,0.4982373046875,0.4999560546875,0.4973263671875,0.499921875,0.4996044921875,0.499846875,0.4980857421875,0.4992,0.499746875,0.49855546875,0.4987810546875,0.4999951171875,0.4985888671875,0.4997326171875,0.496596875,0.4999669921875,0.49606171875,0.49875,0.494746875,0.4980857421875,0.499621875,0.4995685546875,0.5,0.49914921875,0.49841796875,0.49995,0.4980857421875,0.49986796875,0.4998123046875,0.4997873046875,0.49996171875,0.4999951171875,0.4989591796875,0.4999904296875,0.4960060546875,0.4972341796875,0.4992732421875,0.499471875,0.4976794921875,0.49982421875,0.4978466796875,0.499971875,0.496996875,0.4998966796875,0.4999841796875,0.499921875,0.4974169921875,0.49998046875,0.4999138671875,0.49904296875,0.49977421875,0.4983107421875,0.4979279296875,0.4999763671875,0.4999841796875,0.4998357421875,0.4999294921875,0.498346875,0.49868671875,0.49958671875,0.5,0.4999560546875,0.4992248046875,0.499996875,0.49995,0.4999998046875,0.4999560546875,0.4999138671875,0.4993875,0.4991748046875,0.4993201171875,0.498046875,0.4999904296875,0.499996875,0.49965546875,0.4930232421875,0.4975060546875,0.49990546875,0.49971796875,0.498621875,0.4980857421875,0.49841796875,0.49943046875,0.4997029296875,0.4992248046875,0.4994919921875,0.49881171875,0.499471875,0.4992,0.4976794921875,0.49965546875,0.49998046875,0.4997029296875,0.4989875,0.499096875,0.4970451171875,0.4997607421875,0.49893046875,0.4989591796875,0.4993654296875,0.49855546875,0.49998046875,0.49951171875,0.4997029296875,0.4998875,0.4997029296875,0.4990154296875,0.499296875,0.4994091796875,0.4979279296875,0.4991748046875,0.4993654296875,0.499096875,0.4953076171875,0.4991232421875,0.5,0.499846875,0.4998123046875,0.4997873046875,0.4999138671875,0.499996875,0.4999138671875,0.499996875,0.4998966796875,0.4999669921875,0.4990701171875,0.499096875,0.4997326171875,0.4984875,0.49914921875,0.4975060546875,0.49998046875,0.4983107421875,0.499971875,0.499471875,0.49977421875,0.4999904296875,0.49324296875,0.4996875,0.499746875,0.4999904296875,0.4986544921875,0.4975060546875,0.49689921875,0.4990701171875,0.49965546875,0.495246875,0.4993654296875,0.4980076171875,0.4997029296875,0.49965546875,0.4998966796875,0.499996875,0.4997326171875,0.49841796875,0.4982373046875,0.4993875,0.499296875,0.4999951171875,0.499471875,0.4991232421875,0.499996875,0.4978466796875,0.4975060546875,0.4994919921875,0.4975060546875,0.4999669921875,0.4996044921875,0.49914921875,0.4999138671875,0.4996388671875,0.4982,0.496996875,0.4927248046875,0.49855546875,0.49995,0.49996171875,0.4997873046875,0.49999921875,0.4993875,0.4998966796875,0.4975935546875,0.4999294921875,0.497721875,0.49977421875,0.4999998046875,0.4990154296875,0.4997326171875,0.49971796875,0.4998357421875,0.4996388671875,0.498046875,0.495721875,0.499746875,0.499996875,0.49977421875,0.499471875,0.4978466796875,0.49780546875,0.49934296875,0.4972341796875,0.4985216796875,0.49914921875,0.4991748046875,0.49914921875,0.498621875,0.4958935546875,0.49977421875,0.4989875,0.4980857421875,0.4980076171875,0.4996716796875,0.499746875,0.4992,0.499746875,0.49943046875,0.4989013671875,0.4977638671875,0.4996875,0.4996044921875,0.496596875,0.4996875,0.4994091796875,0.4983107421875,0.4998875,0.49689921875,0.499746875,0.49755,0.49965546875,0.4966482421875,0.49995,0.49990546875,0.4975060546875,0.4987810546875,0.4999841796875,0.49996171875,0.499921875,0.4996716796875,0.49827421875,0.4999560546875,0.4999875,0.499996875,0.4984529296875,0.49951171875,0.4994091796875,0.4999982421875,0.4989013671875,0.4999998046875,0.49999296875,0.49996171875,0.4999669921875,0.4999669921875,0.49958671875,0.496996875,0.49893046875,0.4999982421875,0.4991748046875,0.49971796875,0.496171875,0.49995,0.49487421875,0.4997607421875,0.4993875,0.499996875,0.4999560546875,0.4983107421875,0.49841796875,0.499746875,0.4982373046875,0.4998576171875,0.4994919921875,0.4998,0.4989013671875,0.4979279296875,0.499746875,0.49924921875,0.499996875,0.4933875,0.4986544921875,0.4981623046875,0.4990154296875,0.4998966796875,0.49155,0.4985888671875,0.49982421875,0.4933875,0.4998123046875,0.4998576171875,0.4975935546875,0.4980857421875,0.4975935546875,0.4996716796875,0.49943046875,0.499971875,0.4999294921875,0.499471875,0.49955,0.499846875,0.499471875,0.5,0.4997873046875,0.495246875,0.4999998046875,0.4997326171875,0.4944216796875,0.499921875,0.4998875,0.49841796875,0.4995685546875,0.497371875,0.4996716796875,0.497721875,0.4989591796875,0.4993875,0.4972341796875,0.49868671875,0.4999875,0.4996388671875,0.4991748046875,0.49951171875,0.499846875,0.499746875,0.4999982421875,0.4996875,0.4966482421875,0.4999435546875,0.49868671875,0.497371875,0.4999560546875,0.49827421875,0.4994091796875,0.49709296875,0.49881171875,0.499746875,0.499921875,0.4996716796875,0.4999294921875,0.4999763671875,0.4996875,0.4999763671875,0.499096875,0.498346875,0.4998875,0.4996716796875,0.4997607421875,0.49606171875,0.4984875,0.4968498046875,0.49990546875,0.4967498046875,0.497721875,0.4996716796875,0.49986796875,0.49868671875,0.4999841796875,0.49914921875,0.498621875,0.4996716796875,0.4993654296875,0.49487421875,0.5,0.4995685546875,0.49971796875,0.499621875,0.4991232421875,0.4998123046875,0.49943046875,0.4987810546875,0.4999998046875,0.4979279296875,0.4999875,0.49763671875,0.49998046875,0.4981623046875,0.4999904296875,0.4990701171875,0.495721875,0.4990701171875,0.4999875,0.49998046875,0.49986796875,0.496996875,0.4999875,0.49993671875,0.4999669921875,0.4994919921875,0.4977638671875,0.49746171875,0.499971875,0.49986796875,0.49999921875,0.49943046875,0.49999921875,0.49999296875,0.49943046875,0.49995,0.4989591796875,0.4999763671875,0.4999138671875,0.49990546875,0.49669921875,0.499971875,0.49395,0.49995,0.4992,0.499921875,0.49982421875,0.49999921875,0.498871875,0.49812421875,0.49934296875,0.499471875,0.4964404296875,0.4996875,0.4999294921875,0.4991232421875,0.49986796875,0.4989013671875,0.4992732421875,0.4997607421875,0.49763671875,0.4988419921875,0.498871875,0.49924921875,0.4993875,0.4990154296875,0.49982421875,0.49999921875,0.4996716796875,0.49780546875,0.4998966796875,0.496996875,0.4999435546875,0.49904296875,0.4985216796875,0.49996171875,0.49689921875,0.49827421875,0.4980857421875,0.49995,0.49951171875,0.4997607421875,0.4962263671875,0.4999138671875,0.5,0.49868671875,0.4994919921875,0.4993201171875,0.496171875,0.4991232421875,0.49763671875,0.4998123046875,0.49763671875,0.49780546875,0.4998357421875,0.4997607421875,0.499996875,0.4998,0.49934296875,0.49996171875,0.4964404296875,0.49998046875,0.4988419921875,0.49999296875,0.4996044921875,0.4989875,0.4996875,0.4995310546875,0.4992248046875,0.49965546875,0.4975060546875,0.49998046875,0.499971875,0.498046875,0.4997607421875,0.49958671875,0.49855546875,0.4999669921875,0.4994091796875,0.4996388671875,0.499996875,0.49934296875,0.4998357421875,0.49746171875,0.4999982421875,0.4968,0.496171875,0.4998123046875,0.49965546875,0.499971875,0.499621875,0.499096875,0.4996044921875,0.4998576171875,0.49965546875,0.4880841796875,0.4994919921875,0.49914921875,0.4980857421875,0.498046875,0.4998123046875,0.499621875,0.499621875,0.4978875,0.4992732421875,0.4998576171875,0.4995685546875,0.49998046875,0.499471875,0.49999296875,0.4997029296875,0.49998046875,0.4954875,0.49958671875,0.49728046875,0.4983826171875,0.49955,0.4993201171875,0.4998966796875,0.4987185546875,0.4988419921875,0.4999904296875,0.4994919921875,0.4999138671875,0.49958671875,0.4992,0.4989591796875,0.4990701171875,0.4991232421875,0.49996171875,0.49943046875,0.49763671875,0.4999138671875,0.49324296875,0.49951171875,0.4963341796875,0.4999982421875,0.49965546875,0.4997607421875,0.4998875,0.49875,0.4996875,0.499846875,0.498346875
0.4999435546875,0.4953076171875,0.49934296875,0.4998357421875,0.4954279296875,0.4999294921875,0.4990701171875,0.4999669921875,0.4999841796875,0.4997029296875,0.497721875,0.4992248046875,0.496596875,0.4999294921875,0.4998875,0.4994919921875,0.4955466796875,0.4996044921875,0.4998779296875,0.4997029296875,0.4968,0.4994513671875,0.4999841796875,0.4982373046875,0.49986796875,0.4980857421875,0.4997029296875,0.49780546875,0.4999904296875,0.49934296875,0.4986544921875,0.4996388671875,0.4989013671875,0.4998779296875,0.4977638671875,0.4993654296875,0.49951171875,0.4999841796875,0.4984529296875,0.4989013671875,0.4989013671875,0.4975935546875,0.4999998046875,0.4995310546875,0.4997873046875,0.4966482421875,0.499096875,0.49995,0.4999951171875,0.4999763671875,0.4998357421875,0.4999998046875,0.499846875,0.4993875,0.4996716796875,0.49982421875,0.499746875,0.49924921875,0.49943046875,0.4999294921875,0.499921875,0.4970451171875,0.4996716796875,0.4999435546875,0.49763671875,0.4998,0.4987810546875,0.4974169921875,0.499621875,0.49943046875,0.4998875,0.49893046875,0.4997873046875,0.49971796875,0.4999875,0.4998576171875,0.4997029296875,0.4971404296875,0.49649296875,0.4999982421875,0.4999982421875,0.4998,0.4999841796875,0.4970451171875,0.49893046875,0.499296875,0.49934296875,0.499921875,0.499621875,0.4908029296875,0.4999998046875,0.49996171875,0.4972341796875,0.4999982421875,0.4997873046875,0.49977421875,0.4996875,0.49709296875,0.49395,0.49934296875,0.4995310546875,0.4993654296875,0.4969482421875,0.4998875,0.4961169921875,0.4988419921875,0.4996388671875,0.4998966796875,0.4997029296875,0.499971875,0.49746171875,0.4999982421875,0.4995685546875,0.4993654296875,0.49881171875,0.499846875,0.49986796875,0.499471875,0.4982373046875,0.4985888671875,0.499921875,0.4993875,0.4963875,0.4999904296875,0.4886560546875,0.49709296875,0.49996171875,0.4978466796875,0.49999921875,0.4997326171875,0.499846875,0.499846875,0.49904296875,0.4980076171875,0.4934591796875,0.4998966796875,0.4992248046875,0.4978875,0.4983826171875,0.49435546875,0.4987810546875,0.499621875,0.4998966796875,0.4986544921875,0.49995,0.4983826171875,0.49924921875,0.4999763671875,0.49914921875,0.4999138671875,0.4997029296875,0.4994513671875,0.4985888671875,0.4997607421875,0.496596875,0.49881171875,0.4994513671875,0.49689921875,0.4983107421875,0.498621875,0.4999904296875,0.4998357421875,0.499296875,0.49881171875,0.49993671875,0.49971796875,0.4997873046875,0.4994091796875,0.499846875,0.4983826171875,0.49965546875,0.498621875,0.4991232421875,0.4992732421875,0.4998875,0.4999560546875,0.4993654296875,0.4999560546875,0.4999138671875,0.4944875,0.4999841796875,0.499996875,0.499471875,0.49977421875,0.499746875,0.49999296875,0.49958671875,0.4972341796875,0.49875,0.4997873046875,0.4879875,0.4999841796875,0.5,0.4998966796875,0.4993875,0.4994513671875,0.4995685546875,0.4994091796875,0.49971796875,0.49977421875,0.4998875,0.49812421875,0.4995310546875,0.4990701171875,0.4999669921875,0.4999904296875,0.4999294921875,0.497721875,0.4979279296875,0.4993875,0.49408671875,0.49875,0.4953076171875,0.4998123046875,0.4980857421875,0.4995310546875,0.4987810546875,0.4994091796875,0.49995,0.49965546875,0.4999669921875,0.499996875,0.49977421875,0.4997029296875,0.499471875,0.49995,0.4990154296875,0.4906326171875,0.4996716796875,0.49998046875,0.4998123046875,0.4999951171875,0.4973263671875,0.4980076171875,0.4994919921875,0.4958935546875,0.49999296875,0.498621875,0.4999875,0.4949373046875,0.498621875,0.49958671875,0.4916310546875,0.4977638671875,0.4998357421875,0.49560546875,0.4986544921875,0.4979279296875,0.4994919921875,0.4968,0.4993654296875,0.4983107421875,0.4998,0.4963341796875,0.49977421875,0.491871875,0.49855546875,0.4978875,0.49943046875,0.4964404296875,0.4998357421875,0.49914921875,0.49971796875,0.4999763671875,0.4998357421875,0.4989875,0.4996716796875,0.4999294921875,0.49998046875,0.4999435546875,0.4980857421875,0.4990701171875,0.498621875,0.4928,0.4987810546875,0.4999669921875,0.49649296875,0.4996388671875,0.495246875,0.4984875,0.4999435546875,0.49868671875,0.4997029296875,0.4999841796875,0.4997607421875,0.4989013671875,0.499096875,0.49881171875,0.4998576171875,0.4989875,0.49875,0.4978466796875,0.4999875,0.499921875,0.49875,0.49999296875,0.49812421875,0.4998875,0.4993201171875,0.499971875,0.499296875,0.4999138671875,0.4989875,0.4998779296875,0.49990546875,0.49955,0.4994919921875,0.49904296875,0.49998046875,0.4999435546875,0.4986544921875,0.4997873046875,0.49487421875,0.49728046875,0.4970451171875,0.49855546875,0.4989875,0.4940185546875,0.4986544921875,0.4999998046875,0.49875,0.4998,0.4998779296875,0.497371875,0.4989591796875,0.49955,0.49796796875,0.4998966796875,0.4994919921875,0.4992248046875,0.4998966796875,0.49841796875,0.4993654296875,0.4982,0.49990546875,0.4988419921875,0.49924921875,0.4999763671875,0.49855546875,0.4992,0.4993201171875,0.4963875,0.4999951171875,0.4991232421875,0.4999951171875,0.4998966796875,0.4998,0.4989591796875,0.49875,0.4999560546875,0.499096875,0.49855546875,0.4996044921875,0.49893046875,0.49536796875,0.49999921875,0.490546875,0.4983826171875,0.4999841796875,0.49408671875,0.4989591796875,0.4998357421875,0.4998779296875,0.4964404296875,0.49943046875,0.498871875,0.49893046875,0.49996171875,0.4999998046875,0.4999875,0.49998046875,0.4999841796875,0.49746171875,0.499921875,0.4994919921875,0.49728046875,0.4993201171875,0.49709296875,0.499921875,0.4997873046875,0.49755,0.49986796875,0.4987185546875,0.4998966796875,0.4988419921875,0.49965546875,0.49995,0.499971875,0.49999921875,0.49958671875,0.49996171875,0.499621875,0.4997607421875,0.4995685546875,0.499471875,0.4992732421875,0.49999921875,0.499921875,0.4997873046875,0.4997029296875,0.4948107421875,0.4999841796875,0.4996875,0.49982421875,0.49855546875,0.4980076171875,0.4890294921875,0.4945529296875,0.4981623046875,0.49881171875,0.49487421875,0.4982,0.49996171875,0.4998123046875,0.49875,0.499096875,0.49855546875,0.4968498046875,0.49881171875,0.4906326171875,0.49999296875,0.49934296875,0.4999951171875,0.49958671875,0.49868671875,0.49855546875,0.4987810546875,0.4983107421875,0.4998357421875,0.4999904296875,0.4994919921875,0.4987185546875,0.49995,0.49999921875,0.4933875,0.49999296875,0.49914921875,0.49914921875,0.499471875,0.49999296875,0.4999951171875,0.49965546875,0.4994919921875,0.4999763671875,0.4989875,0.5,0.49780546875,0.4987810546875,0.49965546875,0.49998046875,0.499846875,0.4999294921875,0.499621875,0.4992,0.4999294921875,0.4999138671875,0.4958935546875,0.5,0.4985216796875,0.4999138671875,0.4999560546875,0.4999138671875,0.498871875,0.4988419921875,0.4996044921875,0.49875,0.4999904296875,0.499996875,0.49812421875,0.49998046875,0.495246875,0.4999951171875,0.495721875,0.4991748046875,0.4913044921875,0.49746171875,0.49934296875,0.498871875,0.49990546875,0.4993875,0.49875,0.49996171875,0.4992248046875,0.49951171875,0.4999841796875,0.4999138671875,0.4999294921875,0.499921875,0.4995310546875,0.4997607421875,0.49746171875,0.49512421875,0.4996044921875,0.4993875,0.4971875,0.4999138671875,0.49628046875,0.4997607421875,0.4984529296875,0.4998875,0.499971875,0.499471875,0.4967498046875,0.4999294921875,0.499996875,0.4985888671875,0.4999982421875,0.4998875,0.498621875,0.49999296875,0.4999560546875,0.49977421875,0.49982421875,0.4989875,0.4998,0.4997029296875,0.4999138671875,0.4999998046875,0.498621875,0.49999296875,0.4991232421875,0.4996875,0.4998,0.49999296875,0.49955,0.4993875,0.49999921875,0.49755,0.4999294921875,0.4999669921875,0.49881171875,0.4978875,0.4984529296875,0.499971875,0.4999138671875,0.4997326171875,0.4949373046875,0.4980076171875,0.49999921875,0.4987810546875,0.4997029296875,0.4997029296875,0.4999951171875,0.4992732421875,0.4987185546875,0.49875,0.4999998046875,0.49998046875,0.49982421875,0.4995310546875,0.4997873046875,0.4976794921875,0.4996388671875,0.49855546875,0.4999841796875,0.4993875,0.4992732421875,0.49998046875,0.4996875,0.49943046875,0.4992248046875,0.49951171875,0.49868671875,0.49986796875,0.4998357421875,0.4945529296875,0.4993654296875,0.4989591796875,0.49904296875,0.4904607421875,0.499846875,0.499921875,0.4999138671875,0.4995310546875,0.49943046875,0.4998779296875,0.4999904296875,0.49999921875,0.4998875,0.49998046875,0.49986796875,0.49924921875,0.49780546875,0.49914921875,0.4982,0.49943046875,0.4985216796875,0.49995,0.498046875,0.499296875,0.49943046875,0.4993201171875,0.4999982421875,0.490546875,0.499996875,0.4997873046875,0.4999982421875,0.4990154296875,0.4986544921875,0.4961169921875,0.4990154296875,0.49875,0.49606171875,0.49958671875,0.49746171875,0.49841796875,0.4996388671875,0.49841796875,0.49914921875,0.4998,0.49934296875,0.4983107421875,0.4993875,0.4992,0.4996875,0.4999294921875,0.4974169921875,0.4998576171875,0.4972341796875,0.4970451171875,0.4999138671875,0.4971404296875,0.4997029296875,0.4990154296875,0.49955,0.49982421875,0.4997326171875,0.497721875,0.49855546875,0.4884669921875,0.49689921875,0.4994091796875,0.4999841796875,0.4994919921875,0.4999904296875,0.4999841796875,0.4998,0.4954875,0.4999982421875,0.498871875,0.499621875,0.49951171875,0.49990546875,0.4996388671875,0.4995310546875,0.49855546875,0.4996044921875,0.4980076171875,0.4950623046875,0.49999921875,0.4999763671875,0.4993875,0.4993201171875,0.49689921875,0.49924921875,0.4988419921875,0.49924921875,0.4993654296875,0.49993671875,0.4995310546875,0.4980857421875,0.4989591796875,0.4940185546875,0.4999904296875,0.49958671875,0.49628046875,0.4985888671875,0.49881171875,0.4996044921875,0.49951171875,0.4989013671875,0.49965546875,0.4992732421875,0.4981623046875,0.4992248046875,0.4975935546875,0.4964404296875,0.4990701171875,0.49986796875,0.4992248046875,0.49924921875,0.49755,0.49986796875,0.4966482421875,0.4993201171875,0.49728046875,0.4998779296875,0.49986796875,0.4962263671875,0.4993201171875,0.4996388671875,0.499921875,0.499846875,0.499296875,0.49904296875,0.4999841796875,0.49982421875,0.4999763671875,0.499096875,0.4998779296875,0.499096875,0.4990701171875,0.4992,0.49995,0.49999921875,0.4999669921875,0.4998875,0.4999560546875,0.4996388671875,0.4948107421875,0.498621875,0.499621875,0.4991232421875,0.4992732421875,0.4957794921875,0.49914921875,0.49709296875,0.49986796875,0.499621875,0.4994513671875,0.4999294921875,0.49728046875,0.49796796875,0.4994919921875,0.49875,0.49993671875,0.4984875,0.4996875,0.4990154296875,0.4996388671875,0.4998875,0.4991748046875,0.4993875,0.494221875,0.4988419921875,0.49924921875,0.49955,0.49999921875,0.49395,0.4989875,0.4997607421875,0.4963341796875,0.49955,0.4997029296875,0.495721875,0.498046875,0.4985888671875,0.49990546875,0.4996875,0.4999138671875,0.4998576171875,0.4996044921875,0.49999296875,0.49999921875,0.49996171875,0.4996044921875,0.4999904296875,0.4983826171875,0.49995,0.4986544921875,0.4963875,0.4997607421875,0.4998779296875,0.4997326171875,0.499296875,0.4982,0.4987810546875,0.49868671875,0.4994513671875,0.4980076171875,0.4971875,0.49971796875,0.49999296875,0.4998966796875,0.499921875,0.4985888671875,0.4999669921875,0.4999841796875,0.4999982421875,0.4999435546875,0.4967498046875,0.49999921875,0.4992248046875,0.49709296875,0.4996388671875,0.49943046875,0.4995310546875,0.4978466796875,0.499846875,0.49943046875,0.4996388671875,0.497371875,0.4998779296875,0.4998779296875,0.49986796875,0.499096875,0.49977421875,0.4993201171875,0.4998576171875,0.4996044921875,0.49958671875,0.4977638671875,0.4969482421875,0.4989013671875,0.4998966796875,0.49606171875,0.497371875,0.49881171875,0.4998966796875,0.49881171875,0.499846875,0.499296875,0.4987810546875,0.499746875,0.4987185546875,0.496596875,0.49999296875,0.4979279296875,0.4995310546875,0.4998123046875,0.49982421875,0.49904296875,0.49982421875,0.4989591796875,0.4992,0.49841796875,0.49999921875,0.49855546875,0.49977421875,0.4996044921875,0.4999998046875,0.4989591796875,0.496996875,0.4972341796875,0.499971875,0.49998046875,0.4999982421875,0.497721875,0.4999435546875,0.49995,0.4999138671875,0.49971796875,0.4968498046875,0.4974169921875,0.4999435546875,0.4996716796875,0.4998966796875,0.4980857421875,0.4999435546875,0.499746875,0.499471875,0.4999138671875,0.4992,0.4998779296875,0.4995685546875,0.49993671875,0.49583671875,0.499846875,0.494221875,0.4999904296875,0.49996171875,0.4999294921875,0.4999294921875,0.499996875,0.4993875,0.49958671875,0.4999875,0.49875,0.49669921875,0.49996171875,0.499996875,0.498871875,0.4998966796875,0.499296875,0.497721875,0.4997326171875,0.49606171875,0.4971404296875,0.4989013671875,0.4984529296875,0.4998779296875,0.49995,0.4998357421875,0.4999904296875,0.4997326171875,0.49875,0.49993671875,0.4980857421875,0.4995685546875,0.4978466796875,0.49893046875,0.499996875,0.4992248046875,0.4978466796875,0.49893046875,0.49990546875,0.4993654296875,0.4999998046875,0.4961169921875,0.499971875,0.4999138671875,0.4985888671875,0.499971875,0.4988419921875,0.496996875,0.499921875,0.4978466796875,0.499746875,0.49904296875,0.4985216796875,0.4998966796875,0.4999998046875,0.4998875,0.49875,0.4996716796875,0.4998875,0.492496875,0.499996875,0.4990154296875,0.4998,0.49996171875,0.4996044921875,0.4999138671875,0.4996875,0.4996716796875,0.49943046875,0.4970451171875,0.49893046875,0.499746875,0.49728046875,0.4997029296875,0.49965546875,0.4994513671875,0.499971875,0.49958671875,0.49904296875,0.499746875,0.4997326171875,0.4999763671875,0.4976794921875,0.4998576171875,0.49755,0.495,0.49990546875,0.4990701171875,0.4999875,0.4999998046875,0.4987185546875,0.4987810546875,0.4996875,0.4999560546875,0.4911388671875,0.4978875,0.4999560546875,0.49628046875,0.4968,0.49995,0.4992,0.4989875,0.4992732421875,0.498046875,0.4999998046875,0.4998966796875,0.4999669921875,0.4996716796875,0.49999921875,0.4987185546875,0.4991232421875,0.4940185546875,0.49982421875,0.4999294921875,0.4991232421875,0.49934296875,0.4998123046875,0.49958671875,0.49965546875,0.4989013671875,0.4999138671875,0.4985888671875,0.49841796875,0.4992732421875,0.49868671875,0.4996875,0.4993201171875,0.499296875,0.4999951171875,0.49914921875,0.4975060546875,0.49993671875,0.4933154296875,0.4982,0.4948107421875,0.49996171875,0.49943046875,0.4992248046875,0.49993671875,0.4991232421875,0.49977421875,0.4998,0.49841796875
0.49995,0.4946826171875,0.4998357421875,0.49955,0.4946826171875,0.4999138671875,0.4982,0.4999904296875,0.49971796875,0.4999435546875,0.49689921875,0.49914921875,0.493671875,0.4998123046875,0.49971796875,0.49999921875,0.4949373046875,0.49934296875,0.4998357421875,0.49958671875,0.4965451171875,0.499096875,0.49982421875,0.49796796875,0.4999138671875,0.49746171875,0.49986796875,0.4975060546875,0.499921875,0.4987810546875,0.4991748046875,0.4997873046875,0.49868671875,0.49951171875,0.4987810546875,0.4990701171875,0.4985888671875,0.4999763671875,0.4970451171875,0.49868671875,0.4996388671875,0.49855546875,0.4999982421875,0.4998357421875,0.499621875,0.49595,0.4991232421875,0.4999560546875,0.4997326171875,0.4998123046875,0.49999921875,0.5,0.4999560546875,0.4999294921875,0.4992248046875,0.49971796875,0.49982421875,0.49951171875,0.49986796875,0.4999763671875,0.49990546875,0.4978875,0.49951171875,0.4997326171875,0.496996875,0.4990701171875,0.4993201171875,0.4989013671875,0.49958671875,0.4994091796875,0.499971875,0.4994513671875,0.4999560546875,0.4999294921875,0.49951171875,0.4999998046875,0.49965546875,0.4955466796875,0.49780546875,0.499921875,0.4999951171875,0.4998779296875,0.4999982421875,0.4980857421875,0.49827421875,0.4995310546875,0.49958671875,0.49951171875,0.4999982421875,0.4924201171875,0.4998966796875,0.4999998046875,0.4977638671875,0.4998357421875,0.499921875,0.4997607421875,0.4997326171875,0.4949373046875,0.49709296875,0.4976794921875,0.4999904296875,0.499621875,0.4973263671875,0.49965546875,0.4987810546875,0.49827421875,0.4999841796875,0.4997029296875,0.49875,0.4998576171875,0.4989591796875,0.4999951171875,0.499621875,0.4976794921875,0.49958671875,0.4999763671875,0.499096875,0.4998,0.4985216796875,0.4963875,0.499996875,0.49977421875,0.496996875,0.49986796875,0.485121875,0.49512421875,0.4999998046875,0.4967498046875,0.4999560546875,0.4997607421875,0.49982421875,0.49998046875,0.49827421875,0.4975060546875,0.4922654296875,0.499921875,0.4996388671875,0.4978875,0.49893046875,0.4937419921875,0.4991748046875,0.4996388671875,0.4999875,0.498871875,0.4992,0.4992248046875,0.4998779296875,0.4998875,0.4989591796875,0.4999560546875,0.4998357421875,0.4998123046875,0.4977638671875,0.49998046875,0.496996875,0.4981623046875,0.499471875,0.49709296875,0.4985888671875,0.4977638671875,0.49993671875,0.4999951171875,0.499621875,0.49868671875,0.49986796875,0.4997607421875,0.4996388671875,0.4984529296875,0.499846875,0.4973263671875,0.49796796875,0.4985216796875,0.4999560546875,0.4994091796875,0.49998046875,0.499296875,0.49904296875,0.49986796875,0.49999296875,0.495721875,0.49990546875,0.499971875,0.4999998046875,0.4996388671875,0.4994919921875,0.4998966796875,0.4992248046875,0.494221875,0.4992248046875,0.4996388671875,0.4917919921875,0.4998966796875,0.4999951171875,0.4999294921875,0.4999138671875,0.4999435546875,0.499846875,0.4978875,0.4996388671875,0.4996044921875,0.49943046875,0.49934296875,0.499621875,0.4986544921875,0.4992,0.4997607421875,0.4997607421875,0.49881171875,0.4969482421875,0.498346875,0.4954875,0.4983107421875,0.4964404296875,0.49982421875,0.498346875,0.499996875,0.49855546875,0.4993201171875,0.4993654296875,0.49999921875,0.4999841796875,0.4998123046875,0.4994513671875,0.49982421875,0.49982421875,0.4999138671875,0.4993201171875,0.494221875,0.4996388671875,0.4998966796875,0.4998357421875,0.4999875,0.4976794921875,0.4994513671875,0.49986796875,0.496996875,0.4999560546875,0.4981623046875,0.4998123046875,0.4973263671875,0.49965546875,0.499746875,0.490546875,0.4982373046875,0.49986796875,0.494221875,0.4985888671875,0.49827421875,0.4991748046875,0.496996875,0.4995310546875,0.4996716796875,0.499471875,0.4954875,0.4999669921875,0.4931701171875,0.4975935546875,0.4963875,0.49904296875,0.4931701171875,0.4999560546875,0.4998966796875,0.4991748046875,0.49965546875,0.4997873046875,0.4991232421875,0.4997607421875,0.4999841796875,0.4999951171875,0.4989591796875,0.4983826171875,0.499296875,0.49943046875,0.4931701171875,0.4994091796875,0.4997029296875,0.49780546875,0.4999998046875,0.495721875,0.4987810546875,0.4993654296875,0.4989013671875,0.4999875,0.5,0.49998046875,0.4993654296875,0.4996716796875,0.49893046875,0.499846875,0.49855546875,0.4988419921875,0.4989875,0.4998966796875,0.4997607421875,0.4982,0.49996171875,0.49951171875,0.4996875,0.4999294921875,0.4997607421875,0.4983107421875,0.49986796875,0.4977638671875,0.4999904296875,0.4999875,0.4997873046875,0.4996044921875,0.49904296875,0.4999841796875,0.4999763671875,0.4992248046875,0.49951171875,0.4986544921875,0.4972341796875,0.49689921875,0.4986544921875,0.4997607421875,0.4936013671875,0.4980076171875,0.49998046875,0.49924921875,0.49982421875,0.49977421875,0.4978875,0.499296875,0.49875,0.4984875,0.4998779296875,0.4994513671875,0.49955,0.4998357421875,0.49951171875,0.499971875,0.4984529296875,0.49990546875,0.4990701171875,0.4989013671875,0.49999296875,0.4980857421875,0.4996716796875,0.4981623046875,0.4944875,0.49993671875,0.49955,0.49999296875,0.49993671875,0.4999875,0.4997873046875,0.4995310546875,0.4999138671875,0.4981623046875,0.4998357421875,0.4998576171875,0.4997607421875,0.4955466796875,0.49958671875,0.4946826171875,0.4996875,0.499996875,0.4899357421875,0.4992,0.4993654296875,0.4999560546875,0.496171875,0.4984529296875,0.4998123046875,0.4989013671875,0.4993654296875,0.4994091796875,0.4999998046875,0.4999763671875,0.4999294921875,0.4933875,0.49977421875,0.4998,0.4987810546875,0.49943046875,0.4951857421875,0.49996171875,0.49995,0.49709296875,0.4999904296875,0.49796796875,0.4999294921875,0.49827421875,0.499471875,0.49986796875,0.4999294921875,0.49999921875,0.4999841796875,0.5,0.4996875,0.4985888671875,0.499996875,0.4992248046875,0.49934296875,0.4998779296875,0.4999998046875,0.49965546875,0.4999138671875,0.494221875,0.499996875,0.499296875,0.499971875,0.4993875,0.49728046875,0.4882763671875,0.4948107421875,0.49649296875,0.4983107421875,0.49353046875,0.4984529296875,0.499971875,0.4999998046875,0.4985216796875,0.49914921875,0.49958671875,0.496171875,0.4983826171875,0.4901123046875,0.4992248046875,0.4999294921875,0.49924921875,0.4998779296875,0.4989875,0.4995310546875,0.49827421875,0.4970451171875,0.49995,0.4998779296875,0.49971796875,0.49914921875,0.499846875,0.499996875,0.49105546875,0.49998046875,0.4995685546875,0.49955,0.4996044921875,0.4998576171875,0.499996875,0.4986544921875,0.4995685546875,0.4999763671875,0.4993201171875,0.49955,0.4966482421875,0.4989013671875,0.4990154296875,0.4997873046875,0.499846875,0.4998576171875,0.49971796875,0.4987810546875,0.49993671875,0.499746875,0.49536796875,0.4999669921875,0.4990701171875,0.499096875,0.49999921875,0.5,0.4980857421875,0.4988419921875,0.4993201171875,0.495721875,0.4999875,0.49998046875,0.4996044921875,0.4994091796875,0.493671875,0.4999951171875,0.49746171875,0.49904296875,0.4934591796875,0.4958935546875,0.4988419921875,0.4989591796875,0.49999921875,0.49904296875,0.4991232421875,0.49951171875,0.4989875,0.49955,0.4999904296875,0.4997873046875,0.49982421875,0.49999921875,0.498046875,0.4992,0.4982,0.497721875,0.4982,0.499296875,0.4944875,0.4998779296875,0.4970451171875,0.4999951171875,0.4955466796875,0.499971875,0.49958671875,0.49965546875,0.4975935546875,0.499921875,0.4998966796875,0.49982421875,0.49995,0.49971796875,0.49841796875,0.4999982421875,0.4997326171875,0.49999296875,0.499971875,0.49965546875,0.4999435546875,0.4998966796875,0.4998779296875,0.4999841796875,0.499471875,0.4999951171875,0.4993201171875,0.4991748046875,0.4998576171875,0.4999138671875,0.49977421875,0.499746875,0.4996875,0.4958935546875,0.5,0.4999763671875,0.4971875,0.49628046875,0.4975060546875,0.49958671875,0.4999841796875,0.49868671875,0.49796796875,0.49606171875,0.4997326171875,0.4992732421875,0.49934296875,0.499846875,0.49999921875,0.49965546875,0.4989013671875,0.4960060546875,0.49996171875,0.49999921875,0.4993875,0.499471875,0.499996875,0.4981623046875,0.49780546875,0.497371875,0.49999921875,0.4997326171875,0.4992,0.499921875,0.49955,0.4999560546875,0.4976794921875,0.49996171875,0.4995685546875,0.4999294921875,0.4999875,0.4975935546875,0.4983107421875,0.49924921875,0.4994513671875,0.49353046875,0.499621875,0.499096875,0.4998576171875,0.4995685546875,0.499746875,0.4999875,0.4999669921875,0.499921875,0.49995,0.499921875,0.4999138671875,0.4982,0.49868671875,0.49999921875,0.4989591796875,0.499296875,0.4965451171875,0.49990546875,0.49728046875,0.49934296875,0.499621875,0.49965546875,0.4999560546875,0.491221875,0.4999560546875,0.4999951171875,0.4999951171875,0.499846875,0.499621875,0.4941544921875,0.4990701171875,0.49628046875,0.4978466796875,0.4982,0.49669921875,0.4993654296875,0.49971796875,0.4983107421875,0.4999951171875,0.4998966796875,0.4984529296875,0.4987185546875,0.4982373046875,0.49965546875,0.49982421875,0.4999294921875,0.499296875,0.4999435546875,0.4954279296875,0.4968,0.4998779296875,0.4967498046875,0.49995,0.4999435546875,0.49955,0.4999841796875,0.49934296875,0.4980857421875,0.4991232421875,0.4936013671875,0.4979279296875,0.499846875,0.499971875,0.4989875,0.4999669921875,0.499996875,0.49990546875,0.49746171875,0.49999921875,0.49951171875,0.49965546875,0.49904296875,0.4998875,0.4996388671875,0.499846875,0.499471875,0.49993671875,0.4995310546875,0.4940185546875,0.49998046875,0.49986796875,0.4983107421875,0.49993671875,0.4964404296875,0.49977421875,0.499296875,0.4996716796875,0.4987810546875,0.49982421875,0.4996875,0.4975935546875,0.49977421875,0.4944875,0.49999921875,0.4989875,0.493671875,0.49893046875,0.4983826171875,0.499096875,0.4995310546875,0.4993875,0.49924921875,0.4978875,0.4985888671875,0.5,0.4971404296875,0.492496875,0.4975935546875,0.4997873046875,0.4992248046875,0.4987185546875,0.4971404296875,0.4999875,0.4967498046875,0.4993201171875,0.4965451171875,0.49955,0.49986796875,0.49728046875,0.4996716796875,0.4999904296875,0.49990546875,0.4997029296875,0.4977638671875,0.4983107421875,0.4999763671875,0.4999669921875,0.49990546875,0.49977421875,0.49977421875,0.49951171875,0.4979279296875,0.4992248046875,0.4989013671875,0.4987810546875,0.4998966796875,0.4999294921875,0.499621875,0.4990701171875,0.494221875,0.4994919921875,0.49993671875,0.499971875,0.4995685546875,0.4978875,0.4998123046875,0.4984875,0.4998966796875,0.49955,0.4991232421875,0.499096875,0.4967498046875,0.4983107421875,0.4999998046875,0.498346875,0.4999904296875,0.4984529296875,0.4993875,0.49841796875,0.49881171875,0.4998123046875,0.49958671875,0.4998357421875,0.4937419921875,0.4974169921875,0.499296875,0.4993201171875,0.4999763671875,0.4937419921875,0.4970451171875,0.49993671875,0.49649296875,0.49990546875,0.498871875,0.4971404296875,0.4979279296875,0.4983107421875,0.4997607421875,0.49998046875,0.4996388671875,0.499746875,0.49995,0.4999294921875,0.499996875,0.49934296875,0.49924921875,0.4999669921875,0.4978875,0.4999138671875,0.49755,0.49763671875,0.499996875,0.499971875,0.49958671875,0.49986796875,0.49746171875,0.4997873046875,0.4979279296875,0.49943046875,0.4984529296875,0.49435546875,0.4989013671875,0.4996716796875,0.499621875,0.4998357421875,0.498871875,0.499621875,0.5,0.4999435546875,0.49999921875,0.4978875,0.49999921875,0.499296875,0.49780546875,0.4999875,0.4994091796875,0.49971796875,0.4982373046875,0.49893046875,0.4997326171875,0.4992248046875,0.49746171875,0.4993875,0.4998779296875,0.49998046875,0.4991232421875,0.4998875,0.49827421875,0.4998875,0.4992248046875,0.49999296875,0.4991748046875,0.49709296875,0.4978875,0.4999435546875,0.495246875,0.49780546875,0.4958935546875,0.49965546875,0.4996388671875,0.4997029296875,0.4994513671875,0.4989875,0.4999982421875,0.49881171875,0.49763671875,0.4999763671875,0.49955,0.4996044921875,0.499846875,0.49971796875,0.4996044921875,0.4998123046875,0.4963341796875,0.4996044921875,0.499621875,0.4999904296875,0.4978466796875,0.499921875,0.4980857421875,0.4998123046875,0.499846875,0.49536796875,0.4981623046875,0.49995,0.4999841796875,0.49999921875,0.498046875,0.4998966796875,0.499296875,0.4996044921875,0.499971875,0.496996875,0.49649296875,0.4998779296875,0.49998046875,0.49982421875,0.4985216796875,0.4997607421875,0.49996171875,0.4991748046875,0.4997326171875,0.4999904296875,0.4996875,0.49999296875,0.49986796875,0.49934296875,0.49958671875,0.49689921875,0.49996171875,0.4999951171875,0.49914921875,0.4999998046875,0.499746875,0.49868671875,0.49951171875,0.4999998046875,0.4984875,0.49234296875,0.49996171875,0.4997607421875,0.4993201171875,0.4998,0.49971796875,0.4987185546875,0.4995310546875,0.4971875,0.498871875,0.4993201171875,0.49971796875,0.4999763671875,0.4993875,0.4997326171875,0.4998123046875,0.4996388671875,0.4968,0.4994919921875,0.4975935546875,0.49934296875,0.4983107421875,0.4993875,0.4999951171875,0.4991232421875,0.49855546875,0.49943046875,0.499996875,0.4993201171875,0.49999296875,0.4933875,0.49951171875,0.4996044921875,0.499746875,0.4998875,0.4989875,0.49755,0.4996044921875,0.4960060546875,0.499621875,0.49904296875,0.49780546875,0.4999763671875,0.4999560546875,0.49995,0.499746875,0.4997029296875,0.4996044921875,0.49171171875,0.4997326171875,0.4990701171875,0.4999951171875,0.4999904296875,0.49955,0.4996388671875,0.499971875,0.4992,0.4982373046875,0.49955,0.499096875,0.4999875,0.4949373046875,0.4996044921875,0.4995685546875,0.498871875,0.4998779296875,0.4969482421875,0.4985888671875,0.4999560546875,0.49958671875,0.49999296875,0.4974169921875,0.4999560546875,0.497371875,0.4961169921875,0.49998046875,0.4990701171875,0.4999904296875,0.4999763671875,0.4990701171875,0.49875,0.49977421875,0.499471875,0.4937419921875,0.49934296875,0.49965546875,0.49841796875,0.4967498046875,0.499746875,0.49924921875,0.4994513671875,0.4989013671875,0.49796796875,0.49982421875,0.49996171875,0.4999875,0.4999904296875,0.4998779296875,0.4985888671875,0.4990701171875,0.4946826171875,0.4998875,0.4990701171875,0.4975060546875,0.49977421875,0.499746875,0.4999435546875,0.49977421875,0.4989591796875,0.5,0.4985888671875,0.4973263671875,0.4997326171875,0.4985888671875,0.4989591796875,0.4995310546875,0.4991232421875,0.4999294921875,0.4984875,0.49689921875,0.4999875,0.494746875,0.4962263671875,0.49812421875,0.4999904296875,0.4999294921875,0.4980857421875,0.4998875,0.4983826171875,0.4998875,0.4997607421875,0.4983107421875
0.4999138671875,0.49606171875,0.49996171875,0.499471875,0.49037421875,0.4996716796875,0.4978875,0.4998966796875,0.4997029296875,0.49993671875,0.498871875,0.4968,0.495721875,0.4997326171875,0.49999296875,0.4998576171875,0.4941544921875,0.4994513671875,0.49999296875,0.4999669921875,0.4975935546875,0.499096875,0.4997873046875,0.4985216796875,0.49999296875,0.4955466796875,0.4999435546875,0.4971875,0.4997607421875,0.496596875,0.49943046875,0.4997326171875,0.49583671875,0.4999669921875,0.4993875,0.4999294921875,0.4996716796875,0.5,0.4971875,0.49904296875,0.49982421875,0.497371875,0.49999921875,0.4999435546875,0.49958671875,0.4957794921875,0.4995685546875,0.4999763671875,0.499471875,0.4994513671875,0.4999560546875,0.4999951171875,0.4998357421875,0.4999998046875,0.49904296875,0.49995,0.4998966796875,0.49827421875,0.49971796875,0.5,0.4999763671875,0.4978466796875,0.4989013671875,0.4999951171875,0.49595,0.4993201171875,0.498871875,0.49841796875,0.49812421875,0.49982421875,0.4999138671875,0.4983826171875,0.4984875,0.49965546875,0.49999296875,0.49971796875,0.49943046875,0.4977638671875,0.49709296875,0.4993654296875,0.4996875,0.499971875,0.4994513671875,0.4953076171875,0.49827421875,0.498621875,0.4994919921875,0.4998123046875,0.4997873046875,0.4944216796875,0.4999904296875,0.49958671875,0.497721875,0.499621875,0.4997873046875,0.4997029296875,0.4992,0.4956638671875,0.4974169921875,0.4970451171875,0.49796796875,0.4998576171875,0.4997326171875,0.4998576171875,0.4965451171875,0.4971875,0.4999294921875,0.499746875,0.4986544921875,0.49958671875,0.49893046875,0.4997029296875,0.4990701171875,0.4974169921875,0.49914921875,0.4999669921875,0.4991748046875,0.49943046875,0.49965546875,0.49628046875,0.499996875,0.4997029296875,0.4954875,0.4999560546875,0.48966796875,0.4942888671875,0.49996171875,0.49868671875,0.4999763671875,0.4999435546875,0.499746875,0.4999875,0.4985888671875,0.4976794921875,0.49689921875,0.4999763671875,0.4998357421875,0.497371875,0.4984875,0.49203046875,0.4996388671875,0.4996388671875,0.49934296875,0.4988419921875,0.49904296875,0.4997029296875,0.4999763671875,0.4998966796875,0.49955,0.4998966796875,0.4998,0.4999841796875,0.498046875,0.499621875,0.4965451171875,0.49875,0.4994091796875,0.49755,0.49914921875,0.4977638671875,0.4998966796875,0.4998779296875,0.49977421875,0.4972341796875,0.4999294921875,0.4986544921875,0.4997029296875,0.498046875,0.4999763671875,0.49746171875,0.4989591796875,0.49812421875,0.4995685546875,0.4996716796875,0.4999982421875,0.4993654296875,0.49709296875,0.4999904296875,0.49995,0.4936013671875,0.49999921875,0.4999875,0.49999921875,0.4993654296875,0.4990701171875,0.49982421875,0.49780546875,0.4909716796875,0.4998357421875,0.4998123046875,0.4874982421875,0.4997326171875,0.49977421875,0.4999560546875,0.49934296875,0.4995310546875,0.4997607421875,0.4974169921875,0.4996044921875,0.49995,0.49841796875,0.4981623046875,0.4998966796875,0.4980857421875,0.49827421875,0.4997607421875,0.4997029296875,0.4990701171875,0.4944875,0.49796796875,0.4956638671875,0.4971875,0.49536796875,0.499471875,0.4987810546875,0.499971875,0.4990701171875,0.49875,0.499746875,0.4999951171875,0.4999669921875,0.4999875,0.49993671875,0.4991748046875,0.4998,0.4999998046875,0.49993671875,0.4944875,0.49958671875,0.49977421875,0.4994513671875,0.4999841796875,0.4982,0.49943046875,0.4999875,0.495721875,0.49951171875,0.4975060546875,0.4992248046875,0.49763671875,0.49951171875,0.4997326171875,0.48618046875,0.496171875,0.49998046875,0.496171875,0.49924921875,0.4978466796875,0.49965546875,0.495721875,0.4989591796875,0.4988419921875,0.499971875,0.4911388671875,0.4997326171875,0.493096875,0.4965451171875,0.4976794921875,0.49796796875,0.496171875,0.49977421875,0.49993671875,0.49924921875,0.49955,0.49914921875,0.4991748046875,0.4998,0.4998357421875,0.4996875,0.4987810546875,0.49763671875,0.49893046875,0.4996388671875,0.495,0.4996716796875,0.49855546875,0.4991232421875,0.4997607421875,0.493096875,0.4973263671875,0.499621875,0.4983826171875,0.499996875,0.499921875,0.4998779296875,0.49982421875,0.499296875,0.4993875,0.499296875,0.497371875,0.4976794921875,0.498621875,0.4998875,0.4999435546875,0.49868671875,0.4994091796875,0.49995,0.4996875,0.4997873046875,0.49893046875,0.498621875,0.4997607421875,0.4995310546875,0.4999294921875,0.49999921875,0.4983107421875,0.4994513671875,0.497371875,0.49995,0.49993671875,0.498346875,0.49999296875,0.4992248046875,0.4954875,0.49827421875,0.49812421875,0.49958671875,0.4924201171875,0.495721875,0.4995310546875,0.4992732421875,0.49993671875,0.4997607421875,0.4973263671875,0.49924921875,0.4973263671875,0.49924921875,0.4985888671875,0.4998123046875,0.499296875,0.4998576171875,0.4990701171875,0.49999921875,0.4979279296875,0.4999435546875,0.49780546875,0.4990701171875,0.4998966796875,0.4984529296875,0.49924921875,0.4990701171875,0.4964404296875,0.499921875,0.499296875,0.49977421875,0.49998046875,0.4999560546875,0.4998357421875,0.4992,0.4998779296875,0.4973263671875,0.4989591796875,0.4999138671875,0.499621875,0.49037421875,0.4999951171875,0.4958935546875,0.4981623046875,0.4999951171875,0.489846875,0.498621875,0.49951171875,0.4995685546875,0.49796796875,0.49971796875,0.4999904296875,0.49812421875,0.4991748046875,0.4998,0.4999875,0.4999998046875,0.49955,0.49595,0.49982421875,0.4997029296875,0.49780546875,0.49999921875,0.4938810546875,0.49999296875,0.4998,0.4954279296875,0.499296875,0.4980076171875,0.4999294921875,0.4970451171875,0.4979279296875,0.49990546875,0.49999921875,0.49986796875,0.4999763671875,0.4998576171875,0.4995310546875,0.4996716796875,0.49999296875,0.4997029296875,0.49875,0.49995,0.4996388671875,0.4997029296875,0.4996388671875,0.4940185546875,0.49996171875,0.4998123046875,0.49982421875,0.4980857421875,0.4968498046875,0.4879875,0.4937419921875,0.4968,0.49763671875,0.49324296875,0.499846875,0.4999982421875,0.4994919921875,0.4992248046875,0.4996388671875,0.4990701171875,0.4961169921875,0.497721875,0.492496875,0.49977421875,0.4998779296875,0.4991232421875,0.49971796875,0.4992732421875,0.4976794921875,0.497721875,0.4976794921875,0.4999138671875,0.49875,0.49977421875,0.4996388671875,0.4998,0.4999904296875,0.4895779296875,0.4994091796875,0.4998123046875,0.499471875,0.49855546875,0.4999435546875,0.499971875,0.4993201171875,0.4999904296875,0.499996875,0.49955,0.499921875,0.4968,0.49881171875,0.4980076171875,0.4995310546875,0.4997029296875,0.49999296875,0.4996388671875,0.4996716796875,0.49965546875,0.4999875,0.4968498046875,0.4996388671875,0.4993654296875,0.49955,0.4999841796875,0.4999841796875,0.4990701171875,0.4982373046875,0.49971796875,0.4971404296875,0.5,0.4999841796875,0.4994091796875,0.4990154296875,0.4944216796875,0.49986796875,0.4962263671875,0.4995685546875,0.49649296875,0.4937419921875,0.49812421875,0.4991748046875,0.49999296875,0.49986796875,0.4998123046875,0.5,0.49746171875,0.4997029296875,0.4998966796875,0.4999763671875,0.49998046875,0.4998576171875,0.49881171875,0.4998875,0.4977638671875,0.4983826171875,0.49904296875,0.4987185546875,0.4953076171875,0.4999982421875,0.497721875,0.4998875,0.4971404296875,0.4999560546875,0.4983107421875,0.4996044921875,0.49780546875,0.4998,0.4999435546875,0.49904296875,0.4999435546875,0.4999294921875,0.496996875,0.4999951171875,0.4999998046875,0.49965546875,0.49995,0.49955,0.499921875,0.4999560546875,0.49998046875,0.4996388671875,0.49934296875,0.4997029296875,0.49977421875,0.4999294921875,0.49990546875,0.4999982421875,0.49755,0.498871875,0.4995685546875,0.4965451171875,0.49971796875,0.4999294921875,0.4967498046875,0.49628046875,0.4985888671875,0.49965546875,0.4998357421875,0.4994091796875,0.4985888671875,0.4962263671875,0.4999875,0.4983826171875,0.4995310546875,0.4996044921875,0.4999875,0.4999763671875,0.49780546875,0.49536796875,0.49990546875,0.4999998046875,0.4996875,0.499621875,0.4998875,0.4990154296875,0.4990154296875,0.49955,0.49999921875,0.4989591796875,0.4990701171875,0.499971875,0.4999763671875,0.499621875,0.4978466796875,0.4996875,0.4994919921875,0.4999294921875,0.49977421875,0.495,0.4998,0.49914921875,0.4994513671875,0.49234296875,0.4987810546875,0.4982373046875,0.4993875,0.4988419921875,0.4999294921875,0.4999669921875,0.49955,0.499296875,0.4992732421875,0.499846875,0.49955,0.4989875,0.4972341796875,0.4999951171875,0.499846875,0.4975935546875,0.49746171875,0.4998966796875,0.49881171875,0.4978466796875,0.49995,0.4994919921875,0.49971796875,0.4922654296875,0.4992248046875,0.499971875,0.49996171875,0.4998357421875,0.4997029296875,0.4944875,0.4998123046875,0.49855546875,0.4978466796875,0.496596875,0.4963875,0.49934296875,0.498346875,0.49893046875,0.4998779296875,0.4998,0.4990701171875,0.4995310546875,0.4994513671875,0.4998966796875,0.4993654296875,0.4998357421875,0.49924921875,0.499846875,0.4975060546875,0.4977638671875,0.499471875,0.4949373046875,0.499296875,0.4998,0.4996044921875,0.4997607421875,0.499296875,0.4976794921875,0.4976794921875,0.48966796875,0.4975935546875,0.4999138671875,0.49993671875,0.499746875,0.4999669921875,0.4999982421875,0.49998046875,0.49628046875,0.49999921875,0.49780546875,0.49934296875,0.4993875,0.4998,0.49982421875,0.49998046875,0.4983107421875,0.4998576171875,0.4974169921875,0.4930232421875,0.49965546875,0.4999998046875,0.49914921875,0.4996875,0.4965451171875,0.49827421875,0.4978875,0.499921875,0.4997029296875,0.4999982421875,0.49971796875,0.497721875,0.4994919921875,0.4941544921875,0.49999921875,0.49996171875,0.49628046875,0.4977638671875,0.497371875,0.49934296875,0.4996044921875,0.498871875,0.49875,0.49893046875,0.49812421875,0.49958671875,0.49606171875,0.492496875,0.4986544921875,0.4998576171875,0.49881171875,0.49755,0.4976794921875,0.498621875,0.4941544921875,0.4979279296875,0.4982,0.4999998046875,0.4998123046875,0.4993875,0.4994091796875,0.4993875,0.4989875,0.4998123046875,0.49780546875,0.4968,0.49982421875,0.4998966796875,0.4997326171875,0.49998046875,0.49995,0.4985216796875,0.4977638671875,0.4979279296875,0.4999904296875,0.49893046875,0.4998123046875,0.49996171875,0.4997029296875,0.4992732421875,0.4944216796875,0.4978466796875,0.4999875,0.4998357421875,0.4999294921875,0.4967498046875,0.4997607421875,0.496996875,0.49943046875,0.4996044921875,0.4997607421875,0.49914921875,0.4945529296875,0.49628046875,0.4999982421875,0.4994919921875,0.499921875,0.4985888671875,0.4997029296875,0.49689921875,0.4994091796875,0.4996388671875,0.49993671875,0.49875,0.4928,0.4963341796875,0.4988419921875,0.49993671875,0.4999138671875,0.4960060546875,0.4981623046875,0.49951171875,0.4944216796875,0.499996875,0.4994091796875,0.498346875,0.498346875,0.4964404296875,0.49986796875,0.499996875,0.49796796875,0.4997326171875,0.4999763671875,0.49993671875,0.49999296875,0.49951171875,0.4999294921875,0.4998779296875,0.4957794921875,0.4994091796875,0.4971404296875,0.497371875,0.49993671875,0.4999841796875,0.49958671875,0.4996875,0.49628046875,0.49971796875,0.4978875,0.4983107421875,0.4986544921875,0.4977638671875,0.49904296875,0.4985216796875,0.49965546875,0.4999951171875,0.4978466796875,0.4998357421875,0.4999951171875,0.499846875,0.4994513671875,0.49709296875,0.4998779296875,0.49924921875,0.49868671875,0.4999669921875,0.4977638671875,0.49982421875,0.49841796875,0.4998779296875,0.4993875,0.4999951171875,0.49728046875,0.4997029296875,0.499471875,0.499846875,0.49996171875,0.4997607421875,0.49812421875,0.49995,0.4989013671875,0.4999294921875,0.49755,0.4980076171875,0.49812421875,0.4999841796875,0.4940185546875,0.4970451171875,0.4966482421875,0.4992248046875,0.4997873046875,0.4999560546875,0.49965546875,0.4997029296875,0.4997607421875,0.4997873046875,0.4969482421875,0.49965546875,0.4975935546875,0.4996044921875,0.4998966796875,0.49996171875,0.4979279296875,0.4996716796875,0.4982373046875,0.4983107421875,0.4995685546875,0.4999669921875,0.4985216796875,0.499996875,0.499296875,0.4999841796875,0.4993654296875,0.4934591796875,0.4972341796875,0.4999998046875,0.4999435546875,0.4998966796875,0.4995685546875,0.4999763671875,0.4999875,0.49993671875,0.4999560546875,0.4985216796875,0.49381171875,0.4999841796875,0.4999435546875,0.49904296875,0.49827421875,0.49982421875,0.49986796875,0.4997029296875,0.4999560546875,0.4998779296875,0.49955,0.4999669921875,0.4999138671875,0.4978875,0.4998779296875,0.49595,0.499746875,0.499746875,0.4997873046875,0.4999138671875,0.4999841796875,0.4986544921875,0.49914921875,0.4999982421875,0.49827421875,0.490546875,0.49999296875,0.4985216796875,0.499921875,0.4994513671875,0.499096875,0.499471875,0.49951171875,0.49763671875,0.4991232421875,0.49893046875,0.49986796875,0.4999951171875,0.4991232421875,0.4996044921875,0.499996875,0.4995685546875,0.4984529296875,0.4998123046875,0.4988419921875,0.49958671875,0.4969482421875,0.4982373046875,0.4999998046875,0.4981623046875,0.4982,0.4991748046875,0.4999435546875,0.4999669921875,0.49971796875,0.4917919921875,0.4982373046875,0.4999435546875,0.5,0.49965546875,0.4995310546875,0.49606171875,0.4995310546875,0.4942888671875,0.4998576171875,0.49904296875,0.4961169921875,0.4998123046875,0.4993875,0.49999296875,0.4971875,0.4992,0.4996875,0.49560546875,0.4998779296875,0.499471875,0.4999435546875,0.49995,0.499971875,0.498871875,0.4988419921875,0.4997029296875,0.49955,0.4991232421875,0.4989591796875,0.4999560546875,0.495721875,0.4998,0.49986796875,0.49934296875,0.4999951171875,0.4989591796875,0.4983826171875,0.49965546875,0.4991232421875,0.49996171875,0.49841796875,0.4996716796875,0.497721875,0.49689921875,0.49999296875,0.4992,0.4999669921875,0.4994513671875,0.49924921875,0.499471875,0.4999763671875,0.5,0.4936013671875,0.4996875,0.4983107421875,0.4986544921875,0.497371875,0.4998,0.49996171875,0.49971796875,0.49951171875,0.4966482421875,0.4992732421875,0.4999763671875,0.49943046875,0.499996875,0.4996875,0.4971875,0.49943046875,0.4944216796875,0.498621875,0.49893046875,0.4990154296875,0.49995,0.49958671875,0.4999294921875,0.49868671875,0.4991748046875,0.4998875,0.4976794921875,0.4982373046875,0.4998966796875,0.49868671875,0.49827421875,0.499471875,0.49893046875,0.4999982421875,0.499096875,0.4983107421875,0.499296875,0.4931701171875,0.4971404296875,0.49893046875,0.4999669921875,0.49982421875,0.498346875,0.4996716796875,0.49780546875,0.4999998046875,0.49993671875,0.4955466796875
0.49999921875,0.4975935546875,0.4998,0.4990701171875,0.49294921875,0.49995,0.4985888671875,0.4999669921875,0.4999998046875,0.4999294921875,0.4989013671875,0.4974169921875,0.4975935546875,0.4999951171875,0.49999921875,0.49996171875,0.4961169921875,0.49881171875,0.4999763671875,0.49995,0.4978466796875,0.497721875,0.4994091796875,0.4992248046875,0.499971875,0.49171171875,0.4999435546875,0.4986544921875,0.4998966796875,0.4960060546875,0.4994091796875,0.4997029296875,0.49812421875,0.4997873046875,0.4989875,0.49999296875,0.4999998046875,0.49986796875,0.49595,0.499471875,0.4999841796875,0.4950623046875,0.4999763671875,0.5,0.499096875,0.498046875,0.4998875,0.4996716796875,0.49958671875,0.4992248046875,0.49999921875,0.499996875,0.4994513671875,0.49977421875,0.4995685546875,0.49971796875,0.49982421875,0.4987185546875,0.499296875,0.4999560546875,0.4999560546875,0.4980076171875,0.4992732421875,0.49982421875,0.4975935546875,0.4999435546875,0.497371875,0.4999998046875,0.4986544921875,0.499296875,0.4998966796875,0.4982373046875,0.4994091796875,0.499921875,0.4999763671875,0.4993201171875,0.4997029296875,0.49796796875,0.49628046875,0.4983107421875,0.49999921875,0.49986796875,0.4997607421875,0.49560546875,0.4977638671875,0.4994091796875,0.4996716796875,0.4997873046875,0.49998046875,0.494746875,0.4999138671875,0.4996875,0.49796796875,0.4993875,0.4995685546875,0.49881171875,0.4997029296875,0.49264921875,0.4969482421875,0.4967498046875,0.4954279296875,0.499746875,0.4989013671875,0.49977421875,0.49746171875,0.4990154296875,0.499996875,0.4997607421875,0.4980076171875,0.4996716796875,0.49868671875,0.4991748046875,0.49827421875,0.4990701171875,0.49841796875,0.4999294921875,0.4969482421875,0.49995,0.4998123046875,0.49435546875,0.4999904296875,0.49893046875,0.4921091796875,0.4996716796875,0.488371875,0.49595,0.4999904296875,0.4980076171875,0.499846875,0.49990546875,0.4999951171875,0.49996171875,0.4992248046875,0.4967498046875,0.4951857421875,0.4997326171875,0.499996875,0.49755,0.4992,0.4924201171875,0.49993671875,0.4999998046875,0.4999294921875,0.4993201171875,0.4976794921875,0.4998966796875,0.49958671875,0.49986796875,0.4998,0.4999998046875,0.4992248046875,0.4999435546875,0.49628046875,0.49999296875,0.4970451171875,0.4981623046875,0.4997029296875,0.49628046875,0.4967498046875,0.49536796875,0.499971875,0.4998357421875,0.49955,0.4963875,0.4984529296875,0.49982421875,0.4998966796875,0.49875,0.499921875,0.497721875,0.49924921875,0.4994513671875,0.49999921875,0.4991232421875,0.499921875,0.4996388671875,0.4975935546875,0.499846875,0.4994919921875,0.4925732421875,0.49998046875,0.49993671875,0.4999904296875,0.4998,0.4994513671875,0.4998,0.4978466796875,0.4944216796875,0.4996716796875,0.4998123046875,0.489121875,0.4996716796875,0.4999841796875,0.49934296875,0.49965546875,0.4996044921875,0.4999435546875,0.4985216796875,0.4999841796875,0.49982421875,0.4994513671875,0.4993654296875,0.498621875,0.4984529296875,0.4995310546875,0.4997326171875,0.4998875,0.49893046875,0.4950623046875,0.4990154296875,0.494746875,0.4975060546875,0.49728046875,0.4984875,0.49841796875,0.4998123046875,0.4990154296875,0.4988419921875,0.49958671875,0.499971875,0.49982421875,0.4999669921875,0.4990701171875,0.49965546875,0.49965546875,0.499746875,0.4999982421875,0.4922654296875,0.4998966796875,0.4998,0.4996875,0.4998,0.494746875,0.49763671875,0.4999951171875,0.49583671875,0.4998,0.49606171875,0.4991748046875,0.49812421875,0.4995310546875,0.49990546875,0.4856560546875,0.495721875,0.4997607421875,0.493096875,0.49951171875,0.4963875,0.4991748046875,0.4962263671875,0.4986544921875,0.4989591796875,0.4997873046875,0.49353046875,0.4991748046875,0.4878904296875,0.4963875,0.498046875,0.4991748046875,0.496996875,0.4998875,0.4999435546875,0.4997326171875,0.4994513671875,0.4980857421875,0.49881171875,0.499996875,0.499971875,0.4999138671875,0.4966482421875,0.4983107421875,0.4982,0.4993654296875,0.4931701171875,0.4987810546875,0.4982373046875,0.4976794921875,0.4997029296875,0.4921875,0.49812421875,0.49965546875,0.4991232421875,0.49995,0.4999669921875,0.49995,0.4990154296875,0.4996716796875,0.49904296875,0.4990701171875,0.4960060546875,0.49796796875,0.499746875,0.499921875,0.49982421875,0.4975935546875,0.49893046875,0.4996388671875,0.4994919921875,0.499471875,0.4991748046875,0.49934296875,0.4998,0.49893046875,0.4998576171875,0.49986796875,0.4987185546875,0.49868671875,0.498046875,0.4997873046875,0.49934296875,0.4966482421875,0.49990546875,0.4996716796875,0.49536796875,0.4982373046875,0.4980076171875,0.4997607421875,0.49155,0.4978875,0.4999560546875,0.4997326171875,0.4999875,0.49893046875,0.494221875,0.4991232421875,0.4984875,0.49934296875,0.4997873046875,0.49924921875,0.49943046875,0.499621875,0.4992248046875,0.4999982421875,0.4995685546875,0.4999138671875,0.4989591796875,0.4994091796875,0.499971875,0.4993201171875,0.49841796875,0.4991232421875,0.4980857421875,0.4999669921875,0.499746875,0.49965546875,0.49977421875,0.4999294921875,0.4999904296875,0.49669921875,0.4999998046875,0.49875,0.49982421875,0.4998779296875,0.499296875,0.4893966796875,0.4998779296875,0.4966482421875,0.499296875,0.4999998046875,0.4897576171875,0.498621875,0.4997326171875,0.4996044921875,0.49560546875,0.49955,0.4989013671875,0.4989875,0.5,0.4991232421875,0.49993671875,0.49999296875,0.49955,0.4990154296875,0.499921875,0.49955,0.498346875,0.49993671875,0.49408671875,0.49998046875,0.4996044921875,0.494746875,0.4997326171875,0.4980076171875,0.4999904296875,0.49606171875,0.4962263671875,0.4999951171875,0.49999296875,0.4998,0.49999921875,0.4998779296875,0.4992,0.4994091796875,0.4995310546875,0.4992732421875,0.4987185546875,0.49999296875,0.4998576171875,0.498871875,0.49995,0.4979279296875,0.4999435546875,0.49958671875,0.499921875,0.497371875,0.49934296875,0.4878904296875,0.4934591796875,0.4980857421875,0.4981623046875,0.494746875,0.499471875,0.49999921875,0.49993671875,0.49855546875,0.4994091796875,0.4985888671875,0.4948107421875,0.497371875,0.4902873046875,0.4997326171875,0.49995,0.4980857421875,0.49904296875,0.497371875,0.4994513671875,0.4967498046875,0.4955466796875,0.4998357421875,0.4999763671875,0.499746875,0.49999921875,0.4993875,0.4996044921875,0.4930232421875,0.4992732421875,0.49993671875,0.4968498046875,0.4997873046875,0.4998966796875,0.4995685546875,0.499971875,0.4999560546875,0.4997326171875,0.49995,0.49999921875,0.49461796875,0.4992732421875,0.4965451171875,0.4999875,0.4989591796875,0.4994919921875,0.4985216796875,0.4985216796875,0.4998966796875,0.499996875,0.4971404296875,0.49881171875,0.49796796875,0.4988419921875,0.4998966796875,0.49993671875,0.4984875,0.4995685546875,0.4982,0.497721875,0.4997873046875,0.49993671875,0.49914921875,0.4980857421875,0.48966796875,0.4994513671875,0.4965451171875,0.4987810546875,0.4963341796875,0.4962263671875,0.498046875,0.4991232421875,0.4999998046875,0.49943046875,0.49868671875,0.49999296875,0.49796796875,0.4998,0.4998123046875,0.49995,0.4998,0.4999982421875,0.4982,0.4998966796875,0.49943046875,0.4995310546875,0.4993875,0.49868671875,0.4914685546875,0.49982421875,0.49881171875,0.4999669921875,0.49763671875,0.4996716796875,0.49709296875,0.49904296875,0.4925732421875,0.4999138671875,0.498871875,0.4986544921875,0.499846875,0.499996875,0.4944875,0.4999841796875,0.4999560546875,0.4995310546875,0.4999669921875,0.4982373046875,0.49999296875,0.49958671875,0.49998046875,0.4998875,0.4993201171875,0.49986796875,0.4993201171875,0.49982421875,0.4990701171875,0.49982421875,0.49881171875,0.49881171875,0.49841796875,0.4989013671875,0.49996171875,0.4999560546875,0.4960060546875,0.49841796875,0.49796796875,0.4999435546875,0.4998,0.4990701171875,0.4989875,0.4974169921875,0.49995,0.4999841796875,0.49993671875,0.4998357421875,0.4998966796875,0.499971875,0.49875,0.4983107421875,0.49996171875,0.4997029296875,0.4981623046875,0.4999951171875,0.4998875,0.4975935546875,0.49951171875,0.49955,0.4999435546875,0.4984529296875,0.4993201171875,0.4999982421875,0.49995,0.49728046875,0.496171875,0.4998779296875,0.4999982421875,0.4998123046875,0.4999904296875,0.496171875,0.4999998046875,0.4993875,0.499471875,0.49512421875,0.4978875,0.499746875,0.4992248046875,0.4989875,0.49998046875,0.49999921875,0.49982421875,0.4992732421875,0.49977421875,0.49986796875,0.49965546875,0.49934296875,0.49746171875,0.4999904296875,0.4999435546875,0.4992732421875,0.496996875,0.49999921875,0.4975935546875,0.4974169921875,0.49995,0.4999875,0.499471875,0.4911388671875,0.49990546875,0.49996171875,0.49841796875,0.4997873046875,0.4985888671875,0.496996875,0.499296875,0.498046875,0.4949373046875,0.4974169921875,0.4982,0.4998966796875,0.4997326171875,0.49709296875,0.499846875,0.4998875,0.498046875,0.49875,0.49943046875,0.499921875,0.499471875,0.4999138671875,0.4997873046875,0.4998779296875,0.4968498046875,0.4963875,0.499471875,0.49435546875,0.4995685546875,0.49904296875,0.4998576171875,0.4997873046875,0.4998123046875,0.4965451171875,0.4976794921875,0.49138671875,0.497721875,0.4998,0.4997326171875,0.4985216796875,0.4998779296875,0.5,0.4999904296875,0.4976794921875,0.4998875,0.49827421875,0.49993671875,0.4999138671875,0.49943046875,0.49986796875,0.49998046875,0.49669921875,0.4999138671875,0.4980857421875,0.4928748046875,0.49986796875,0.4999560546875,0.4992,0.49943046875,0.4958935546875,0.4991748046875,0.497721875,0.4998875,0.49924921875,0.49996171875,0.498346875,0.49796796875,0.499296875,0.4931701171875,0.4998966796875,0.4999998046875,0.49353046875,0.4957794921875,0.4983107421875,0.4991748046875,0.49881171875,0.499621875,0.4996044921875,0.4985888671875,0.49986796875,0.4981623046875,0.495246875,0.4933875,0.4978875,0.49904296875,0.4992732421875,0.49755,0.4984875,0.4990701171875,0.49071796875,0.49812421875,0.49841796875,0.4998357421875,0.5,0.4989591796875,0.49951171875,0.4999982421875,0.4994091796875,0.49993671875,0.499096875,0.4962263671875,0.49999921875,0.4998357421875,0.49998046875,0.49982421875,0.4995685546875,0.49934296875,0.4985216796875,0.499096875,0.4999763671875,0.499746875,0.49999921875,0.499921875,0.4999763671875,0.4991748046875,0.496171875,0.4965451171875,0.4995685546875,0.4996875,0.4997873046875,0.49583671875,0.4998576171875,0.4989013671875,0.4999841796875,0.4996044921875,0.4994091796875,0.4990154296875,0.4956638671875,0.4968,0.4996388671875,0.49780546875,0.4990701171875,0.4979279296875,0.4995685546875,0.49812421875,0.4996044921875,0.49904296875,0.4996388671875,0.4993654296875,0.495246875,0.49606171875,0.499621875,0.49999296875,0.49990546875,0.495,0.4993875,0.4996044921875,0.49669921875,0.49982421875,0.4990701171875,0.494221875,0.4978466796875,0.4969482421875,0.4995310546875,0.499846875,0.4995310546875,0.499621875,0.4999951171875,0.4997326171875,0.4999138671875,0.4999560546875,0.4999435546875,0.49982421875,0.49536796875,0.49914921875,0.4984875,0.49904296875,0.4997029296875,0.4998875,0.499471875,0.49999921875,0.4978466796875,0.4990154296875,0.4973263671875,0.4982,0.49881171875,0.4968,0.49841796875,0.4985888671875,0.4989591796875,0.499921875,0.49780546875,0.499621875,0.4999951171875,0.49999921875,0.499921875,0.49827421875,0.4999435546875,0.4988419921875,0.494746875,0.4999138671875,0.49977421875,0.4996388671875,0.4982,0.4997326171875,0.4986544921875,0.4999763671875,0.497371875,0.49943046875,0.49934296875,0.5,0.4999982421875,0.49868671875,0.49855546875,0.4989591796875,0.49971796875,0.4997029296875,0.49855546875,0.4971404296875,0.49914921875,0.4999560546875,0.4941544921875,0.49728046875,0.49709296875,0.499096875,0.4986544921875,0.49995,0.499746875,0.4995685546875,0.49999921875,0.49999921875,0.4967498046875,0.4997873046875,0.498346875,0.4981623046875,0.4998576171875,0.4998357421875,0.4980076171875,0.4998123046875,0.49881171875,0.49943046875,0.49958671875,0.4995685546875,0.49649296875,0.4998123046875,0.498621875,0.49996171875,0.4995685546875,0.4953076171875,0.49669921875,0.49996171875,0.4998875,0.49965546875,0.4992732421875,0.4994513671875,0.4998,0.499921875,0.49990546875,0.4986544921875,0.4953076171875,0.4999138671875,0.4997029296875,0.499296875,0.498871875,0.49986796875,0.4999138671875,0.499471875,0.49982421875,0.4997029296875,0.4995685546875,0.4998123046875,0.49924921875,0.4987810546875,0.4999998046875,0.49709296875,0.4993201171875,0.4998357421875,0.4992732421875,0.4995685546875,0.4998123046875,0.49746171875,0.4991748046875,0.4999138671875,0.498346875,0.48779296875,0.49993671875,0.4978875,0.4993654296875,0.4995685546875,0.4991748046875,0.4993654296875,0.4992,0.49755,0.49904296875,0.49934296875,0.4997607421875,0.4999560546875,0.4998875,0.49924921875,0.49993671875,0.49881171875,0.497721875,0.4975935546875,0.4997607421875,0.49914921875,0.49763671875,0.4996044921875,0.4998576171875,0.49827421875,0.4989591796875,0.4991748046875,0.4999904296875,0.49881171875,0.4999560546875,0.4927248046875,0.49904296875,0.49868671875,0.5,0.4996388671875,0.4996716796875,0.4960060546875,0.4997607421875,0.4938810546875,0.4999875,0.4968498046875,0.4974169921875,0.4994091796875,0.499921875,0.4998779296875,0.4980857421875,0.4966482421875,0.4994919921875,0.4971875,0.4996716796875,0.4985216796875,0.4996044921875,0.4999951171875,0.49982421875,0.4997326171875,0.4990154296875,0.4998576171875,0.4999763671875,0.498046875,0.498871875,0.4999982421875,0.4954875,0.49943046875,0.4995685546875,0.4992,0.499996875,0.49763671875,0.4989591796875,0.49990546875,0.49982421875,0.49996171875,0.4977638671875,0.49977421875,0.49812421875,0.4944875,0.4999560546875,0.49924921875,0.4999294921875,0.4998576171875,0.49958671875,0.4990701171875,0.499621875,0.4999435546875,0.493096875,0.49995,0.4990154296875,0.498621875,0.4960060546875,0.49951171875,0.49990546875,0.4997029296875,0.49875,0.4963341796875,0.4988419921875,0.4999763671875,0.4996875,0.4995310546875,0.4998875,0.4976794921875,0.49958671875,0.492496875,0.49893046875,0.4971404296875,0.4999294921875,0.4997607421875,0.4996875,0.499996875,0.4993201171875,0.4990154296875,0.4998576171875,0.49951171875,0.499096875,0.4993654296875,0.49955,0.49669921875,0.4992248046875,0.49914921875,0.49982421875,0.4985216796875,0.4982,0.49998046875,0.49595,0.4942888671875,0.49934296875,0.49999296875,0.4997029296875,0.4988419921875,0.49955,0.49827421875,0.4997873046875,0.49986796875,0.4966482421875
0.49999296875,0.4955466796875,0.4995310546875,0.49875,0.4897576171875,0.499996875,0.4989591796875,0.49971796875,0.49998046875,0.4998779296875,0.497721875,0.4978875,0.49583671875,0.49993671875,0.49977421875,0.4996716796875,0.4936013671875,0.4975935546875,0.4997873046875,0.4999904296875,0.49763671875,0.497371875,0.4994919921875,0.4993654296875,0.499971875,0.4886560546875,0.4998357421875,0.49855546875,0.49995,0.4963875,0.4996388671875,0.4999560546875,0.4974169921875,0.49965546875,0.4992732421875,0.499921875,0.499996875,0.499971875,0.49746171875,0.4985216796875,0.5,0.49689921875,0.4999951171875,0.4996044921875,0.49755,0.4972341796875,0.499996875,0.4999982421875,0.49965546875,0.49893046875,0.499846875,0.4999763671875,0.49971796875,0.499746875,0.499621875,0.499471875,0.4994091796875,0.49746171875,0.4986544921875,0.4998875,0.49999921875,0.499096875,0.49841796875,0.4997029296875,0.4983826171875,0.4998779296875,0.49536796875,0.49999921875,0.4977638671875,0.4995685546875,0.4997326171875,0.49855546875,0.4999669921875,0.4996044921875,0.4995310546875,0.4999435546875,0.49934296875,0.49628046875,0.4933875,0.49893046875,0.49982421875,0.4994513671875,0.49955,0.4973263671875,0.4982,0.498346875,0.499296875,0.4994919921875,0.49990546875,0.4899357421875,0.49982421875,0.49977421875,0.4977638671875,0.499621875,0.4987185546875,0.4997029296875,0.49951171875,0.4945529296875,0.4950623046875,0.4958935546875,0.4966482421875,0.49996171875,0.49763671875,0.4990701171875,0.4978875,0.4964404296875,0.49993671875,0.4999904296875,0.4984529296875,0.499846875,0.499296875,0.49965546875,0.4996716796875,0.49827421875,0.49841796875,0.49996171875,0.4992,0.4995685546875,0.498871875,0.4946826171875,0.4996875,0.4987810546875,0.49155,0.49990546875,0.4852294921875,0.49812421875,0.49996171875,0.495,0.4999998046875,0.4994091796875,0.49982421875,0.4993875,0.49755,0.4968498046875,0.4945529296875,0.49958671875,0.4999763671875,0.49812421875,0.49868671875,0.4944875,0.4995685546875,0.4993875,0.49986796875,0.4977638671875,0.49812421875,0.4999138671875,0.4989013671875,0.499921875,0.499921875,0.4991232421875,0.4995310546875,0.49971796875,0.49709296875,0.4999435546875,0.4996716796875,0.4981623046875,0.4994919921875,0.4968498046875,0.49763671875,0.4960060546875,0.49986796875,0.499921875,0.49982421875,0.49487421875,0.4992248046875,0.499971875,0.4999982421875,0.4975935546875,0.49995,0.49780546875,0.49841796875,0.4994513671875,0.49996171875,0.49965546875,0.4998,0.49855546875,0.4976794921875,0.4999951171875,0.49934296875,0.49435546875,0.49993671875,0.499996875,0.4999763671875,0.4992,0.4997029296875,0.4998966796875,0.4984875,0.4933875,0.4996716796875,0.4998,0.4880841796875,0.4998,0.49934296875,0.49958671875,0.4998966796875,0.4973263671875,0.49993671875,0.4972341796875,0.4999560546875,0.4998123046875,0.4993875,0.4996044921875,0.49955,0.4984529296875,0.4999560546875,0.499846875,0.49958671875,0.4969482421875,0.4974169921875,0.4980857421875,0.494746875,0.4967498046875,0.4965451171875,0.4987185546875,0.4981623046875,0.4999294921875,0.49971796875,0.4998357421875,0.4999763671875,0.49951171875,0.4989875,0.4999982421875,0.4997607421875,0.4998576171875,0.4999998046875,0.49996171875,0.49996171875,0.4906326171875,0.49995,0.499921875,0.49982421875,0.4998123046875,0.49628046875,0.498621875,0.4999138671875,0.4984529296875,0.49965546875,0.4981623046875,0.4996716796875,0.4963341796875,0.4999982421875,0.4993654296875,0.484246875,0.49324296875,0.499921875,0.4954279296875,0.4999951171875,0.49461796875,0.4987810546875,0.4958935546875,0.49755,0.4996875,0.49986796875,0.4957794921875,0.4996388671875,0.492496875,0.4960060546875,0.49812421875,0.4981623046875,0.495246875,0.5,0.49998046875,0.49955,0.4998123046875,0.4994091796875,0.4989875,0.4999875,0.4998,0.499971875,0.4969482421875,0.49943046875,0.49977421875,0.4992248046875,0.4936013671875,0.49971796875,0.497721875,0.4975060546875,0.49995,0.49203046875,0.49875,0.49904296875,0.4965451171875,0.4999138671875,0.49995,0.4999294921875,0.4996716796875,0.4990701171875,0.4996044921875,0.4993654296875,0.4977638671875,0.4972341796875,0.4996875,0.49971796875,0.4999669921875,0.4982,0.4984875,0.49977421875,0.49977421875,0.49958671875,0.4996044921875,0.4998,0.4999875,0.49841796875,0.4992248046875,0.4994513671875,0.4998576171875,0.49904296875,0.49868671875,0.49999296875,0.49955,0.4953076171875,0.49881171875,0.4997326171875,0.4941544921875,0.4976794921875,0.4994919921875,0.4997607421875,0.49105546875,0.4979279296875,0.49999296875,0.49951171875,0.4998966796875,0.49560546875,0.4946826171875,0.49965546875,0.4986544921875,0.4993654296875,0.4994091796875,0.4992,0.49977421875,0.499846875,0.4994091796875,0.5,0.4989591796875,0.499996875,0.498346875,0.4997029296875,0.49999921875,0.4988419921875,0.49893046875,0.498046875,0.4993201171875,0.4998779296875,0.4998357421875,0.4999982421875,0.4991748046875,0.499996875,0.4997326171875,0.49536796875,0.4998357421875,0.49868671875,0.4995685546875,0.499921875,0.4992248046875,0.494746875,0.4999998046875,0.4974169921875,0.49796796875,0.4999904296875,0.49203046875,0.49893046875,0.4996044921875,0.4982373046875,0.49435546875,0.498346875,0.498621875,0.4994919921875,0.4999669921875,0.4993654296875,0.499996875,0.49993671875,0.49982421875,0.49855546875,0.499996875,0.4991748046875,0.49649296875,0.4999669921875,0.4917919921875,0.49999921875,0.4985216796875,0.4953076171875,0.4997607421875,0.49812421875,0.4998875,0.4954279296875,0.49560546875,0.5,0.4999763671875,0.49868671875,0.5,0.49924921875,0.4989875,0.4995685546875,0.4999951171875,0.4973263671875,0.499096875,0.49868671875,0.49999296875,0.499296875,0.4998,0.49755,0.4999763671875,0.4999951171875,0.4999841796875,0.49689921875,0.4989591796875,0.48893671875,0.49203046875,0.4991748046875,0.498621875,0.4917919921875,0.4996388671875,0.49990546875,0.4999998046875,0.4978466796875,0.49955,0.49951171875,0.493671875,0.49893046875,0.4924201171875,0.499621875,0.499846875,0.49560546875,0.4988419921875,0.49689921875,0.4970451171875,0.4946826171875,0.493096875,0.49924921875,0.49999921875,0.49999296875,0.4999435546875,0.4999669921875,0.4994513671875,0.49234296875,0.49763671875,0.4999435546875,0.4973263671875,0.4997607421875,0.499621875,0.5,0.499621875,0.4996716796875,0.49986796875,0.49971796875,0.499971875,0.4948107421875,0.4990701171875,0.4957794921875,0.4999138671875,0.4998123046875,0.4999998046875,0.499096875,0.4993875,0.4999951171875,0.4997607421875,0.49827421875,0.4984529296875,0.4988419921875,0.4996716796875,0.49995,0.49977421875,0.497721875,0.49934296875,0.49796796875,0.4974169921875,0.49971796875,0.49995,0.49977421875,0.4980076171875,0.4904607421875,0.4996044921875,0.495246875,0.49868671875,0.49583671875,0.4958935546875,0.4980857421875,0.49709296875,0.4999294921875,0.49924921875,0.499746875,0.4999998046875,0.4992732421875,0.4991232421875,0.49995,0.499996875,0.4993201171875,0.499846875,0.498621875,0.49958671875,0.496596875,0.498346875,0.499921875,0.4992,0.4933875,0.499621875,0.4983826171875,0.4989013671875,0.49728046875,0.4995685546875,0.4969482421875,0.4999982421875,0.49512421875,0.4999763671875,0.49995,0.49934296875,0.5,0.5,0.49294921875,0.49996171875,0.4999998046875,0.4996875,0.49924921875,0.49868671875,0.499971875,0.4999294921875,0.499921875,0.499921875,0.4994513671875,0.499996875,0.49914921875,0.49993671875,0.4998357421875,0.4999841796875,0.49934296875,0.49796796875,0.49746171875,0.496996875,0.49958671875,0.499971875,0.4982373046875,0.498046875,0.498346875,0.4998123046875,0.4985888671875,0.4987810546875,0.4984529296875,0.49689921875,0.4999763671875,0.4999841796875,0.4998123046875,0.4993875,0.49998046875,0.4998875,0.4991748046875,0.4984875,0.49971796875,0.4999951171875,0.49628046875,0.4995310546875,0.49951171875,0.4974169921875,0.4989013671875,0.49841796875,0.49999921875,0.4990701171875,0.4982,0.4998357421875,0.4995310546875,0.4987810546875,0.4975060546875,0.4984875,0.499921875,0.49982421875,0.4999294921875,0.494746875,0.4992,0.4979279296875,0.4991748046875,0.4956638671875,0.4990154296875,0.4998357421875,0.4990701171875,0.4979279296875,0.4999138671875,0.49999296875,0.4996875,0.4990154296875,0.4993654296875,0.4999982421875,0.49951171875,0.49914921875,0.4984875,0.4991232421875,0.4999763671875,0.49965546875,0.4968498046875,0.499996875,0.497371875,0.4988419921875,0.49996171875,0.499846875,0.4993875,0.4919513671875,0.499921875,0.4998,0.4998123046875,0.4996875,0.49965546875,0.494746875,0.4992732421875,0.4954279296875,0.4972341796875,0.497371875,0.49841796875,0.499996875,0.49965546875,0.4973263671875,0.4999669921875,0.4999998046875,0.4997607421875,0.4965451171875,0.498871875,0.4994091796875,0.4996875,0.4999951171875,0.49875,0.49951171875,0.4984875,0.4975060546875,0.499996875,0.493671875,0.4989013671875,0.4997873046875,0.49893046875,0.4998966796875,0.499746875,0.4916310546875,0.49812421875,0.49171171875,0.49755,0.49993671875,0.499971875,0.49934296875,0.4999998046875,0.49996171875,0.49971796875,0.4968498046875,0.49971796875,0.4977638671875,0.499746875,0.4991232421875,0.4999294921875,0.4996044921875,0.499971875,0.4966482421875,0.499996875,0.4980857421875,0.4963341796875,0.499971875,0.4997607421875,0.499471875,0.4998,0.4975060546875,0.4995310546875,0.49841796875,0.4989875,0.4970451171875,0.499846875,0.49812421875,0.4987810546875,0.4994513671875,0.492496875,0.4999982421875,0.4997326171875,0.495246875,0.4957794921875,0.4973263671875,0.49855546875,0.49958671875,0.4997873046875,0.4996875,0.4987810546875,0.4998576171875,0.4977638671875,0.4949373046875,0.48856171875,0.4962263671875,0.4983826171875,0.4982373046875,0.4967498046875,0.4989591796875,0.499746875,0.4957794921875,0.4971875,0.49893046875,0.4994513671875,0.4999560546875,0.4989591796875,0.4990701171875,0.4998576171875,0.4996044921875,0.4996716796875,0.4989013671875,0.4968498046875,0.4999951171875,0.49982421875,0.499971875,0.4999560546875,0.49995,0.49996171875,0.4985216796875,0.4983826171875,0.4998779296875,0.4999951171875,0.4999982421875,0.4994091796875,0.49996171875,0.4990154296875,0.4961169921875,0.4968498046875,0.4993654296875,0.4989875,0.49995,0.4953076171875,0.4999951171875,0.4973263671875,0.49993671875,0.4976794921875,0.4996044921875,0.4988419921875,0.4981623046875,0.4974169921875,0.499996875,0.4971875,0.499296875,0.49709296875,0.4998779296875,0.49841796875,0.4987810546875,0.49904296875,0.4985216796875,0.49993671875,0.495,0.49536796875,0.4980076171875,0.4999904296875,0.49993671875,0.4948107421875,0.4976794921875,0.4990701171875,0.49536796875,0.4995685546875,0.4983107421875,0.4922654296875,0.4990154296875,0.4978875,0.4988419921875,0.4997873046875,0.49999296875,0.4985888671875,0.4999560546875,0.49996171875,0.49999921875,0.4999669921875,0.4997326171875,0.49965546875,0.49728046875,0.4986544921875,0.4977638671875,0.49669921875,0.49990546875,0.49990546875,0.499746875,0.4997873046875,0.49812421875,0.4984875,0.4980076171875,0.498621875,0.4983826171875,0.497721875,0.4989013671875,0.4983826171875,0.4978466796875,0.499971875,0.49780546875,0.499921875,0.4997029296875,0.4996716796875,0.49955,0.498046875,0.49996171875,0.49958671875,0.4964404296875,0.49998046875,0.4998966796875,0.49998046875,0.4983826171875,0.4996716796875,0.4994919921875,0.49993671875,0.4984529296875,0.4997326171875,0.4989013671875,0.4999904296875,0.49996171875,0.498871875,0.4984529296875,0.49914921875,0.49875,0.499921875,0.4984875,0.49487421875,0.499621875,0.4999294921875,0.49689921875,0.4982373046875,0.4978875,0.4997029296875,0.4966482421875,0.4997326171875,0.499471875,0.499746875,0.49855546875,0.49990546875,0.4944875,0.499296875,0.4960060546875,0.498346875,0.4999904296875,0.499846875,0.49841796875,0.4999435546875,0.49746171875,0.4983826171875,0.49914921875,0.4995310546875,0.497371875,0.4999294921875,0.4982373046875,0.4997873046875,0.49924921875,0.493671875,0.498346875,0.4999982421875,0.499846875,0.4993201171875,0.4987185546875,0.4998576171875,0.49986796875,0.4999904296875,0.49951171875,0.498621875,0.4962263671875,0.4998576171875,0.4998779296875,0.4992732421875,0.4978466796875,0.499471875,0.49982421875,0.4999560546875,0.4999841796875,0.4999951171875,0.4994091796875,0.4999669921875,0.4997607421875,0.4981623046875,0.4998966796875,0.4970451171875,0.4995685546875,0.4999294921875,0.49914921875,0.4998,0.4994091796875,0.498346875,0.49977421875,0.4999904296875,0.498346875,0.4901123046875,0.4999294921875,0.496596875,0.49982421875,0.4992,0.4985216796875,0.4993875,0.4990701171875,0.49904296875,0.49914921875,0.49924921875,0.49982421875,0.499921875,0.49982421875,0.4996388671875,0.4999951171875,0.4988419921875,0.4978875,0.49755,0.49986796875,0.499621875,0.496596875,0.498046875,0.49881171875,0.49914921875,0.49841796875,0.4984875,0.499971875,0.4985216796875,0.4999841796875,0.4948107421875,0.49881171875,0.498346875,0.499996875,0.49965546875,0.4995310546875,0.4970451171875,0.4998357421875,0.49487421875,0.4999669921875,0.4966482421875,0.4974169921875,0.49914921875,0.49951171875,0.4998123046875,0.49868671875,0.4966482421875,0.4993875,0.49138671875,0.49996171875,0.4978875,0.49955,0.499996875,0.4999435546875,0.49982421875,0.4992248046875,0.49986796875,0.49914921875,0.4984875,0.49924921875,0.49986796875,0.4978875,0.49993671875,0.4996875,0.498621875,0.4999904296875,0.49763671875,0.4957794921875,0.49965546875,0.4998875,0.4999951171875,0.49560546875,0.4999841796875,0.4989875,0.492496875,0.499996875,0.4993201171875,0.49986796875,0.499621875,0.49965546875,0.4996044921875,0.4999669921875,0.49977421875,0.48856171875,0.49965546875,0.4987810546875,0.4997873046875,0.4971875,0.499971875,0.4998,0.4998875,0.49993671875,0.49560546875,0.4987185546875,0.4997873046875,0.4999560546875,0.4999435546875,0.499971875,0.4981623046875,0.49971796875,0.493671875,0.49709296875,0.4992732421875,0.49982421875,0.4993875,0.49955,0.4999998046875,0.4999841796875,0.4979279296875,0.4997326171875,0.49796796875,0.4985888671875,0.499096875,0.4999435546875,0.4972341796875,0.4970451171875,0.4989875,0.4993875,0.4992732421875,0.4979279296875,0.4999560546875,0.49381171875,0.4938810546875,0.4997873046875,0.499296875,0.49881171875,0.49755,0.499996875,0.49709296875,0.4999560546875,0.4999138671875,0.496996875
0.49995,0.4944875,0.499971875,0.49982421875,0.49264921875,0.499846875,0.49955,0.4999951171875,0.4999951171875,0.4995685546875,0.4973263671875,0.4974169921875,0.49512421875,0.4998875,0.4999841796875,0.49977421875,0.49628046875,0.49709296875,0.4998966796875,0.49999921875,0.4978466796875,0.495246875,0.49977421875,0.4993654296875,0.49995,0.48875,0.49986796875,0.49881171875,0.49977421875,0.49628046875,0.4998779296875,0.49986796875,0.4975935546875,0.4999560546875,0.49893046875,0.49998046875,0.4986544921875,0.4999951171875,0.4965451171875,0.49855546875,0.4998123046875,0.4963875,0.4998966796875,0.4999841796875,0.4984529296875,0.4937419921875,0.49982421875,0.4999841796875,0.4995310546875,0.49755,0.4999669921875,0.4999982421875,0.49993671875,0.4997326171875,0.49999921875,0.49977421875,0.4996875,0.49955,0.4992248046875,0.4999982421875,0.4998123046875,0.4984875,0.498621875,0.49999296875,0.4963341796875,0.49977421875,0.497371875,0.4998875,0.49746171875,0.4994513671875,0.49996171875,0.4990154296875,0.4998123046875,0.4992,0.4999763671875,0.49914921875,0.497721875,0.49780546875,0.4963875,0.49986796875,0.4998576171875,0.49881171875,0.49996171875,0.49669921875,0.499746875,0.4960060546875,0.4982,0.4996388671875,0.4999294921875,0.491221875,0.499621875,0.4999951171875,0.49755,0.4998357421875,0.49998046875,0.4996716796875,0.499846875,0.4958935546875,0.4944875,0.4951857421875,0.4970451171875,0.4998123046875,0.4982,0.49986796875,0.4993875,0.4954279296875,0.4998875,0.49996171875,0.4989013671875,0.4998123046875,0.4985888671875,0.4993201171875,0.4989875,0.4999560546875,0.4974169921875,0.499921875,0.498621875,0.4997873046875,0.4990154296875,0.493671875,0.49971796875,0.4984875,0.4917919921875,0.4999951171875,0.4897576171875,0.4957794921875,0.49990546875,0.4956638671875,0.4998875,0.4999138671875,0.49881171875,0.4993875,0.4975060546875,0.49728046875,0.4897576171875,0.49998046875,0.4995310546875,0.49796796875,0.49868671875,0.49324296875,0.499621875,0.4984875,0.49999296875,0.499471875,0.4987185546875,0.4999951171875,0.499971875,0.49999921875,0.49995,0.5,0.49943046875,0.49996171875,0.4972341796875,0.49990546875,0.49796796875,0.4989875,0.4992732421875,0.4970451171875,0.49669921875,0.4948107421875,0.49955,0.4990154296875,0.4997326171875,0.49669921875,0.4997873046875,0.4998779296875,0.49995,0.498346875,0.4991748046875,0.49746171875,0.4992,0.4992,0.4998875,0.49993671875,0.4999763671875,0.4987810546875,0.4987185546875,0.49993671875,0.4985216796875,0.4944875,0.4996875,0.4998779296875,0.4999998046875,0.4998,0.4991232421875,0.499921875,0.497371875,0.4934591796875,0.4998123046875,0.499471875,0.4909716796875,0.499746875,0.49986796875,0.49914921875,0.4999951171875,0.49763671875,0.49995,0.49536796875,0.4998,0.4992,0.4996388671875,0.499096875,0.49986796875,0.49934296875,0.49999921875,0.4999560546875,0.4982373046875,0.4985216796875,0.4948107421875,0.49812421875,0.49536796875,0.4946826171875,0.4930232421875,0.49881171875,0.49595,0.49999296875,0.498346875,0.4992732421875,0.49990546875,0.4980857421875,0.4998123046875,0.4997029296875,0.499471875,0.4987185546875,0.49965546875,0.4996388671875,0.49924921875,0.4949373046875,0.49943046875,0.4999669921875,0.4999138671875,0.499621875,0.4942888671875,0.4975935546875,0.4999982421875,0.4980857421875,0.4990154296875,0.4965451171875,0.49986796875,0.494221875,0.4992732421875,0.4997029296875,0.4832326171875,0.49461796875,0.4998576171875,0.4931701171875,0.499921875,0.4960060546875,0.49893046875,0.4964404296875,0.49893046875,0.4998123046875,0.49924921875,0.49435546875,0.4997607421875,0.49512421875,0.497721875,0.4987185546875,0.4967498046875,0.4930232421875,0.49990546875,0.49999921875,0.4990154296875,0.4999841796875,0.49955,0.4996044921875,0.4999951171875,0.499846875,0.4993875,0.49746171875,0.4999138671875,0.49893046875,0.499471875,0.4921875,0.49914921875,0.498871875,0.4986544921875,0.4998123046875,0.493671875,0.49881171875,0.4992248046875,0.4975935546875,0.4999875,0.49993671875,0.4999841796875,0.4993201171875,0.4989875,0.49914921875,0.49914921875,0.49914921875,0.4993875,0.4998123046875,0.499996875,0.49993671875,0.4978466796875,0.497721875,0.499296875,0.4998357421875,0.4981623046875,0.4994513671875,0.49955,0.49999921875,0.49796796875,0.4989591796875,0.499971875,0.4995310546875,0.4989875,0.4994919921875,0.4997873046875,0.4998,0.49606171875,0.4984529296875,0.4999982421875,0.495246875,0.4967498046875,0.4981623046875,0.4995310546875,0.4913044921875,0.497721875,0.499921875,0.49986796875,0.4997326171875,0.49649296875,0.4948107421875,0.4995685546875,0.49689921875,0.4980076171875,0.4989013671875,0.498871875,0.49999296875,0.4997326171875,0.4996875,0.4998875,0.4991748046875,0.4995685546875,0.49841796875,0.4988419921875,0.499971875,0.49914921875,0.4969482421875,0.4990154296875,0.4993201171875,0.4997029296875,0.49914921875,0.4999875,0.4998357421875,0.4999951171875,0.4984529296875,0.4953076171875,0.4999560546875,0.4990154296875,0.4997029296875,0.49986796875,0.499296875,0.4954875,0.4999951171875,0.4982,0.4983107421875,0.4999841796875,0.4888435546875,0.4984529296875,0.4998779296875,0.4980076171875,0.49461796875,0.4975060546875,0.4971404296875,0.49999921875,0.49875,0.4989013671875,0.499971875,0.4999904296875,0.49999296875,0.498871875,0.4999982421875,0.4977638671875,0.4960060546875,0.4998,0.49487421875,0.4998123046875,0.4997873046875,0.49381171875,0.49990546875,0.4974169921875,0.4999294921875,0.4922654296875,0.49649296875,0.49986796875,0.49999296875,0.49827421875,0.4999294921875,0.4996875,0.4984529296875,0.49971796875,0.49951171875,0.493671875,0.499296875,0.499746875,0.49977421875,0.4986544921875,0.49958671875,0.4951857421875,0.499846875,0.4999669921875,0.4996875,0.4964404296875,0.49868671875,0.488371875,0.49234296875,0.4974169921875,0.4989013671875,0.49203046875,0.49982421875,0.4999875,0.4999435546875,0.4974169921875,0.499846875,0.4980857421875,0.4927248046875,0.499746875,0.4909716796875,0.49755,0.49914921875,0.4980076171875,0.499471875,0.49669921875,0.4974169921875,0.4954875,0.49171171875,0.4984529296875,0.499746875,0.4999875,0.4983826171875,0.49999296875,0.4994091796875,0.4942888671875,0.4978466796875,0.49943046875,0.499296875,0.4997607421875,0.499846875,0.4998966796875,0.4994919921875,0.499296875,0.4997873046875,0.4994513671875,0.4999904296875,0.4971404296875,0.4980857421875,0.49689921875,0.49993671875,0.499096875,0.49995,0.49955,0.4985888671875,0.499846875,0.4999763671875,0.4992248046875,0.4980857421875,0.4972341796875,0.4997326171875,0.4992,0.4998779296875,0.4983826171875,0.4992,0.4973263671875,0.49560546875,0.4998779296875,0.4999669921875,0.4998576171875,0.49827421875,0.49203046875,0.49999921875,0.49171171875,0.498621875,0.4934591796875,0.4967498046875,0.4971404296875,0.4976794921875,0.4994091796875,0.4995310546875,0.4984529296875,0.4998875,0.4998,0.49868671875,0.4997873046875,0.4998357421875,0.49924921875,0.49982421875,0.4971404296875,0.4992,0.49746171875,0.498046875,0.4995310546875,0.4983826171875,0.4953076171875,0.49924921875,0.4997607421875,0.4998123046875,0.49583671875,0.49875,0.4967498046875,0.4999669921875,0.49709296875,0.4999763671875,0.499621875,0.4991748046875,0.4996875,0.49990546875,0.495,0.49998046875,0.49977421875,0.4993201171875,0.49977421875,0.4993875,0.4999763671875,0.4998576171875,0.49999921875,0.499471875,0.49914921875,0.49993671875,0.4999875,0.4997873046875,0.4989591796875,0.4999669921875,0.4988419921875,0.4980857421875,0.49796796875,0.4976794921875,0.49943046875,0.49999921875,0.4983107421875,0.4989591796875,0.49893046875,0.499921875,0.4995310546875,0.496171875,0.49812421875,0.4967498046875,0.4997326171875,0.49943046875,0.4992248046875,0.4994091796875,0.4998779296875,0.4998357421875,0.4991748046875,0.4984529296875,0.49990546875,0.49996171875,0.49796796875,0.49971796875,0.4999138671875,0.4979279296875,0.49881171875,0.4982373046875,0.4999294921875,0.4977638671875,0.49746171875,0.4998357421875,0.4996388671875,0.4995310546875,0.49812421875,0.49796796875,0.4991232421875,0.49934296875,0.49998046875,0.4942888671875,0.4987810546875,0.4973263671875,0.4993201171875,0.495721875,0.4987185546875,0.4998576171875,0.4996716796875,0.4985888671875,0.4994091796875,0.4997873046875,0.4997873046875,0.4962263671875,0.4994513671875,0.4997607421875,0.4999998046875,0.4989875,0.499471875,0.49763671875,0.49999296875,0.4998357421875,0.4966482421875,0.499996875,0.49728046875,0.4982,0.499996875,0.499471875,0.4979279296875,0.4934591796875,0.499746875,0.4992,0.4995310546875,0.4999560546875,0.49893046875,0.4962263671875,0.4992248046875,0.494221875,0.49669921875,0.4987810546875,0.49649296875,0.49995,0.4992248046875,0.4992248046875,0.49971796875,0.49993671875,0.4999982421875,0.4993875,0.49728046875,0.49904296875,0.4995685546875,0.4997326171875,0.4985216796875,0.49986796875,0.4985888671875,0.4973263671875,0.4994513671875,0.4933154296875,0.4991232421875,0.4998,0.4989591796875,0.49971796875,0.499296875,0.495246875,0.4984875,0.49037421875,0.4967498046875,0.4999875,0.49999921875,0.49982421875,0.4993201171875,0.4999951171875,0.4999841796875,0.49595,0.4998,0.497371875,0.4999904296875,0.4989591796875,0.4995685546875,0.49986796875,0.4992248046875,0.495721875,0.49943046875,0.498621875,0.49628046875,0.4998,0.4997326171875,0.49904296875,0.4999294921875,0.497721875,0.499096875,0.4965451171875,0.4981623046875,0.49796796875,0.4999951171875,0.4992,0.4994091796875,0.4985216796875,0.4930232421875,0.49998046875,0.4995685546875,0.49461796875,0.49812421875,0.4960060546875,0.4994919921875,0.499971875,0.4992,0.4992248046875,0.49881171875,0.49958671875,0.4982,0.4949373046875,0.4911388671875,0.49435546875,0.4985888671875,0.49812421875,0.498046875,0.4975060546875,0.49955,0.49353046875,0.49881171875,0.4963341796875,0.4994513671875,0.4999982421875,0.4986544921875,0.4992,0.49999296875,0.4997326171875,0.4999669921875,0.4984875,0.4971875,0.499996875,0.4993875,0.499746875,0.4996044921875,0.499996875,0.4997029296875,0.49628046875,0.4985888671875,0.4999841796875,0.499996875,0.499971875,0.49971796875,0.499621875,0.497721875,0.49649296875,0.49536796875,0.4999560546875,0.498346875,0.4998576171875,0.4964404296875,0.4998966796875,0.4984875,0.4997326171875,0.4980076171875,0.499971875,0.49827421875,0.4987810546875,0.4985888671875,0.4986544921875,0.4954279296875,0.4997873046875,0.4961169921875,0.4999875,0.4967498046875,0.4989591796875,0.49755,0.4997873046875,0.49999296875,0.49264921875,0.494221875,0.4977638671875,0.499971875,0.49934296875,0.4949373046875,0.4977638671875,0.4998,0.4953076171875,0.4995310546875,0.49746171875,0.49234296875,0.4989013671875,0.497721875,0.4973263671875,0.4999982421875,0.4996875,0.499096875,0.4992,0.4988419921875,0.49998046875,0.499846875,0.4996716796875,0.4998966796875,0.4978875,0.49841796875,0.4961169921875,0.49812421875,0.49958671875,0.499996875,0.4999763671875,0.4996875,0.4966482421875,0.49971796875,0.4980076171875,0.49536796875,0.49951171875,0.4980076171875,0.49990546875,0.498346875,0.4993654296875,0.4999904296875,0.4989013671875,0.4999763671875,0.4999669921875,0.499921875,0.49914921875,0.49841796875,0.4996044921875,0.4996716796875,0.4971404296875,0.49999921875,0.4989591796875,0.499996875,0.49904296875,0.4994513671875,0.4993875,0.499746875,0.49780546875,0.4989591796875,0.4996716796875,0.4997029296875,0.49996171875,0.4974169921875,0.4993654296875,0.4996388671875,0.497721875,0.4989875,0.4989013671875,0.4964404296875,0.4990154296875,0.4999982421875,0.495,0.4971404296875,0.4985216796875,0.4991748046875,0.4988419921875,0.4999560546875,0.4996716796875,0.49955,0.4999294921875,0.5,0.49583671875,0.4980076171875,0.4944875,0.4980076171875,0.4998966796875,0.4993654296875,0.49841796875,0.4998966796875,0.4985888671875,0.4987810546875,0.49881171875,0.498621875,0.4962263671875,0.49955,0.49796796875,0.4997326171875,0.4996875,0.494221875,0.4982373046875,0.49955,0.4995310546875,0.4999294921875,0.49955,0.4983107421875,0.4999138671875,0.49999296875,0.4998123046875,0.4977638671875,0.493096875,0.4999294921875,0.4999560546875,0.499746875,0.4989013671875,0.4999669921875,0.4998779296875,0.4999951171875,0.4999560546875,0.49996171875,0.49998046875,0.4998875,0.49934296875,0.4981623046875,0.4998123046875,0.4968498046875,0.4994091796875,0.49999296875,0.49951171875,0.49868671875,0.4997326171875,0.49709296875,0.4994091796875,0.4998779296875,0.4993201171875,0.4940185546875,0.499971875,0.49780546875,0.49875,0.4984875,0.499296875,0.4986544921875,0.49951171875,0.4970451171875,0.4994919921875,0.4993201171875,0.49990546875,0.4999294921875,0.499296875,0.4999138671875,0.4998123046875,0.4994513671875,0.498046875,0.49780546875,0.4999294921875,0.4992,0.4970451171875,0.4965451171875,0.49914921875,0.4992,0.4974169921875,0.4982,0.4993654296875,0.4980857421875,0.49971796875,0.495721875,0.499296875,0.497371875,0.4999294921875,0.4998966796875,0.49914921875,0.4970451171875,0.4998875,0.494221875,0.4999560546875,0.4953076171875,0.49755,0.49914921875,0.4998966796875,0.4993875,0.49958671875,0.49827421875,0.49868671875,0.491871875,0.4996875,0.49958671875,0.49986796875,0.4999998046875,0.4998875,0.4986544921875,0.4984529296875,0.4996044921875,0.49993671875,0.49868671875,0.4998966796875,0.49999921875,0.4965451171875,0.4996044921875,0.4999904296875,0.499846875,0.4999875,0.4979279296875,0.4955466796875,0.499096875,0.49982421875,0.4997029296875,0.4969482421875,0.49982421875,0.49943046875,0.4899357421875,0.4998779296875,0.4987810546875,0.4995310546875,0.4989013671875,0.4996875,0.4999669921875,0.4999669921875,0.49999296875,0.4870998046875,0.49893046875,0.4982373046875,0.499296875,0.4970451171875,0.4993875,0.499746875,0.499921875,0.4999951171875,0.4951857421875,0.4990154296875,0.4999669921875,0.49977421875,0.4999951171875,0.49971796875,0.498621875,0.49943046875,0.491871875,0.4992248046875,0.4996044921875,0.499621875,0.49993671875,0.49951171875,0.4999998046875,0.499846875,0.49951171875,0.4998,0.4982,0.4982373046875,0.4992248046875,0.499096875,0.494746875,0.4985216796875,0.4994513671875,0.4998779296875,0.4992,0.4986544921875,0.4999294921875,0.496171875,0.4909716796875,0.49827421875,0.4994513671875,0.4986544921875,0.49893046875,0.499621875,0.4987185546875,0.4999294921875,0.4993654296875,0.49560546875
0.49986796875,0.4953076171875,0.49982421875,0.4987810546875,0.4938810546875,0.499921875,0.4985216796875,0.49996171875,0.4997029296875,0.4998,0.49595,0.4994919921875,0.4954279296875,0.4996716796875,0.4999951171875,0.4999875,0.4981623046875,0.49827421875,0.49998046875,0.49982421875,0.4979279296875,0.49234296875,0.4989013671875,0.49955,0.49955,0.4856560546875,0.4999951171875,0.4998,0.49977421875,0.4963341796875,0.4992,0.49996171875,0.4962263671875,0.4998875,0.4971875,0.4999951171875,0.49841796875,0.4999998046875,0.4957794921875,0.49924921875,0.4999560546875,0.4924201171875,0.4986544921875,0.4998576171875,0.4992248046875,0.4928748046875,0.49990546875,0.49934296875,0.499096875,0.4961169921875,0.4999998046875,0.499971875,0.4984529296875,0.4994919921875,0.4998875,0.49977421875,0.4998779296875,0.4993201171875,0.497721875,0.4999138671875,0.49990546875,0.4980857421875,0.4967498046875,0.4999904296875,0.4972341796875,0.4997029296875,0.4951857421875,0.49999921875,0.49669921875,0.4998875,0.49986796875,0.49955,0.4992,0.4996716796875,0.4997029296875,0.499296875,0.4989591796875,0.4971875,0.49746171875,0.4999875,0.499996875,0.49958671875,0.499846875,0.4973263671875,0.49893046875,0.4956638671875,0.49827421875,0.49993671875,0.49986796875,0.4902,0.4999951171875,0.4999138671875,0.4985888671875,0.4999982421875,0.4996716796875,0.4997607421875,0.49977421875,0.4954875,0.49138671875,0.4975935546875,0.4968498046875,0.499621875,0.4985888671875,0.4999904296875,0.4992248046875,0.49264921875,0.4997873046875,0.499996875,0.4993654296875,0.4996388671875,0.49893046875,0.5,0.4985216796875,0.4985216796875,0.49855546875,0.4997873046875,0.4990701171875,0.4999294921875,0.49780546875,0.4933875,0.4993201171875,0.49924921875,0.49461796875,0.4999904296875,0.49583671875,0.496996875,0.49998046875,0.4971404296875,0.499471875,0.4997607421875,0.49977421875,0.4996044921875,0.4980857421875,0.4960060546875,0.49037421875,0.49996171875,0.4996875,0.49855546875,0.498871875,0.493096875,0.4982373046875,0.4988419921875,0.4996716796875,0.4988419921875,0.49971796875,0.49995,0.49999921875,0.49995,0.49999296875,0.4998123046875,0.4995685546875,0.4999998046875,0.4984529296875,0.4998966796875,0.4979279296875,0.49977421875,0.4996875,0.4964404296875,0.4957794921875,0.49689921875,0.4984875,0.4989875,0.4998875,0.4961169921875,0.49990546875,0.49934296875,0.4993875,0.4993875,0.4993201171875,0.4973263671875,0.4993875,0.4978875,0.4997029296875,0.4998,0.49999296875,0.4991748046875,0.4976794921875,0.4993875,0.4991748046875,0.4934591796875,0.4988419921875,0.4999875,0.4997029296875,0.498871875,0.49881171875,0.4999763671875,0.4983826171875,0.494221875,0.49914921875,0.4989013671875,0.488371875,0.4998779296875,0.4996044921875,0.4992732421875,0.49977421875,0.4981623046875,0.4999841796875,0.4983107421875,0.49986796875,0.499621875,0.4992248046875,0.4992,0.4996716796875,0.4996044921875,0.49934296875,0.4997607421875,0.49943046875,0.4968,0.4958935546875,0.49914921875,0.49560546875,0.4938810546875,0.4933875,0.49893046875,0.49763671875,0.4999998046875,0.49924921875,0.4998,0.49977421875,0.4982373046875,0.4996044921875,0.499846875,0.499971875,0.4999560546875,0.4997607421875,0.49971796875,0.49971796875,0.495246875,0.499296875,0.4995685546875,0.4999982421875,0.49951171875,0.4956638671875,0.4988419921875,0.4999982421875,0.4972341796875,0.4993875,0.498346875,0.4992248046875,0.49171171875,0.4994919921875,0.4990154296875,0.484246875,0.49395,0.4999669921875,0.4895779296875,0.49999921875,0.4954279296875,0.4988419921875,0.49649296875,0.4992,0.49982421875,0.4999560546875,0.4945529296875,0.499746875,0.495246875,0.4976794921875,0.4982,0.4986544921875,0.4913044921875,0.499996875,0.4999669921875,0.4992732421875,0.4995310546875,0.49951171875,0.4995685546875,0.49996171875,0.49999921875,0.4996044921875,0.495246875,0.4996875,0.49827421875,0.4994091796875,0.4921091796875,0.4998966796875,0.49583671875,0.499296875,0.4998966796875,0.4925732421875,0.4993875,0.49796796875,0.4965451171875,0.49999921875,0.49868671875,0.4997326171875,0.4991748046875,0.49881171875,0.498621875,0.49841796875,0.49934296875,0.4991232421875,0.49998046875,0.49996171875,0.4998576171875,0.4996388671875,0.498046875,0.49943046875,0.499621875,0.4989591796875,0.499096875,0.4999560546875,0.4999560546875,0.4977638671875,0.4999951171875,0.49995,0.49951171875,0.4996044921875,0.4990701171875,0.49943046875,0.4999138671875,0.4942888671875,0.4987185546875,0.4999435546875,0.4955466796875,0.49689921875,0.49595,0.49827421875,0.4934591796875,0.49855546875,0.4985216796875,0.4998357421875,0.49971796875,0.4979279296875,0.4966482421875,0.499846875,0.4946826171875,0.4984875,0.4971875,0.4979279296875,0.499846875,0.499921875,0.498871875,0.4997326171875,0.4992248046875,0.49977421875,0.4982373046875,0.4996388671875,0.4999294921875,0.4987810546875,0.49689921875,0.4983826171875,0.49812421875,0.4993875,0.4994513671875,0.4999435546875,0.499921875,0.49982421875,0.499471875,0.4976794921875,0.4999841796875,0.4987810546875,0.499296875,0.49999296875,0.49868671875,0.493096875,0.4996716796875,0.49924921875,0.49595,0.4997873046875,0.48818046875,0.498621875,0.499471875,0.4979279296875,0.491871875,0.4995685546875,0.4978875,0.4998966796875,0.49986796875,0.4985216796875,0.4999138671875,0.49998046875,0.4998779296875,0.4976794921875,0.499921875,0.49812421875,0.4971875,0.4999841796875,0.49512421875,0.4999904296875,0.49934296875,0.49606171875,0.49993671875,0.4957794921875,0.4999138671875,0.491221875,0.4948107421875,0.4999982421875,0.4999875,0.49855546875,0.4996875,0.498046875,0.498346875,0.4983107421875,0.49868671875,0.49536796875,0.4994919921875,0.4985216796875,0.4997326171875,0.49995,0.4996388671875,0.491871875,0.499746875,0.4997326171875,0.49924921875,0.4945529296875,0.4976794921875,0.48818046875,0.48875,0.496996875,0.499471875,0.4908875,0.4999951171875,0.49986796875,0.49998046875,0.4986544921875,0.4997607421875,0.49855546875,0.4966482421875,0.4999669921875,0.493671875,0.49855546875,0.49965546875,0.4983826171875,0.4995310546875,0.49649296875,0.4983826171875,0.4927248046875,0.49037421875,0.4996044921875,0.4999560546875,0.4999982421875,0.497721875,0.499921875,0.49827421875,0.49395,0.4963875,0.4999294921875,0.499471875,0.4999669921875,0.4999951171875,0.4999763671875,0.49999921875,0.4996716796875,0.4999560546875,0.4996044921875,0.4999763671875,0.495246875,0.49812421875,0.4971875,0.4995310546875,0.4997873046875,0.49977421875,0.498871875,0.4970451171875,0.4995685546875,0.49999296875,0.4992732421875,0.4989875,0.49812421875,0.4993201171875,0.4999904296875,0.4996716796875,0.4975935546875,0.4986544921875,0.4978466796875,0.494221875,0.4999951171875,0.49986796875,0.49986796875,0.49904296875,0.4908875,0.499921875,0.4908029296875,0.4968498046875,0.4934591796875,0.49649296875,0.4933154296875,0.4992,0.4988419921875,0.49958671875,0.4983107421875,0.49977421875,0.4989591796875,0.4949373046875,0.499846875,0.4994919921875,0.49904296875,0.49955,0.49689921875,0.4996716796875,0.49827421875,0.49728046875,0.4998576171875,0.49868671875,0.4951857421875,0.4996388671875,0.4999560546875,0.4996388671875,0.4988419921875,0.49977421875,0.496171875,0.4996875,0.49381171875,0.4998,0.4999841796875,0.49812421875,0.4994091796875,0.49998046875,0.494221875,0.4999951171875,0.4999951171875,0.4995310546875,0.4998,0.4993875,0.4993875,0.49999921875,0.4999875,0.49971796875,0.4991232421875,0.49995,0.499746875,0.499746875,0.4992248046875,0.49982421875,0.4994513671875,0.49812421875,0.4990154296875,0.4971404296875,0.49924921875,0.4997029296875,0.4990154296875,0.4988419921875,0.4980076171875,0.4999841796875,0.4987810546875,0.4994919921875,0.49689921875,0.4963875,0.4998576171875,0.4999875,0.4994513671875,0.498621875,0.4999294921875,0.499746875,0.49977421875,0.498621875,0.499996875,0.4998779296875,0.4987185546875,0.4984529296875,0.49955,0.49875,0.4992732421875,0.49649296875,0.49955,0.4974169921875,0.4983826171875,0.4999560546875,0.49958671875,0.4999875,0.4992248046875,0.4983826171875,0.4964404296875,0.49986796875,0.499971875,0.4904607421875,0.4993201171875,0.4967498046875,0.4993875,0.4944875,0.4992732421875,0.49982421875,0.4993201171875,0.4996875,0.499846875,0.49999921875,0.499746875,0.4987185546875,0.49996171875,0.4996044921875,0.4998357421875,0.4987810546875,0.49943046875,0.4979279296875,0.499746875,0.49998046875,0.4960060546875,0.4999951171875,0.49977421875,0.4982373046875,0.499921875,0.4997326171875,0.4970451171875,0.49381171875,0.49951171875,0.49868671875,0.4999669921875,0.4990154296875,0.4993654296875,0.4968498046875,0.49924921875,0.4972341796875,0.4974169921875,0.4963341796875,0.4970451171875,0.49996171875,0.4988419921875,0.49755,0.49955,0.5,0.499471875,0.4974169921875,0.4972341796875,0.499746875,0.49965546875,0.499996875,0.4993875,0.4994919921875,0.497371875,0.4980076171875,0.4998,0.4937419921875,0.49881171875,0.49977421875,0.49996171875,0.4999560546875,0.4996875,0.4968498046875,0.4987810546875,0.4893966796875,0.4993875,0.49943046875,0.49986796875,0.4988419921875,0.4984875,0.4999669921875,0.4999294921875,0.49689921875,0.4999294921875,0.4954875,0.49999296875,0.4980076171875,0.4999982421875,0.499096875,0.4990701171875,0.4983107421875,0.4989591796875,0.4978466796875,0.4908029296875,0.49855546875,0.5,0.4968,0.4994919921875,0.49868671875,0.4992732421875,0.49709296875,0.498346875,0.4985888671875,0.49982421875,0.4978875,0.4982,0.4970451171875,0.48930546875,0.49986796875,0.4995310546875,0.49595,0.4965451171875,0.4925732421875,0.4999841796875,0.4992732421875,0.4997326171875,0.49904296875,0.4998,0.4994919921875,0.498621875,0.4985216796875,0.48966796875,0.4928748046875,0.4975935546875,0.4975935546875,0.4961169921875,0.49812421875,0.4980857421875,0.4933875,0.4979279296875,0.49709296875,0.4999763671875,0.499296875,0.498346875,0.4993201171875,0.4999875,0.4997326171875,0.4999998046875,0.499096875,0.4974169921875,0.4999998046875,0.499846875,0.4989591796875,0.4993201171875,0.4999998046875,0.4992,0.4950623046875,0.4996044921875,0.4999951171875,0.49990546875,0.4998875,0.49993671875,0.49998046875,0.4931701171875,0.4951857421875,0.49728046875,0.499921875,0.4993654296875,0.49990546875,0.4954875,0.49904296875,0.49796796875,0.4995310546875,0.4986544921875,0.4999763671875,0.496596875,0.49841796875,0.49893046875,0.4997029296875,0.4963341796875,0.4999875,0.495246875,0.4999841796875,0.4983826171875,0.4987810546875,0.49709296875,0.49977421875,0.49958671875,0.4941544921875,0.4965451171875,0.497371875,0.49982421875,0.4992732421875,0.4933875,0.49628046875,0.4999294921875,0.4942888671875,0.4989875,0.4963341796875,0.48966796875,0.49965546875,0.49606171875,0.496171875,0.4998966796875,0.49893046875,0.49893046875,0.499746875,0.4978466796875,0.4994091796875,0.49998046875,0.4998875,0.49993671875,0.49746171875,0.49868671875,0.49461796875,0.4970451171875,0.4998875,0.4998,0.4983826171875,0.4996388671875,0.49709296875,0.4999669921875,0.4971404296875,0.4946826171875,0.4978466796875,0.49763671875,0.49977421875,0.4992,0.4993654296875,0.49996171875,0.4975060546875,0.4999294921875,0.4999951171875,0.499996875,0.499471875,0.4987810546875,0.4999763671875,0.49986796875,0.49669921875,0.4998966796875,0.499471875,0.4999560546875,0.49728046875,0.4990701171875,0.4999669921875,0.4992732421875,0.4963341796875,0.499746875,0.4993201171875,0.4997607421875,0.49990546875,0.4989875,0.4991748046875,0.49986796875,0.498346875,0.49893046875,0.4980857421875,0.494746875,0.4997607421875,0.4996388671875,0.4908875,0.4948107421875,0.4961169921875,0.4998,0.4984529296875,0.499846875,0.4998357421875,0.4999294921875,0.49934296875,0.4997029296875,0.49649296875,0.4991748046875,0.4940185546875,0.4958935546875,0.4997326171875,0.4967498046875,0.498346875,0.4999669921875,0.49904296875,0.49875,0.4994091796875,0.4971875,0.49381171875,0.4997326171875,0.4980857421875,0.499921875,0.4986544921875,0.4914685546875,0.4960060546875,0.49993671875,0.49914921875,0.499621875,0.4999435546875,0.49943046875,0.4991232421875,0.4995310546875,0.49904296875,0.4972341796875,0.49138671875,0.49999921875,0.4999560546875,0.4996716796875,0.4990701171875,0.4999560546875,0.49993671875,0.49995,0.49995,0.4999982421875,0.4998357421875,0.499971875,0.49982421875,0.49796796875,0.4999841796875,0.49294921875,0.49990546875,0.4996044921875,0.4999904296875,0.498346875,0.4999435546875,0.4990701171875,0.4997326171875,0.499471875,0.4981623046875,0.49071796875,0.499971875,0.4964404296875,0.4996716796875,0.4962263671875,0.4987810546875,0.49914921875,0.49943046875,0.4985888671875,0.499621875,0.49893046875,0.4999998046875,0.4998357421875,0.49875,0.4997326171875,0.4999560546875,0.4998357421875,0.49812421875,0.4971875,0.49999921875,0.49855546875,0.4962263671875,0.4971404296875,0.49914921875,0.49924921875,0.498871875,0.49746171875,0.4989013671875,0.4963875,0.4999763671875,0.4968498046875,0.4980076171875,0.49595,0.49958671875,0.4999669921875,0.49965546875,0.4968498046875,0.49943046875,0.49071796875,0.4999435546875,0.496171875,0.4975060546875,0.499621875,0.499921875,0.4982,0.49934296875,0.49875,0.49780546875,0.4901123046875,0.49971796875,0.49796796875,0.4998123046875,0.49999921875,0.4997326171875,0.4999560546875,0.4998576171875,0.499846875,0.4998779296875,0.4984529296875,0.4995685546875,0.4992,0.4933154296875,0.4999904296875,0.4999294921875,0.4989591796875,0.49958671875,0.4986544921875,0.491871875,0.4990154296875,0.49982421875,0.499296875,0.4989013671875,0.4992248046875,0.49951171875,0.48875,0.499846875,0.499746875,0.49958671875,0.4975060546875,0.49995,0.4999841796875,0.4999669921875,0.4996044921875,0.4894875,0.4997607421875,0.4985888671875,0.49996171875,0.49868671875,0.49977421875,0.4999904296875,0.49998046875,0.499746875,0.4969482421875,0.4989591796875,0.4996716796875,0.4993654296875,0.4996716796875,0.499296875,0.498046875,0.4996044921875,0.4945529296875,0.49934296875,0.4999138671875,0.49986796875,0.49982421875,0.4999841796875,0.499971875,0.4993654296875,0.4996388671875,0.49993671875,0.4987185546875,0.49755,0.49827421875,0.49868671875,0.496596875,0.4985216796875,0.49982421875,0.4998576171875,0.4991232421875,0.4993875,0.499996875,0.49536796875,0.4919513671875,0.49893046875,0.4997607421875,0.49796796875,0.49914921875,0.49982421875,0.49755,0.49996171875,0.49755,0.4958935546875
0.4998875,0.49435546875,0.499971875,0.4992732421875,0.491221875,0.4999669921875,0.4998357421875,0.499996875,0.4999435546875,0.49977421875,0.4984875,0.4986544921875,0.493671875,0.49995,0.49958671875,0.4999951171875,0.49628046875,0.4991748046875,0.49982421875,0.499846875,0.4989875,0.4955466796875,0.49763671875,0.49951171875,0.4999998046875,0.486796875,0.49971796875,0.499746875,0.4987185546875,0.49512421875,0.4998779296875,0.49995,0.498046875,0.499996875,0.49868671875,0.499971875,0.49958671875,0.4999982421875,0.4949373046875,0.4969482421875,0.4994919921875,0.4945529296875,0.4987810546875,0.4999982421875,0.4994091796875,0.4954279296875,0.499921875,0.49977421875,0.4990154296875,0.4967498046875,0.49971796875,0.4999669921875,0.4989591796875,0.4995310546875,0.49990546875,0.4981623046875,0.4999560546875,0.49986796875,0.4981623046875,0.499996875,0.499621875,0.4989875,0.49649296875,0.49958671875,0.4975060546875,0.4996716796875,0.4938810546875,0.4999294921875,0.49583671875,0.499996875,0.4999669921875,0.499971875,0.499296875,0.4998357421875,0.4994513671875,0.4996875,0.4997029296875,0.4976794921875,0.4960060546875,0.49993671875,0.49990546875,0.49958671875,0.4995310546875,0.4979279296875,0.4985888671875,0.4966482421875,0.4987185546875,0.4999669921875,0.499621875,0.4882763671875,0.499746875,0.49982421875,0.4993201171875,0.49999296875,0.49971796875,0.498871875,0.4999951171875,0.4966482421875,0.4895779296875,0.49435546875,0.4981623046875,0.49995,0.49881171875,0.4997873046875,0.4983826171875,0.49435546875,0.49982421875,0.4998875,0.49827421875,0.4989875,0.4993654296875,0.4999560546875,0.49977421875,0.4979279296875,0.4982373046875,0.499971875,0.499746875,0.4999875,0.4981623046875,0.49408671875,0.49986796875,0.4981623046875,0.4914685546875,0.499996875,0.4936013671875,0.4961169921875,0.4998966796875,0.4963341796875,0.499096875,0.4999560546875,0.4998357421875,0.4992,0.4956638671875,0.494746875,0.48893671875,0.49999296875,0.49875,0.49709296875,0.499096875,0.4917919921875,0.4981623046875,0.49855546875,0.4992732421875,0.499746875,0.4977638671875,0.4998,0.49998046875,0.4995685546875,0.4999138671875,0.4996716796875,0.4999138671875,0.49971796875,0.49746171875,0.499921875,0.497721875,0.4990701171875,0.499971875,0.4980076171875,0.49461796875,0.4956638671875,0.4989013671875,0.49943046875,0.5,0.49689921875,0.49977421875,0.4997029296875,0.4994513671875,0.4991748046875,0.498346875,0.4983107421875,0.49993671875,0.496596875,0.4999763671875,0.4992,0.4999951171875,0.49993671875,0.498621875,0.49841796875,0.49982421875,0.4902873046875,0.4979279296875,0.49996171875,0.4993654296875,0.49841796875,0.49868671875,0.49999921875,0.497721875,0.4980076171875,0.4987810546875,0.49934296875,0.4902873046875,0.4999669921875,0.49982421875,0.4987810546875,0.49893046875,0.49606171875,0.49999921875,0.49827421875,0.49999296875,0.4994919921875,0.4987810546875,0.49763671875,0.49977421875,0.49982421875,0.4997607421875,0.4999998046875,0.4998779296875,0.49669921875,0.4967498046875,0.499296875,0.4980857421875,0.493096875,0.4904607421875,0.4974169921875,0.4971875,0.4998123046875,0.4990154296875,0.4996875,0.4999998046875,0.49855546875,0.49934296875,0.4999669921875,0.4996388671875,0.4999951171875,0.49951171875,0.4997873046875,0.49955,0.4958935546875,0.498871875,0.4989591796875,0.49971796875,0.49780546875,0.49461796875,0.49914921875,0.5,0.4961169921875,0.499746875,0.4975060546875,0.499296875,0.49583671875,0.4993654296875,0.49812421875,0.4834607421875,0.495721875,0.499846875,0.48893671875,0.49996171875,0.4978875,0.49924921875,0.4960060546875,0.496596875,0.4999560546875,0.4999294921875,0.489846875,0.4997607421875,0.4925732421875,0.4964404296875,0.4986544921875,0.4971404296875,0.4946826171875,0.4998576171875,0.49998046875,0.49924921875,0.49990546875,0.49990546875,0.498621875,0.4995685546875,0.499971875,0.4993654296875,0.49728046875,0.498621875,0.498346875,0.4997873046875,0.48818046875,0.499846875,0.4956638671875,0.4981623046875,0.4999982421875,0.4890294921875,0.4983107421875,0.497721875,0.4960060546875,0.4999998046875,0.49914921875,0.4991232421875,0.4987810546875,0.4988419921875,0.4991232421875,0.49812421875,0.49951171875,0.4999294921875,0.499846875,0.4996044921875,0.49995,0.49999296875,0.498621875,0.4987810546875,0.4999435546875,0.49893046875,0.4998779296875,0.49990546875,0.49971796875,0.49893046875,0.4999841796875,0.4998875,0.4994513671875,0.4981623046875,0.49934296875,0.4999904296875,0.49999296875,0.4946826171875,0.499846875,0.4984529296875,0.49155,0.4980076171875,0.495721875,0.49924921875,0.48875,0.49855546875,0.4987185546875,0.49965546875,0.4994513671875,0.4983107421875,0.4922654296875,0.4995685546875,0.496996875,0.4992732421875,0.49755,0.4978875,0.4992,0.4992248046875,0.49875,0.49986796875,0.4989013671875,0.4999435546875,0.49827421875,0.498871875,0.4997029296875,0.4993875,0.4965451171875,0.49914921875,0.4984529296875,0.4999951171875,0.4999294921875,0.49998046875,0.49995,0.49999921875,0.4998123046875,0.49875,0.49996171875,0.499296875,0.4997029296875,0.4999294921875,0.4994513671875,0.4954875,0.4998,0.4994919921875,0.49669921875,0.49999296875,0.4899357421875,0.4988419921875,0.49955,0.498046875,0.4924201171875,0.4992732421875,0.49951171875,0.49999296875,0.4991232421875,0.49924921875,0.4996716796875,0.4999875,0.4997873046875,0.4982,0.4999904296875,0.49628046875,0.493096875,0.4999904296875,0.4931701171875,0.4996388671875,0.4998,0.49461796875,0.4999669921875,0.49728046875,0.49914921875,0.4852294921875,0.4964404296875,0.4999294921875,0.499846875,0.4990701171875,0.5,0.4982373046875,0.498871875,0.4971875,0.4996875,0.4924201171875,0.4998875,0.4987185546875,0.4999982421875,0.499471875,0.4989875,0.4941544921875,0.49971796875,0.4991748046875,0.4993201171875,0.49560546875,0.4979279296875,0.48818046875,0.48818046875,0.4964404296875,0.49924921875,0.48875,0.49990546875,0.4999998046875,0.49990546875,0.4983107421875,0.49999921875,0.4975935546875,0.496596875,0.4994513671875,0.493096875,0.4979279296875,0.4997873046875,0.4992,0.4989013671875,0.4962263671875,0.4956638671875,0.492496875,0.4908029296875,0.4999138671875,0.4998,0.49986796875,0.4977638671875,0.4998,0.49812421875,0.49536796875,0.4977638671875,0.4999669921875,0.4997873046875,0.5,0.4998966796875,0.49996171875,0.4997607421875,0.4989591796875,0.4999875,0.4997607421875,0.499621875,0.4966482421875,0.4984529296875,0.49689921875,0.499846875,0.4999294921875,0.49951171875,0.4991232421875,0.4964404296875,0.4998966796875,0.4997873046875,0.49893046875,0.49812421875,0.4984875,0.499621875,0.4994513671875,0.4993875,0.49755,0.499471875,0.49868671875,0.4927248046875,0.4996388671875,0.49990546875,0.4998,0.4993875,0.4908875,0.4999435546875,0.4928,0.49649296875,0.494746875,0.4962263671875,0.4945529296875,0.498871875,0.4998,0.4992732421875,0.4988419921875,0.5,0.4980857421875,0.4980857421875,0.49996171875,0.4998875,0.4985216796875,0.49855546875,0.4970451171875,0.49982421875,0.495,0.4977638671875,0.49995,0.499621875,0.493096875,0.4986544921875,0.4999138671875,0.4993654296875,0.49595,0.4999998046875,0.4954279296875,0.4994091796875,0.4953076171875,0.49998046875,0.4997873046875,0.497721875,0.4999669921875,0.4999875,0.4934591796875,0.4998576171875,0.4999998046875,0.49951171875,0.4990154296875,0.4992,0.4984529296875,0.4999841796875,0.49993671875,0.499296875,0.4983826171875,0.49996171875,0.4995685546875,0.49971796875,0.4992732421875,0.49904296875,0.49924921875,0.49709296875,0.498621875,0.4968,0.4985888671875,0.4997607421875,0.49868671875,0.4992248046875,0.49763671875,0.4998357421875,0.4993201171875,0.49934296875,0.4992732421875,0.4941544921875,0.4998779296875,0.4998357421875,0.4998576171875,0.49881171875,0.4999875,0.4996716796875,0.4998779296875,0.49689921875,0.4999560546875,0.49995,0.4975935546875,0.499096875,0.4995310546875,0.4974169921875,0.4999841796875,0.4981623046875,0.499296875,0.4963875,0.4990701171875,0.4996044921875,0.49958671875,0.49996171875,0.497371875,0.49827421875,0.49868671875,0.49971796875,0.4997029296875,0.4936013671875,0.4998357421875,0.4985216796875,0.49965546875,0.49294921875,0.49827421875,0.4991748046875,0.4995310546875,0.49965546875,0.4999560546875,0.4998123046875,0.4999982421875,0.49951171875,0.49998046875,0.49977421875,0.4997607421875,0.49977421875,0.49982421875,0.4973263671875,0.4998966796875,0.4999763671875,0.49461796875,0.49999921875,0.49780546875,0.4979279296875,0.499746875,0.4989591796875,0.49763671875,0.48893671875,0.499096875,0.49881171875,0.4996716796875,0.4999294921875,0.49904296875,0.4978875,0.498621875,0.4982373046875,0.4961169921875,0.4987185546875,0.4958935546875,0.499846875,0.4994091796875,0.4978875,0.49965546875,0.49996171875,0.4995310546875,0.4991232421875,0.4982373046875,0.49955,0.499971875,0.4998779296875,0.4999669921875,0.4987810546875,0.49763671875,0.4976794921875,0.4996044921875,0.49264921875,0.49875,0.49998046875,0.49986796875,0.4998576171875,0.49982421875,0.4950623046875,0.49755,0.49002421875,0.49951171875,0.49982421875,0.4995685546875,0.49893046875,0.4993875,0.49958671875,0.49996171875,0.4969482421875,0.49993671875,0.49461796875,0.4999904296875,0.4977638671875,0.49971796875,0.499746875,0.49982421875,0.496996875,0.4991748046875,0.4944875,0.4940185546875,0.4990701171875,0.4998576171875,0.4944875,0.4992,0.4969482421875,0.49881171875,0.49595,0.4987185546875,0.498621875,0.49999296875,0.49763671875,0.4984529296875,0.4987810546875,0.4884669921875,0.4997607421875,0.499846875,0.4950623046875,0.49728046875,0.489121875,0.4998576171875,0.4990154296875,0.4991232421875,0.49951171875,0.49995,0.4994091796875,0.499096875,0.49855546875,0.4908029296875,0.49002421875,0.49855546875,0.4980857421875,0.4975935546875,0.49827421875,0.49958671875,0.491221875,0.49669921875,0.4954279296875,0.4996044921875,0.4999998046875,0.4971404296875,0.49649296875,0.49990546875,0.4999435546875,0.4999875,0.4987185546875,0.4955466796875,0.4999982421875,0.4996388671875,0.4997607421875,0.49881171875,0.4999998046875,0.49924921875,0.4937419921875,0.4977638671875,0.4999982421875,0.4996716796875,0.499746875,0.49999921875,0.4998576171875,0.4962263671875,0.4954875,0.49512421875,0.499971875,0.4986544921875,0.49996171875,0.497371875,0.49955,0.4994513671875,0.49971796875,0.4996388671875,0.499921875,0.4989013671875,0.4961169921875,0.49893046875,0.4987185546875,0.4970451171875,0.49999921875,0.49560546875,0.4999138671875,0.4978466796875,0.4990154296875,0.4972341796875,0.49982421875,0.4999998046875,0.4957794921875,0.49689921875,0.498621875,0.4999763671875,0.49924921875,0.4972341796875,0.49669921875,0.499996875,0.493671875,0.4994919921875,0.4991748046875,0.4941544921875,0.4971875,0.4951857421875,0.4980076171875,0.49995,0.4981623046875,0.4968498046875,0.499846875,0.4967498046875,0.4998779296875,0.49999296875,0.4999669921875,0.4994919921875,0.4979279296875,0.4968,0.4960060546875,0.495246875,0.4998779296875,0.4998,0.4997326171875,0.4999669921875,0.4968498046875,0.4999951171875,0.4967498046875,0.49763671875,0.4983826171875,0.4963341796875,0.4999138671875,0.499471875,0.498871875,0.499921875,0.4984875,0.4999904296875,0.4999560546875,0.4992732421875,0.49868671875,0.4983826171875,0.4999841796875,0.49951171875,0.49755,0.4999138671875,0.4994919921875,0.49986796875,0.4973263671875,0.4987810546875,0.498621875,0.499296875,0.49583671875,0.499746875,0.499746875,0.49977421875,0.499746875,0.4985216796875,0.4985216796875,0.4996716796875,0.4981623046875,0.4996875,0.4978875,0.4899357421875,0.49955,0.4999982421875,0.4922654296875,0.4955466796875,0.4976794921875,0.5,0.4976794921875,0.49993671875,0.4991232421875,0.4997607421875,0.49924921875,0.4993875,0.4973263671875,0.49827421875,0.49435546875,0.4965451171875,0.4996388671875,0.4989591796875,0.4967498046875,0.49999921875,0.4962263671875,0.49827421875,0.499296875,0.49812421875,0.4964404296875,0.4984529296875,0.49780546875,0.49982421875,0.4980857421875,0.4893966796875,0.4963875,0.4992732421875,0.49841796875,0.4999875,0.4999560546875,0.4997029296875,0.4998875,0.4994919921875,0.49958671875,0.49780546875,0.49234296875,0.499921875,0.499996875,0.4998779296875,0.49993671875,0.4999998046875,0.499096875,0.49965546875,0.4999875,0.4998966796875,0.499971875,0.49993671875,0.49965546875,0.497721875,0.4999982421875,0.496171875,0.499971875,0.499921875,0.4999841796875,0.4991232421875,0.49943046875,0.4987810546875,0.4997029296875,0.4997607421875,0.49881171875,0.49002421875,0.49999296875,0.4969482421875,0.4991748046875,0.4982,0.49914921875,0.498346875,0.4985216796875,0.4996388671875,0.49934296875,0.49827421875,0.499971875,0.49995,0.49924921875,0.4999841796875,0.499296875,0.499471875,0.49628046875,0.4969482421875,0.49977421875,0.4978875,0.4954875,0.4972341796875,0.4999435546875,0.49995,0.4989013671875,0.498871875,0.49827421875,0.49855546875,0.4997873046875,0.4976794921875,0.4984529296875,0.4989013671875,0.49827421875,0.499996875,0.499296875,0.4970451171875,0.49998046875,0.4893966796875,0.4997607421875,0.4928748046875,0.497721875,0.4997873046875,0.499846875,0.4989591796875,0.499621875,0.4996388671875,0.4982373046875,0.4922654296875,0.4997029296875,0.498621875,0.499971875,0.499846875,0.499621875,0.4999998046875,0.499996875,0.4989013671875,0.4993875,0.4994091796875,0.49977421875,0.4993875,0.49487421875,0.499971875,0.49993671875,0.4998779296875,0.4998357421875,0.4995685546875,0.48875,0.49796796875,0.4997029296875,0.49951171875,0.49709296875,0.4997029296875,0.49924921875,0.4846875,0.4999841796875,0.4999669921875,0.4978875,0.495721875,0.4996044921875,0.4999841796875,0.499996875,0.499971875,0.4880841796875,0.4998966796875,0.4989875,0.4999904296875,0.4954279296875,0.4999435546875,0.499746875,0.4999875,0.49914921875,0.4958935546875,0.4994091796875,0.49996171875,0.4997873046875,0.4993201171875,0.4986544921875,0.49904296875,0.49977421875,0.49408671875,0.49881171875,0.4997326171875,0.4997326171875,0.4999904296875,0.4999763671875,0.5,0.499096875,0.4998966796875,0.4996044921875,0.4954279296875,0.49943046875,0.4960060546875,0.498046875,0.49461796875,0.4986544921875,0.499096875,0.4997873046875,0.4991232421875,0.4992,0.4998123046875,0.4969482421875,0.493096875,0.49812421875,0.49951171875,0.4969482421875,0.4989875,0.4993875,0.4975935546875,0.49977421875,0.4984529296875,0.4974169921875
0.49982421875,0.4938810546875,0.49995,0.499096875,0.4893966796875,0.4994919921875,0.4999435546875,0.4994091796875,0.4999763671875,0.4997607421875,0.49958671875,0.4979279296875,0.4940185546875,0.49990546875,0.49998046875,0.49982421875,0.4967498046875,0.4979279296875,0.49904296875,0.49995,0.49971796875,0.49560546875,0.497721875,0.498871875,0.499996875,0.48739921875,0.499846875,0.49990546875,0.49904296875,0.4948107421875,0.49995,0.4999435546875,0.4988419921875,0.4998779296875,0.4993201171875,0.4999763671875,0.4984875,0.4991232421875,0.497371875,0.4963341796875,0.4995310546875,0.4931701171875,0.4994513671875,0.4999560546875,0.4989591796875,0.49595,0.4997873046875,0.4996875,0.4998875,0.4977638671875,0.49982421875,0.4999875,0.49746171875,0.4989875,0.499996875,0.499096875,0.4988419921875,0.49904296875,0.4971875,0.4996875,0.4999560546875,0.4989013671875,0.49763671875,0.4996388671875,0.496171875,0.49996171875,0.495246875,0.4994919921875,0.4957794921875,0.4998779296875,0.499921875,0.49977421875,0.498346875,0.4992732421875,0.4999560546875,0.4998576171875,0.4989591796875,0.4955466796875,0.4963341796875,0.499996875,0.4997326171875,0.49998046875,0.4997029296875,0.4980076171875,0.4987185546875,0.49868671875,0.499621875,0.4998875,0.4984529296875,0.4919513671875,0.4999435546875,0.49914921875,0.49796796875,0.4998123046875,0.4997326171875,0.4987185546875,0.4999560546875,0.4951857421875,0.485971875,0.49689921875,0.499296875,0.4998875,0.4978466796875,0.49996171875,0.4971875,0.4934591796875,0.4996875,0.4999138671875,0.49943046875,0.4984875,0.4984875,0.49998046875,0.4997029296875,0.49689921875,0.49841796875,0.49993671875,0.49999296875,0.5,0.499296875,0.4933154296875,0.4999998046875,0.4997029296875,0.49669921875,0.4999904296875,0.4933875,0.49796796875,0.49998046875,0.4957794921875,0.4985216796875,0.49998046875,0.4984875,0.5,0.4948107421875,0.496596875,0.4928748046875,0.49995,0.499471875,0.4986544921875,0.49982421875,0.4940185546875,0.4978466796875,0.4992,0.499996875,0.498871875,0.4978875,0.49995,0.4997873046875,0.49943046875,0.49999921875,0.4995310546875,0.4998779296875,0.49998046875,0.4974169921875,0.4999875,0.4980076171875,0.499296875,0.499746875,0.4988419921875,0.4971875,0.4902,0.4996875,0.49993671875,0.4998357421875,0.4975935546875,0.4998875,0.4996044921875,0.4993875,0.4993875,0.4993654296875,0.4985216796875,0.49965546875,0.49763671875,0.4999669921875,0.49904296875,0.49996171875,0.4999841796875,0.499746875,0.4979279296875,0.4992732421875,0.4909716796875,0.4970451171875,0.4992732421875,0.4998,0.49904296875,0.498621875,0.4999982421875,0.4986544921875,0.4961169921875,0.4990701171875,0.49943046875,0.4944216796875,0.49999921875,0.4995685546875,0.4996716796875,0.4987810546875,0.4983107421875,0.4999138671875,0.4966482421875,0.499921875,0.4983826171875,0.4989013671875,0.49763671875,0.4998,0.49982421875,0.4994513671875,0.4999875,0.49943046875,0.4978466796875,0.4972341796875,0.4996875,0.49606171875,0.4917919921875,0.4911388671875,0.4982,0.4946826171875,0.4997326171875,0.4984875,0.4998,0.49993671875,0.4992248046875,0.4993875,0.4997873046875,0.4996044921875,0.49995,0.4994919921875,0.4999294921875,0.499746875,0.49560546875,0.4982,0.49955,0.49943046875,0.4988419921875,0.496596875,0.49755,0.4998875,0.49763671875,0.4997873046875,0.4954875,0.49924921875,0.49512421875,0.49958671875,0.496596875,0.4830029296875,0.49560546875,0.49986796875,0.4913044921875,0.49995,0.49755,0.49841796875,0.4954875,0.4954279296875,0.4997029296875,0.4999138671875,0.49324296875,0.4999904296875,0.4960060546875,0.4977638671875,0.4983826171875,0.497371875,0.4940185546875,0.4983107421875,0.4999904296875,0.49982421875,0.4998875,0.49924921875,0.4994513671875,0.49993671875,0.4998875,0.4992732421875,0.4961169921875,0.4993654296875,0.4983826171875,0.49982421875,0.49171171875,0.4986544921875,0.49583671875,0.4992,0.499971875,0.489121875,0.49943046875,0.499296875,0.49606171875,0.499996875,0.49998046875,0.4993875,0.4991748046875,0.4983826171875,0.4972341796875,0.4967498046875,0.4999951171875,0.499096875,0.4996044921875,0.49943046875,0.499621875,0.4999669921875,0.498046875,0.4966482421875,0.4999294921875,0.49796796875,0.4993654296875,0.49982421875,0.4999294921875,0.4989875,0.4999669921875,0.4999841796875,0.49986796875,0.4991232421875,0.4984875,0.499746875,0.4999560546875,0.495,0.498871875,0.4992248046875,0.49487421875,0.4956638671875,0.493671875,0.4994091796875,0.4886560546875,0.4994091796875,0.4990154296875,0.4997029296875,0.4994091796875,0.4978875,0.4892138671875,0.499621875,0.496996875,0.4993654296875,0.4986544921875,0.49855546875,0.4998875,0.49904296875,0.4992248046875,0.4999294921875,0.499096875,0.4999998046875,0.4983826171875,0.49993671875,0.4997873046875,0.4989591796875,0.49628046875,0.4989875,0.497721875,0.4997326171875,0.499996875,0.4998357421875,0.4996044921875,0.49995,0.4998966796875,0.4989013671875,0.49993671875,0.498621875,0.4997326171875,0.499746875,0.4997873046875,0.4968498046875,0.49958671875,0.4989591796875,0.4955466796875,0.4998357421875,0.49037421875,0.498046875,0.4999951171875,0.4956638671875,0.4966482421875,0.4990701171875,0.4992732421875,0.49955,0.4989875,0.4989591796875,0.4999904296875,0.4999560546875,0.4996388671875,0.4991748046875,0.49996171875,0.4982,0.4922654296875,0.4999763671875,0.4908875,0.4997029296875,0.4999560546875,0.494221875,0.4998123046875,0.4987810546875,0.4993875,0.486796875,0.4955466796875,0.4996875,0.49995,0.4992732421875,0.49999921875,0.499296875,0.49951171875,0.4985216796875,0.499971875,0.4922654296875,0.4998357421875,0.4994513671875,0.4996044921875,0.49965546875,0.4987810546875,0.494746875,0.49999296875,0.4998875,0.499471875,0.493096875,0.497721875,0.4839123046875,0.4925732421875,0.494746875,0.4989013671875,0.4897576171875,0.4993875,0.4999763671875,0.4987185546875,0.4972341796875,0.4998875,0.4963341796875,0.4981623046875,0.49934296875,0.4931701171875,0.4970451171875,0.4995310546875,0.49934296875,0.4998576171875,0.4941544921875,0.4958935546875,0.493096875,0.4892138671875,0.498871875,0.4999435546875,0.4997873046875,0.49796796875,0.4991748046875,0.4978875,0.4925732421875,0.4977638671875,0.499846875,0.499096875,0.49999921875,0.49977421875,0.4999435546875,0.49986796875,0.49746171875,0.4999951171875,0.4999904296875,0.4999763671875,0.49487421875,0.4994513671875,0.498046875,0.49868671875,0.4992248046875,0.499921875,0.4992,0.496996875,0.498346875,0.4998123046875,0.49971796875,0.498871875,0.4982,0.4998123046875,0.4997029296875,0.4999294921875,0.4990701171875,0.4979279296875,0.4991232421875,0.4921091796875,0.499096875,0.4998875,0.499921875,0.499921875,0.489121875,0.4996875,0.49203046875,0.4957794921875,0.49728046875,0.4964404296875,0.4954279296875,0.49958671875,0.4996875,0.4999904296875,0.4988419921875,0.4999841796875,0.49669921875,0.4982,0.49993671875,0.4996044921875,0.4999138671875,0.4994919921875,0.4970451171875,0.4999998046875,0.4960060546875,0.4987185546875,0.4998576171875,0.49951171875,0.4930232421875,0.4989013671875,0.4999998046875,0.49924921875,0.4941544921875,0.4998123046875,0.49536796875,0.4995310546875,0.4969482421875,0.4999763671875,0.4992,0.499471875,0.49986796875,0.49990546875,0.4930232421875,0.499921875,0.499846875,0.4987810546875,0.4997873046875,0.4971875,0.499471875,0.49999296875,0.4998966796875,0.49955,0.49875,0.49958671875,0.4999841796875,0.49951171875,0.499471875,0.49855546875,0.4980076171875,0.4960060546875,0.49855546875,0.4977638671875,0.49934296875,0.49990546875,0.49827421875,0.49841796875,0.4987810546875,0.4994091796875,0.4991748046875,0.4998875,0.49827421875,0.49536796875,0.4993875,0.49982421875,0.4996716796875,0.498046875,0.49999921875,0.4996044921875,0.4999998046875,0.4963875,0.4999904296875,0.4992732421875,0.4989591796875,0.49904296875,0.49982421875,0.4968498046875,0.4999951171875,0.498621875,0.49943046875,0.4945529296875,0.4999875,0.4995310546875,0.4998966796875,0.4999763671875,0.4992248046875,0.4988419921875,0.4983107421875,0.4997607421875,0.49904296875,0.4902,0.4997607421875,0.49796796875,0.49965546875,0.496171875,0.4997326171875,0.49951171875,0.49977421875,0.4998966796875,0.49986796875,0.4999138671875,0.49996171875,0.4994091796875,0.4999294921875,0.4996044921875,0.4998966796875,0.4995310546875,0.49999921875,0.49881171875,0.49971796875,0.4999294921875,0.4968498046875,0.4998357421875,0.4968498046875,0.49943046875,0.49999921875,0.4994513671875,0.49951171875,0.49171171875,0.49951171875,0.4981623046875,0.4987810546875,0.4999763671875,0.4983826171875,0.4968,0.499096875,0.49763671875,0.4976794921875,0.4994919921875,0.4958935546875,0.49995,0.49943046875,0.49943046875,0.4999138671875,0.4998576171875,0.4996044921875,0.4990154296875,0.4987810546875,0.49998046875,0.4999982421875,0.4999904296875,0.499846875,0.4968498046875,0.4970451171875,0.4994513671875,0.4998357421875,0.4949373046875,0.4993654296875,0.4998123046875,0.49999296875,0.4999982421875,0.49951171875,0.4927248046875,0.4975060546875,0.4868982421875,0.4983107421875,0.49993671875,0.499971875,0.498871875,0.49951171875,0.499746875,0.4998779296875,0.4970451171875,0.4999763671875,0.49536796875,0.4999669921875,0.49934296875,0.4986544921875,0.49958671875,0.4995310546875,0.49780546875,0.49893046875,0.4973263671875,0.4933875,0.4999875,0.499621875,0.49395,0.4989591796875,0.49943046875,0.4985216796875,0.4965451171875,0.4991748046875,0.4961169921875,0.4999560546875,0.4978466796875,0.49881171875,0.49924921875,0.49002421875,0.4999982421875,0.499846875,0.494221875,0.49560546875,0.48739921875,0.49977421875,0.4997873046875,0.49875,0.4997029296875,0.49993671875,0.4997607421875,0.49780546875,0.4975935546875,0.48699921875,0.49234296875,0.4978466796875,0.4990701171875,0.495721875,0.49955,0.49893046875,0.4917919921875,0.4950623046875,0.4960060546875,0.4978875,0.4998576171875,0.4979279296875,0.4990154296875,0.499846875,0.49998046875,0.499921875,0.4975935546875,0.49512421875,0.49971796875,0.4989013671875,0.499471875,0.4993875,0.49999296875,0.499621875,0.4945529296875,0.498046875,0.499921875,0.4994091796875,0.49995,0.4998576171875,0.4996044921875,0.4945529296875,0.49606171875,0.4980857421875,0.4996388671875,0.49728046875,0.4999560546875,0.49595,0.4996044921875,0.4992732421875,0.4997326171875,0.4993654296875,0.4998357421875,0.4980857421875,0.4967498046875,0.4991232421875,0.4995685546875,0.4962263671875,0.4999138671875,0.4961169921875,0.499846875,0.4962263671875,0.498621875,0.496996875,0.4996388671875,0.499621875,0.4968498046875,0.49408671875,0.4989013671875,0.49986796875,0.49955,0.4960060546875,0.49649296875,0.4997607421875,0.49487421875,0.49971796875,0.49977421875,0.4938810546875,0.4975060546875,0.4921875,0.4963875,0.4999904296875,0.4989875,0.4960060546875,0.49943046875,0.4982373046875,0.4999998046875,0.4993201171875,0.4999560546875,0.4999294921875,0.4975060546875,0.496996875,0.49461796875,0.4986544921875,0.4996044921875,0.4998357421875,0.49904296875,0.499746875,0.498621875,0.4999875,0.49728046875,0.49796796875,0.4971875,0.49841796875,0.499996875,0.49780546875,0.4986544921875,0.49993671875,0.49904296875,0.4994919921875,0.4998357421875,0.4990701171875,0.49914921875,0.49728046875,0.4993654296875,0.49986796875,0.49868671875,0.4998875,0.4994091796875,0.4998123046875,0.4957794921875,0.4994091796875,0.4976794921875,0.4991748046875,0.4931701171875,0.499971875,0.4994919921875,0.4998,0.49868671875,0.4991232421875,0.49977421875,0.49982421875,0.4985888671875,0.499096875,0.498871875,0.4856560546875,0.49904296875,0.499296875,0.4911388671875,0.4951857421875,0.4987185546875,0.4999982421875,0.4981623046875,0.49995,0.4996388671875,0.4998357421875,0.4999138671875,0.4992,0.4933154296875,0.4984875,0.49234296875,0.499096875,0.4996875,0.4990154296875,0.4984875,0.4998,0.49689921875,0.4990701171875,0.49893046875,0.4985216796875,0.4961169921875,0.49924921875,0.497721875,0.4994919921875,0.4982,0.4878904296875,0.49689921875,0.499971875,0.4989591796875,0.49955,0.49990546875,0.49875,0.49955,0.4999294921875,0.4965451171875,0.4986544921875,0.4892138671875,0.4999982421875,0.4998875,0.4998875,0.4997326171875,0.4999294921875,0.497371875,0.499971875,0.4999875,0.4999951171875,0.4999982421875,0.49990546875,0.4997873046875,0.49868671875,0.49996171875,0.4950623046875,0.49995,0.4999951171875,0.499996875,0.49996171875,0.4994091796875,0.49855546875,0.4999138671875,0.4999841796875,0.498046875,0.4914685546875,0.4999982421875,0.497721875,0.4987810546875,0.49763671875,0.4978466796875,0.4997326171875,0.499621875,0.4994919921875,0.4978875,0.4984529296875,0.499846875,0.4999560546875,0.4969482421875,0.4997607421875,0.4998357421875,0.4986544921875,0.4978466796875,0.4972341796875,0.4997326171875,0.4981623046875,0.4978875,0.4960060546875,0.49904296875,0.4999951171875,0.4990154296875,0.4989013671875,0.4992732421875,0.49812421875,0.4996044921875,0.4989875,0.498346875,0.4984529296875,0.49827421875,0.4999998046875,0.499296875,0.4969482421875,0.4999982421875,0.4909716796875,0.4997029296875,0.495246875,0.4946826171875,0.499746875,0.4999763671875,0.49958671875,0.4979279296875,0.49951171875,0.4993654296875,0.49171171875,0.49999296875,0.4978466796875,0.49977421875,0.4999763671875,0.49965546875,0.4997326171875,0.4999982421875,0.49971796875,0.49951171875,0.4999875,0.499921875,0.49951171875,0.4984875,0.49993671875,0.499996875,0.4998,0.4999763671875,0.4998779296875,0.489846875,0.4983826171875,0.4993875,0.49990546875,0.4958935546875,0.4999841796875,0.499921875,0.4818310546875,0.49999296875,0.4996044921875,0.4992248046875,0.4970451171875,0.4991748046875,0.4999560546875,0.4999982421875,0.49998046875,0.4860763671875,0.49999296875,0.4983826171875,0.49993671875,0.49728046875,0.4998576171875,0.4998875,0.4999560546875,0.498346875,0.4963341796875,0.4995310546875,0.49993671875,0.4996044921875,0.4998875,0.4987810546875,0.4993875,0.4997029296875,0.4954875,0.4985216796875,0.49924921875,0.4998,0.499996875,0.4999841796875,0.49955,0.4992248046875,0.49998046875,0.4994919921875,0.4951857421875,0.49881171875,0.49875,0.4989591796875,0.4945529296875,0.497721875,0.4987810546875,0.499921875,0.497721875,0.4990154296875,0.4999669921875,0.4975060546875,0.4948107421875,0.4967498046875,0.4999560546875,0.498621875,0.4972341796875,0.498046875,0.4978875,0.4998357421875,0.4976794921875,0.49649296875
0.49996171875,0.4963875,0.49986796875,0.49841796875,0.4933875,0.4999669921875,0.49965546875,0.49986796875,0.499921875,0.4998357421875,0.49965546875,0.49796796875,0.4933154296875,0.4999294921875,0.4999875,0.499621875,0.49512421875,0.4965451171875,0.4986544921875,0.499971875,0.4996044921875,0.49728046875,0.4944216796875,0.4999904296875,0.499296875,0.4862841796875,0.4988419921875,0.49990546875,0.4977638671875,0.49461796875,0.499996875,0.4998779296875,0.4990701171875,0.49996171875,0.49934296875,0.4997607421875,0.49924921875,0.49990546875,0.4979279296875,0.4956638671875,0.4999951171875,0.49264921875,0.4981623046875,0.4999294921875,0.498346875,0.4927248046875,0.49977421875,0.49993671875,0.4998357421875,0.4980857421875,0.4998576171875,0.49995,0.499296875,0.4997873046875,0.4999951171875,0.4991232421875,0.4995685546875,0.49971796875,0.49875,0.49993671875,0.499996875,0.4991748046875,0.4980076171875,0.4989875,0.4933154296875,0.4999560546875,0.496171875,0.4999982421875,0.4982,0.499846875,0.499971875,0.499096875,0.4977638671875,0.49955,0.4997873046875,0.4988419921875,0.4982,0.496996875,0.4975060546875,0.49971796875,0.4994091796875,0.49955,0.4998966796875,0.49868671875,0.4989591796875,0.49755,0.4980857421875,0.4990701171875,0.4997326171875,0.4949373046875,0.499921875,0.4992248046875,0.498621875,0.4998576171875,0.4997326171875,0.4988419921875,0.49986796875,0.495721875,0.4908029296875,0.49649296875,0.4975060546875,0.4999560546875,0.49755,0.4992732421875,0.4940185546875,0.4949373046875,0.49934296875,0.49971796875,0.4997873046875,0.4981623046875,0.4965451171875,0.4999904296875,0.4989013671875,0.4992248046875,0.4992,0.4997029296875,0.4997607421875,0.4998875,0.4989013671875,0.48893671875,0.4999982421875,0.49971796875,0.4944216796875,0.49999296875,0.4963341796875,0.497721875,0.4999998046875,0.4962263671875,0.49827421875,0.4997873046875,0.4994513671875,0.49990546875,0.495246875,0.4973263671875,0.4921875,0.4999841796875,0.49914921875,0.498046875,0.4989013671875,0.4938810546875,0.49796796875,0.4982373046875,0.4999951171875,0.49943046875,0.4961169921875,0.4999435546875,0.4999294921875,0.49904296875,0.499996875,0.499996875,0.4997029296875,0.4998875,0.4975060546875,0.4999982421875,0.4970451171875,0.4991232421875,0.4999763671875,0.4977638671875,0.49868671875,0.4950623046875,0.4996716796875,0.4999294921875,0.49999921875,0.4968,0.499621875,0.49993671875,0.499096875,0.4990154296875,0.4992,0.49763671875,0.49780546875,0.4980076171875,0.49999296875,0.4992248046875,0.49999296875,0.4998357421875,0.4984875,0.4989875,0.498046875,0.4921875,0.49796796875,0.49868671875,0.4997873046875,0.49934296875,0.49986796875,0.499746875,0.4981623046875,0.4946826171875,0.4992248046875,0.49999921875,0.4937419921875,0.49986796875,0.49977421875,0.4994091796875,0.4994919921875,0.4974169921875,0.4999669921875,0.495721875,0.49977421875,0.498621875,0.4985888671875,0.4979279296875,0.49993671875,0.499096875,0.4998,0.4999294921875,0.4980076171875,0.4970451171875,0.49583671875,0.499746875,0.4961169921875,0.4941544921875,0.4953076171875,0.49763671875,0.4972341796875,0.4999951171875,0.49669921875,0.4996044921875,0.4998875,0.49951171875,0.49855546875,0.4999904296875,0.4991232421875,0.499471875,0.49982421875,0.49999921875,0.4996388671875,0.4954279296875,0.4998123046875,0.4997326171875,0.498871875,0.4984529296875,0.495721875,0.4965451171875,0.4994919921875,0.496171875,0.499846875,0.4958935546875,0.49868671875,0.4941544921875,0.4994919921875,0.4968,0.48533671875,0.495246875,0.4994091796875,0.4894875,0.4999841796875,0.49728046875,0.49755,0.4949373046875,0.4941544921875,0.4996875,0.4999669921875,0.49234296875,0.49977421875,0.4953076171875,0.4963875,0.49796796875,0.49796796875,0.4924201171875,0.4987185546875,0.4999294921875,0.49990546875,0.4998123046875,0.499296875,0.4992248046875,0.4990701171875,0.4999669921875,0.4997326171875,0.4963875,0.4996875,0.4991748046875,0.4999951171875,0.48699921875,0.4995310546875,0.4956638671875,0.4992248046875,0.49955,0.48930546875,0.499746875,0.4995685546875,0.4974169921875,0.499921875,0.4998357421875,0.4987185546875,0.4984875,0.4983826171875,0.49628046875,0.4973263671875,0.4999435546875,0.4992732421875,0.49924921875,0.4998875,0.49977421875,0.4999560546875,0.4983107421875,0.4980076171875,0.4999294921875,0.49881171875,0.4994919921875,0.4999875,0.498346875,0.498871875,0.4999951171875,0.4999998046875,0.4999875,0.4996875,0.4984529296875,0.49875,0.499096875,0.4931701171875,0.4998357421875,0.499621875,0.495246875,0.4953076171875,0.49461796875,0.4994919921875,0.4895779296875,0.49965546875,0.4997607421875,0.4998357421875,0.4978875,0.49649296875,0.48893671875,0.49965546875,0.498046875,0.49986796875,0.4987810546875,0.497721875,0.4997029296875,0.4996388671875,0.4982373046875,0.4996875,0.4987810546875,0.4998576171875,0.4980076171875,0.49990546875,0.49855546875,0.4996044921875,0.492496875,0.4996044921875,0.4985888671875,0.499846875,0.4999435546875,0.4998,0.4991748046875,0.4999951171875,0.4990701171875,0.4989013671875,0.4989875,0.4994513671875,0.4999904296875,0.4999138671875,0.5,0.49606171875,0.4992248046875,0.4980076171875,0.49583671875,0.499921875,0.4893966796875,0.4993875,0.49999296875,0.49583671875,0.4971875,0.4987185546875,0.4992732421875,0.4996716796875,0.498346875,0.4978466796875,0.4996044921875,0.4999875,0.4999763671875,0.49958671875,0.49993671875,0.497371875,0.4938810546875,0.498871875,0.4928,0.49990546875,0.4999560546875,0.4936013671875,0.4993654296875,0.49868671875,0.4998,0.4834607421875,0.4945529296875,0.4999138671875,0.4998966796875,0.4997873046875,0.4999560546875,0.4992,0.4998,0.497721875,0.4999875,0.493671875,0.4998,0.49812421875,0.4997326171875,0.4995685546875,0.49958671875,0.49512421875,0.4999998046875,0.499746875,0.4966482421875,0.4958935546875,0.4960060546875,0.484246875,0.4925732421875,0.49709296875,0.499971875,0.4928,0.49943046875,0.49998046875,0.4998576171875,0.4965451171875,0.4998779296875,0.4967498046875,0.497371875,0.49993671875,0.4914685546875,0.4982373046875,0.4992,0.499746875,0.499921875,0.49203046875,0.49487421875,0.4897576171875,0.49105546875,0.4997607421875,0.4999875,0.499971875,0.4992248046875,0.49958671875,0.4965451171875,0.49395,0.4971404296875,0.49971796875,0.4994919921875,0.4999951171875,0.4997326171875,0.4994919921875,0.4999951171875,0.4994091796875,0.4999951171875,0.4998779296875,0.499971875,0.4938810546875,0.4984875,0.4982373046875,0.4997029296875,0.4991232421875,0.4998875,0.4988419921875,0.498346875,0.4993201171875,0.4999669921875,0.4995685546875,0.496996875,0.49728046875,0.499746875,0.4999904296875,0.4997326171875,0.497371875,0.49728046875,0.498346875,0.489121875,0.49934296875,0.4999998046875,0.49999296875,0.49955,0.4882763671875,0.4998966796875,0.49037421875,0.4958935546875,0.49841796875,0.49827421875,0.4928,0.4985216796875,0.4997326171875,0.499921875,0.4989875,0.499921875,0.49560546875,0.4976794921875,0.499471875,0.4999560546875,0.4999763671875,0.4997607421875,0.4940185546875,0.4999294921875,0.49746171875,0.49943046875,0.4996716796875,0.498871875,0.4928,0.4986544921875,0.49999296875,0.498621875,0.4925732421875,0.49982421875,0.4931701171875,0.499996875,0.49583671875,0.4999138671875,0.499621875,0.4997326171875,0.4999841796875,0.49955,0.4941544921875,0.4995310546875,0.4992248046875,0.499971875,0.4992,0.4980076171875,0.499971875,0.4999951171875,0.4999998046875,0.4999138671875,0.4988419921875,0.49982421875,0.499996875,0.49827421875,0.4991748046875,0.4998966796875,0.4978466796875,0.49560546875,0.4984529296875,0.4978466796875,0.4982,0.4999669921875,0.4983826171875,0.49977421875,0.4993654296875,0.4998,0.49951171875,0.49841796875,0.4957794921875,0.4933875,0.4995310546875,0.4999138671875,0.4999763671875,0.4982,0.49999921875,0.49868671875,0.49990546875,0.4955466796875,0.499471875,0.4980857421875,0.4975060546875,0.4993201171875,0.499296875,0.4983107421875,0.4999435546875,0.498046875,0.49881171875,0.4945529296875,0.4997607421875,0.49971796875,0.4998123046875,0.49999296875,0.498346875,0.4996875,0.4985888671875,0.49996171875,0.4988419921875,0.4904607421875,0.4997873046875,0.49958671875,0.4990154296875,0.4897576171875,0.4983826171875,0.4996716796875,0.499471875,0.4994513671875,0.49990546875,0.4999951171875,0.499996875,0.4984875,0.4997326171875,0.49986796875,0.49995,0.4987185546875,0.4987185546875,0.4982373046875,0.49998046875,0.499996875,0.4979279296875,0.499971875,0.499296875,0.49924921875,0.4998357421875,0.4993201171875,0.4982373046875,0.49105546875,0.4998966796875,0.4992248046875,0.49841796875,0.49951171875,0.4982373046875,0.4986544921875,0.4980857421875,0.49669921875,0.497721875,0.4998779296875,0.4964404296875,0.4999763671875,0.4995310546875,0.49958671875,0.49990546875,0.4999875,0.499096875,0.49958671875,0.4982,0.4995685546875,0.499971875,0.49998046875,0.499846875,0.499296875,0.4970451171875,0.499746875,0.4992,0.4948107421875,0.499846875,0.4994513671875,0.4999904296875,0.4997029296875,0.4996875,0.49138671875,0.4978466796875,0.487596875,0.4973263671875,0.49998046875,0.4996388671875,0.4986544921875,0.499921875,0.4998357421875,0.4998966796875,0.4949373046875,0.4997029296875,0.496996875,0.4996716796875,0.49904296875,0.49977421875,0.49827421875,0.49893046875,0.4980857421875,0.498871875,0.4971875,0.49171171875,0.499471875,0.4997607421875,0.495,0.4997607421875,0.4990154296875,0.49746171875,0.4945529296875,0.49780546875,0.4967498046875,0.4999560546875,0.4974169921875,0.499471875,0.49999921875,0.4941544921875,0.4999560546875,0.4999560546875,0.4962263671875,0.4938810546875,0.484246875,0.49965546875,0.4994091796875,0.4987185546875,0.49971796875,0.4992248046875,0.49796796875,0.4971875,0.4975060546875,0.4928748046875,0.48699921875,0.4972341796875,0.498621875,0.4983107421875,0.49955,0.4991748046875,0.4927248046875,0.4954875,0.4966482421875,0.49595,0.4999998046875,0.4977638671875,0.4989875,0.49999296875,0.4998123046875,0.4999998046875,0.496996875,0.4965451171875,0.4999669921875,0.49904296875,0.4997873046875,0.4999998046875,0.49982421875,0.499746875,0.4941544921875,0.4992,0.499971875,0.49995,0.4999763671875,0.499971875,0.4991748046875,0.4928748046875,0.495,0.4968498046875,0.499846875,0.4987185546875,0.4994919921875,0.4961169921875,0.4973263671875,0.4987185546875,0.49995,0.4995685546875,0.4999435546875,0.49709296875,0.4937419921875,0.4989013671875,0.4996388671875,0.4984875,0.4999841796875,0.49669921875,0.4995310546875,0.4958935546875,0.4972341796875,0.4990154296875,0.4997607421875,0.49893046875,0.4975060546875,0.49669921875,0.4968498046875,0.49995,0.4994513671875,0.495721875,0.4973263671875,0.49990546875,0.49408671875,0.499746875,0.4999841796875,0.4931701171875,0.4979279296875,0.49353046875,0.4963875,0.4997607421875,0.4993201171875,0.4989013671875,0.49943046875,0.49780546875,0.4999875,0.49995,0.4996716796875,0.49995,0.49669921875,0.49709296875,0.49512421875,0.49583671875,0.4995685546875,0.4999982421875,0.498046875,0.4999560546875,0.499296875,0.4994919921875,0.496596875,0.49875,0.499296875,0.4970451171875,0.49999296875,0.49924921875,0.498046875,0.499996875,0.4992,0.4999669921875,0.4988419921875,0.4989013671875,0.4995685546875,0.4981623046875,0.4998576171875,0.4999294921875,0.4992248046875,0.4998576171875,0.499621875,0.4998875,0.496171875,0.4983107421875,0.4982,0.49951171875,0.4951857421875,0.49990546875,0.4998779296875,0.49934296875,0.4998,0.4978466796875,0.49904296875,0.49914921875,0.49408671875,0.49812421875,0.4970451171875,0.4815919921875,0.498871875,0.4997029296875,0.4884669921875,0.49138671875,0.4987185546875,0.4999841796875,0.4978875,0.4999763671875,0.49999296875,0.49999921875,0.4998576171875,0.4985216796875,0.49353046875,0.49763671875,0.49536796875,0.4960060546875,0.4998576171875,0.4992248046875,0.4968498046875,0.499746875,0.49512421875,0.4996388671875,0.49868671875,0.4980076171875,0.4962263671875,0.4984875,0.4978466796875,0.499746875,0.4973263671875,0.48893671875,0.4985216796875,0.4992,0.49965546875,0.4999875,0.49998046875,0.4993875,0.4992,0.4999998046875,0.49971796875,0.4986544921875,0.4933154296875,0.499996875,0.4998,0.4999763671875,0.49875,0.4999294921875,0.49689921875,0.4997873046875,0.49977421875,0.4999435546875,0.49986796875,0.4999560546875,0.4989875,0.4987185546875,0.49993671875,0.49435546875,0.4997326171875,0.4999998046875,0.49904296875,0.4993201171875,0.49914921875,0.49875,0.4999904296875,0.49995,0.4985216796875,0.489121875,0.4997326171875,0.49855546875,0.49841796875,0.4978875,0.4990701171875,0.4998576171875,0.4999560546875,0.4979279296875,0.4983826171875,0.4993654296875,0.499921875,0.4998123046875,0.49746171875,0.4996716796875,0.4999435546875,0.49893046875,0.4967498046875,0.49728046875,0.49993671875,0.4976794921875,0.4972341796875,0.4972341796875,0.49914921875,0.49977421875,0.49796796875,0.4957794921875,0.4988419921875,0.49868671875,0.4999904296875,0.4993654296875,0.4965451171875,0.496996875,0.4967498046875,0.4999951171875,0.4994513671875,0.498346875,0.4999841796875,0.48966796875,0.4999435546875,0.49595,0.49395,0.4994513671875,0.4996388671875,0.4996875,0.4976794921875,0.49812421875,0.499746875,0.49171171875,0.49998046875,0.4970451171875,0.4992,0.49955,0.4997029296875,0.4999951171875,0.4998123046875,0.4993875,0.49904296875,0.49990546875,0.4999875,0.49996171875,0.49841796875,0.49999921875,0.498871875,0.4999435546875,0.4997873046875,0.49990546875,0.4878904296875,0.4982373046875,0.4996388671875,0.4999435546875,0.4955466796875,0.49958671875,0.49934296875,0.4839123046875,0.49943046875,0.499921875,0.49904296875,0.4964404296875,0.4994091796875,0.49977421875,0.4995310546875,0.4998357421875,0.48893671875,0.4999435546875,0.4978875,0.49999296875,0.4962263671875,0.4998357421875,0.5,0.4998123046875,0.4990701171875,0.4960060546875,0.4989591796875,0.49986796875,0.4994091796875,0.4997873046875,0.4987185546875,0.4987810546875,0.4998966796875,0.496996875,0.49755,0.498346875,0.49982421875,0.4996716796875,0.4995310546875,0.49990546875,0.4995310546875,0.4999951171875,0.4994919921875,0.4968,0.499621875,0.4987810546875,0.4955466796875,0.4930232421875,0.49728046875,0.4989591796875,0.4996388671875,0.4987185546875,0.4978875,0.4999294921875,0.4980076171875,0.4931701171875,0.4982,0.4998875,0.49875,0.4988419921875,0.4990701171875,0.4990154296875,0.4997873046875,0.49875,0.4954279296875
0.49999296875,0.4975060546875,0.49996171875,0.4975060546875,0.49435546875,0.4999669921875,0.4999294921875,0.4998123046875,0.4996044921875,0.4987185546875,0.498346875,0.4992248046875,0.4951857421875,0.499471875,0.49999921875,0.49965546875,0.49689921875,0.4934591796875,0.4970451171875,0.4999875,0.4994513671875,0.4983826171875,0.4955466796875,0.49971796875,0.4996044921875,0.4890294921875,0.4997326171875,0.4999763671875,0.4996875,0.492496875,0.4999904296875,0.4996044921875,0.4977638671875,0.4996875,0.4990154296875,0.4999294921875,0.4993875,0.49943046875,0.4960060546875,0.4981623046875,0.4998779296875,0.48930546875,0.49841796875,0.4999560546875,0.4989875,0.4919513671875,0.49993671875,0.4998875,0.4993654296875,0.4983107421875,0.49995,0.49999921875,0.4985216796875,0.4990701171875,0.499921875,0.4999138671875,0.4996044921875,0.4998779296875,0.4998576171875,0.49995,0.4999982421875,0.499846875,0.496996875,0.4984529296875,0.4942888671875,0.5,0.4989013671875,0.49986796875,0.4968,0.499996875,0.499846875,0.4992248046875,0.4963875,0.4994091796875,0.4989591796875,0.497371875,0.4976794921875,0.4976794921875,0.4958935546875,0.49982421875,0.499471875,0.4996044921875,0.4995685546875,0.4984875,0.4997029296875,0.4989013671875,0.4993875,0.4995685546875,0.49998046875,0.49324296875,0.4999982421875,0.499471875,0.4989013671875,0.499746875,0.4999560546875,0.4980076171875,0.49977421875,0.4980076171875,0.49264921875,0.4973263671875,0.4950623046875,0.4994919921875,0.4971404296875,0.4996044921875,0.49583671875,0.493671875,0.4983107421875,0.49986796875,0.49995,0.4980857421875,0.4969482421875,0.4993654296875,0.49904296875,0.4992248046875,0.4992,0.4989875,0.4995685546875,0.4998966796875,0.4986544921875,0.4937419921875,0.49995,0.4997326171875,0.4944216796875,0.4993201171875,0.4946826171875,0.4989591796875,0.4999560546875,0.4992732421875,0.49868671875,0.49904296875,0.4987185546875,0.4998875,0.4934591796875,0.4951857421875,0.4951857421875,0.4999560546875,0.49951171875,0.4986544921875,0.4985888671875,0.4976794921875,0.49868671875,0.4963341796875,0.4999763671875,0.4977638671875,0.4966482421875,0.4999904296875,0.4998576171875,0.4995310546875,0.49996171875,0.4994513671875,0.4999560546875,0.4997326171875,0.4969482421875,0.4999763671875,0.4976794921875,0.4999875,0.49999296875,0.4961169921875,0.49943046875,0.4954279296875,0.4990154296875,0.499846875,0.49998046875,0.4949373046875,0.5,0.4999841796875,0.4998357421875,0.49755,0.4990154296875,0.4983826171875,0.498046875,0.4968,0.49990546875,0.4992732421875,0.4999669921875,0.4997326171875,0.49958671875,0.49914921875,0.4987185546875,0.4906326171875,0.4977638671875,0.49893046875,0.4997326171875,0.4986544921875,0.49951171875,0.4999138671875,0.4976794921875,0.49487421875,0.49827421875,0.4998357421875,0.4922654296875,0.4992,0.4999669921875,0.4975060546875,0.4989591796875,0.4988419921875,0.499846875,0.4954875,0.4999875,0.4987185546875,0.49965546875,0.49841796875,0.4995310546875,0.499846875,0.4996716796875,0.49977421875,0.497371875,0.49536796875,0.4969482421875,0.49904296875,0.4962263671875,0.49353046875,0.4960060546875,0.4919513671875,0.499096875,0.4993875,0.495,0.4984875,0.4980076171875,0.49986796875,0.499621875,0.4999435546875,0.4994513671875,0.49943046875,0.49924921875,0.4999294921875,0.4995310546875,0.49606171875,0.49965546875,0.49999921875,0.4996044921875,0.4990701171875,0.49536796875,0.4960060546875,0.499746875,0.4977638671875,0.4990701171875,0.49746171875,0.4996875,0.4940185546875,0.4997029296875,0.49689921875,0.48171171875,0.4962263671875,0.4999763671875,0.484246875,0.4999982421875,0.4974169921875,0.49709296875,0.4954875,0.49827421875,0.499746875,0.4999904296875,0.49435546875,0.4999560546875,0.4942888671875,0.4966482421875,0.4984529296875,0.4974169921875,0.4928,0.4994513671875,0.49999296875,0.49881171875,0.499846875,0.4999294921875,0.49934296875,0.4992732421875,0.49951171875,0.4998875,0.495,0.49971796875,0.4990701171875,0.4993875,0.4902873046875,0.4992,0.4960060546875,0.499996875,0.4993201171875,0.4890294921875,0.4996044921875,0.49993671875,0.4949373046875,0.4997326171875,0.499996875,0.4999138671875,0.49934296875,0.4989013671875,0.4983826171875,0.4973263671875,0.4996716796875,0.499621875,0.4993875,0.49958671875,0.49982421875,0.4999138671875,0.49763671875,0.49763671875,0.4998966796875,0.49728046875,0.4990154296875,0.4999763671875,0.49986796875,0.4992732421875,0.4999904296875,0.4999763671875,0.4996716796875,0.4997326171875,0.49934296875,0.498046875,0.499921875,0.4945529296875,0.4992732421875,0.4999763671875,0.4956638671875,0.4969482421875,0.49560546875,0.4984529296875,0.49203046875,0.49868671875,0.49982421875,0.4998576171875,0.4982,0.4958935546875,0.4880841796875,0.4996044921875,0.4977638671875,0.4999294921875,0.4984529296875,0.49841796875,0.49996171875,0.4997029296875,0.4984529296875,0.4992732421875,0.4992248046875,0.49971796875,0.498346875,0.4999294921875,0.4973263671875,0.49971796875,0.49203046875,0.4983826171875,0.4989013671875,0.4991748046875,0.4999560546875,0.4996388671875,0.49986796875,0.49934296875,0.498346875,0.4993654296875,0.499971875,0.4992,0.4999435546875,0.4999951171875,0.4998966796875,0.4957794921875,0.4997873046875,0.4990701171875,0.4950623046875,0.4997873046875,0.4908875,0.49958671875,0.49993671875,0.494221875,0.49649296875,0.498621875,0.4996875,0.49951171875,0.4983826171875,0.49606171875,0.4999294921875,0.4987810546875,0.4999763671875,0.49943046875,0.499921875,0.4979279296875,0.49435546875,0.499921875,0.491221875,0.49998046875,0.49995,0.49324296875,0.4999875,0.4989013671875,0.4996388671875,0.48779296875,0.49583671875,0.4997326171875,0.4999763671875,0.4996716796875,0.4999875,0.4994919921875,0.4999435546875,0.4976794921875,0.49990546875,0.4941544921875,0.498621875,0.4968,0.49893046875,0.49999921875,0.49993671875,0.4931701171875,0.4999294921875,0.49977421875,0.4954875,0.495246875,0.4978875,0.4917919921875,0.4927248046875,0.4975935546875,0.4997326171875,0.49203046875,0.4994513671875,0.4999904296875,0.4999951171875,0.4983826171875,0.49998046875,0.4969482421875,0.49780546875,0.4996388671875,0.48739921875,0.4984875,0.4984529296875,0.4989875,0.4998576171875,0.4949373046875,0.49461796875,0.49155,0.48818046875,0.4997326171875,0.49993671875,0.49951171875,0.49689921875,0.4996044921875,0.49512421875,0.4913044921875,0.498346875,0.4993201171875,0.49934296875,0.4978875,0.4998966796875,0.499971875,0.499846875,0.49855546875,0.4996716796875,0.4993201171875,0.4999841796875,0.4944875,0.4984875,0.4991748046875,0.49914921875,0.4998779296875,0.4999904296875,0.4994513671875,0.49841796875,0.49951171875,0.4999951171875,0.4992,0.4973263671875,0.4971875,0.4994091796875,0.4999763671875,0.49986796875,0.4976794921875,0.4972341796875,0.49875,0.48856171875,0.49965546875,0.49977421875,0.4994919921875,0.49943046875,0.49002421875,0.49955,0.489846875,0.4966482421875,0.4964404296875,0.4986544921875,0.492496875,0.4993201171875,0.4995685546875,0.4999560546875,0.4995310546875,0.499846875,0.4986544921875,0.4975060546875,0.498346875,0.499746875,0.4997873046875,0.4998779296875,0.491871875,0.499096875,0.4979279296875,0.498046875,0.4981623046875,0.4988419921875,0.49381171875,0.49841796875,0.4999560546875,0.49893046875,0.4886560546875,0.4993875,0.4931701171875,0.49998046875,0.49689921875,0.49995,0.49881171875,0.49881171875,0.4994919921875,0.4999560546875,0.4953076171875,0.4974169921875,0.4996388671875,0.499471875,0.4980857421875,0.4989591796875,0.4999951171875,0.4997607421875,0.4999294921875,0.4999763671875,0.49965546875,0.499621875,0.4999138671875,0.4983107421875,0.4992248046875,0.4992732421875,0.4996875,0.495721875,0.497371875,0.4973263671875,0.4984529296875,0.49990546875,0.4972341796875,0.4996044921875,0.49965546875,0.49755,0.499296875,0.49628046875,0.49560546875,0.4911388671875,0.49999921875,0.4999951171875,0.4997873046875,0.4989875,0.4998875,0.4971404296875,0.4996875,0.4968,0.4994513671875,0.49924921875,0.4962263671875,0.4970451171875,0.4982373046875,0.4986544921875,0.49982421875,0.49780546875,0.4980076171875,0.4965451171875,0.49971796875,0.4994513671875,0.4999560546875,0.4996044921875,0.499296875,0.4985216796875,0.49971796875,0.5,0.49763671875,0.4922654296875,0.4985888671875,0.496996875,0.49982421875,0.4872,0.4998123046875,0.49958671875,0.499921875,0.49971796875,0.4996875,0.499996875,0.499621875,0.4975060546875,0.4989875,0.4996716796875,0.49998046875,0.49904296875,0.4990701171875,0.49943046875,0.499846875,0.49999921875,0.4968498046875,0.4996388671875,0.49934296875,0.49881171875,0.4998779296875,0.4986544921875,0.4972341796875,0.4927248046875,0.49827421875,0.4973263671875,0.4996875,0.4998123046875,0.49780546875,0.4985888671875,0.4994513671875,0.4969482421875,0.4989591796875,0.49977421875,0.49595,0.4997326171875,0.499746875,0.498346875,0.4999875,0.4999435546875,0.4994919921875,0.4996716796875,0.4994091796875,0.49993671875,0.4995685546875,0.49996171875,0.49995,0.4984529296875,0.4957794921875,0.4998123046875,0.4998123046875,0.49002421875,0.49958671875,0.4996875,0.4996044921875,0.499746875,0.4999998046875,0.4956638671875,0.49875,0.48659296875,0.4984529296875,0.4997873046875,0.4995310546875,0.4953076171875,0.49904296875,0.4999982421875,0.4999763671875,0.4937419921875,0.49990546875,0.4951857421875,0.4989875,0.4993654296875,0.499096875,0.4979279296875,0.4994919921875,0.49868671875,0.49904296875,0.496171875,0.49105546875,0.4996388671875,0.4998966796875,0.494746875,0.49812421875,0.49998046875,0.4978875,0.4985216796875,0.498871875,0.4975060546875,0.4990154296875,0.4983107421875,0.49958671875,0.4996716796875,0.4874982421875,0.4999138671875,0.4998966796875,0.4942888671875,0.4970451171875,0.4834607421875,0.49993671875,0.4994919921875,0.4987185546875,0.4995685546875,0.4994091796875,0.4979279296875,0.4980076171875,0.4964404296875,0.49234296875,0.4880841796875,0.4961169921875,0.4963875,0.4971404296875,0.4999951171875,0.4993201171875,0.49171171875,0.4928748046875,0.4945529296875,0.4993875,0.4999435546875,0.4970451171875,0.49924921875,0.49875,0.4999875,0.4998576171875,0.4948107421875,0.4978875,0.4996716796875,0.4998357421875,0.4998779296875,0.4996044921875,0.4998966796875,0.49990546875,0.49560546875,0.49934296875,0.499621875,0.4999951171875,0.49999921875,0.4999435546875,0.49812421875,0.4930232421875,0.4951857421875,0.4946826171875,0.499921875,0.498346875,0.4994513671875,0.49353046875,0.496996875,0.4991232421875,0.4998875,0.4975060546875,0.4999669921875,0.4970451171875,0.4922654296875,0.49958671875,0.4992248046875,0.49893046875,0.5,0.4968,0.4999560546875,0.4963341796875,0.4978875,0.49841796875,0.4995310546875,0.4996716796875,0.49487421875,0.49669921875,0.4989013671875,0.49995,0.498871875,0.4941544921875,0.498346875,0.4985216796875,0.48875,0.49914921875,0.49996171875,0.49037421875,0.4967498046875,0.4931701171875,0.4970451171875,0.4998779296875,0.4990701171875,0.4982373046875,0.4993654296875,0.49868671875,0.4997873046875,0.49993671875,0.4997029296875,0.499471875,0.4951857421875,0.49606171875,0.4945529296875,0.4969482421875,0.4990701171875,0.499996875,0.4979279296875,0.4999998046875,0.4985888671875,0.4999841796875,0.497371875,0.4993201171875,0.49669921875,0.49689921875,0.4996875,0.4979279296875,0.4992248046875,0.499621875,0.4999875,0.4999669921875,0.4998875,0.49971796875,0.4995685546875,0.49755,0.4999841796875,0.4999841796875,0.4989013671875,0.4999294921875,0.4999560546875,0.4993654296875,0.4963875,0.497371875,0.4982,0.49827421875,0.4941544921875,0.4998576171875,0.4996388671875,0.4998123046875,0.4999904296875,0.4962263671875,0.49996171875,0.49893046875,0.4956638671875,0.4999998046875,0.4966482421875,0.481471875,0.49914921875,0.4999560546875,0.4886560546875,0.49155,0.4983826171875,0.4998123046875,0.4995310546875,0.49965546875,0.4999841796875,0.49995,0.4983107421875,0.49812421875,0.4949373046875,0.4980857421875,0.49381171875,0.4931701171875,0.49965546875,0.498621875,0.4974169921875,0.499846875,0.4938810546875,0.49914921875,0.49951171875,0.4965451171875,0.4974169921875,0.4980857421875,0.4963341796875,0.4999998046875,0.4985216796875,0.487596875,0.49934296875,0.4998123046875,0.49999296875,0.49993671875,0.49999921875,0.49914921875,0.49796796875,0.49999921875,0.4990154296875,0.4989591796875,0.496596875,0.4998966796875,0.49958671875,0.4999998046875,0.4992732421875,0.4999763671875,0.4985216796875,0.49998046875,0.49998046875,0.4997326171875,0.4991748046875,0.49995,0.49746171875,0.4993201171875,0.498046875,0.494221875,0.4991232421875,0.4997873046875,0.499096875,0.4992732421875,0.4985888671875,0.4992,0.49986796875,0.499996875,0.4976794921875,0.4863875,0.49986796875,0.498046875,0.49977421875,0.4960060546875,0.49958671875,0.4998576171875,0.49965546875,0.4984875,0.4992248046875,0.49996171875,0.4998123046875,0.49951171875,0.4990701171875,0.4999998046875,0.4998779296875,0.4984529296875,0.4973263671875,0.4955466796875,0.49955,0.4978875,0.49649296875,0.4980076171875,0.4992732421875,0.4999904296875,0.498046875,0.4951857421875,0.49914921875,0.4985888671875,0.4995685546875,0.49868671875,0.49881171875,0.498346875,0.498046875,0.499996875,0.49951171875,0.49728046875,0.49990546875,0.4890294921875,0.4999998046875,0.49487421875,0.4937419921875,0.4989875,0.4996875,0.4987185546875,0.4987810546875,0.499621875,0.4994513671875,0.49234296875,0.4999294921875,0.4989013671875,0.49986796875,0.499996875,0.4998779296875,0.49999296875,0.4997029296875,0.4984875,0.499971875,0.4999763671875,0.4999669921875,0.4998966796875,0.4980076171875,0.49881171875,0.4997029296875,0.49999296875,0.49868671875,0.4997607421875,0.4904607421875,0.498621875,0.4996388671875,0.4998966796875,0.4956638671875,0.49855546875,0.49977421875,0.479496875,0.49971796875,0.4997607421875,0.4998966796875,0.4968,0.49971796875,0.49999921875,0.49993671875,0.49998046875,0.4801248046875,0.4998576171875,0.4969482421875,0.4999763671875,0.4960060546875,0.49996171875,0.499971875,0.4998357421875,0.4989591796875,0.49606171875,0.4996875,0.4998123046875,0.49986796875,0.49943046875,0.49855546875,0.4985888671875,0.4999982421875,0.49264921875,0.4981623046875,0.498871875,0.4993654296875,0.49904296875,0.49951171875,0.499296875,0.499971875,0.4999841796875,0.49868671875,0.49395,0.4997607421875,0.49904296875,0.4956638671875,0.4955466796875,0.4963875,0.49841796875,0.4999560546875,0.4984529296875,0.49728046875,0.4999669921875,0.4980076171875,0.49435546875,0.4975060546875,0.4999904296875,0.4987810546875,0.4999669921875,0.4997029296875,0.4975060546875,0.4999998046875,0.4984529296875,0.4979279296875
0.49996171875,0.4930232421875,0.4999560546875,0.4973263671875,0.4921875,0.4999560546875,0.4999998046875,0.4999998046875,0.4998779296875,0.4995685546875,0.4996388671875,0.4990701171875,0.491871875,0.4997873046875,0.4999669921875,0.4993875,0.4953076171875,0.49560546875,0.497721875,0.499996875,0.4998966796875,0.4982,0.49628046875,0.49977421875,0.499846875,0.4895779296875,0.4996875,0.4999560546875,0.49995,0.4946826171875,0.4999763671875,0.4999669921875,0.4987185546875,0.4999951171875,0.4974169921875,0.4996716796875,0.49986796875,0.49971796875,0.497721875,0.4980076171875,0.49951171875,0.49138671875,0.49728046875,0.49995,0.4995310546875,0.49264921875,0.49998046875,0.4996388671875,0.4994513671875,0.4994919921875,0.4997607421875,0.49996171875,0.49951171875,0.49881171875,0.4999560546875,0.49993671875,0.49934296875,0.4991232421875,0.4994919921875,0.49999296875,0.49998046875,0.4993201171875,0.4967498046875,0.4987810546875,0.49649296875,0.4999904296875,0.4985888671875,0.499846875,0.4942888671875,0.4998779296875,0.4999560546875,0.49904296875,0.49560546875,0.4993654296875,0.49965546875,0.496996875,0.4982,0.49893046875,0.4940185546875,0.49971796875,0.4999435546875,0.4998875,0.4998357421875,0.49728046875,0.49951171875,0.4983826171875,0.4982373046875,0.4997873046875,0.4998357421875,0.4933875,0.4999669921875,0.4983107421875,0.4988419921875,0.4995310546875,0.4998576171875,0.498621875,0.4998966796875,0.4983107421875,0.49324296875,0.4972341796875,0.49669921875,0.4998875,0.496996875,0.49943046875,0.49780546875,0.4941544921875,0.4985888671875,0.499096875,0.49996171875,0.49914921875,0.498046875,0.499971875,0.49728046875,0.4985888671875,0.4975935546875,0.49971796875,0.4994513671875,0.4999951171875,0.4983107421875,0.4911388671875,0.49999921875,0.499921875,0.4931701171875,0.499621875,0.49408671875,0.4988419921875,0.4999875,0.4986544921875,0.498046875,0.49958671875,0.49841796875,0.499846875,0.49512421875,0.49381171875,0.4942888671875,0.49993671875,0.4993875,0.49827421875,0.4984875,0.495246875,0.49606171875,0.49841796875,0.499746875,0.4994513671875,0.4954279296875,0.4993654296875,0.49934296875,0.4978466796875,0.4999435546875,0.49986796875,0.499846875,0.499746875,0.49855546875,0.49998046875,0.4949373046875,0.4995310546875,0.4999669921875,0.4960060546875,0.49728046875,0.4955466796875,0.4990701171875,0.4998576171875,0.499621875,0.4965451171875,0.49958671875,0.4997873046875,0.49998046875,0.4983107421875,0.4984875,0.4977638671875,0.49841796875,0.49105546875,0.4996875,0.49955,0.4994919921875,0.4999560546875,0.49780546875,0.49958671875,0.49904296875,0.490546875,0.49796796875,0.4983826171875,0.4999560546875,0.4992732421875,0.4999982421875,0.4997326171875,0.4971404296875,0.4942888671875,0.49993671875,0.49993671875,0.49171171875,0.4997873046875,0.499971875,0.4979279296875,0.4985888671875,0.498046875,0.4996044921875,0.49746171875,0.4994091796875,0.4986544921875,0.4993654296875,0.4955466796875,0.4999841796875,0.4992732421875,0.4993875,0.4997873046875,0.498621875,0.4921875,0.4975060546875,0.49904296875,0.49755,0.4878904296875,0.4938810546875,0.49408671875,0.4987810546875,0.4996875,0.4974169921875,0.498871875,0.4996388671875,0.49971796875,0.498621875,0.4996875,0.49924921875,0.49993671875,0.4998779296875,0.4999294921875,0.49881171875,0.4945529296875,0.4991232421875,0.4999998046875,0.49943046875,0.4980857421875,0.49583671875,0.4944216796875,0.4999669921875,0.495246875,0.49904296875,0.495246875,0.4977638671875,0.49203046875,0.4999904296875,0.4970451171875,0.482421875,0.49408671875,0.4998,0.48218671875,0.49951171875,0.49755,0.49746171875,0.49408671875,0.497721875,0.4996716796875,0.49995,0.49395,0.4998357421875,0.494746875,0.4979279296875,0.49746171875,0.4980076171875,0.4916310546875,0.49881171875,0.4999841796875,0.4975060546875,0.4999841796875,0.4999435546875,0.49904296875,0.4995685546875,0.4999904296875,0.4998875,0.49395,0.49951171875,0.4998875,0.4997607421875,0.4860763671875,0.49904296875,0.4956638671875,0.499846875,0.499471875,0.48357421875,0.4992,0.4995310546875,0.4944216796875,0.49934296875,0.4999138671875,0.499921875,0.4980076171875,0.49841796875,0.4980076171875,0.4971875,0.49958671875,0.4992,0.49943046875,0.4989875,0.499921875,0.4999763671875,0.4992732421875,0.49689921875,0.4995310546875,0.498621875,0.4987810546875,0.49995,0.49999296875,0.49827421875,0.4992732421875,0.4999669921875,0.49943046875,0.498871875,0.4970451171875,0.4988419921875,0.499746875,0.4963341796875,0.4992248046875,0.4999435546875,0.4954279296875,0.49669921875,0.4961169921875,0.4988419921875,0.49037421875,0.4975935546875,0.4999435546875,0.4999669921875,0.4983826171875,0.4963875,0.4882763671875,0.49982421875,0.4944875,0.4993875,0.4996044921875,0.498046875,0.4998875,0.49958671875,0.4989591796875,0.4994513671875,0.498346875,0.49999921875,0.49728046875,0.499996875,0.4996388671875,0.49951171875,0.4928748046875,0.4997029296875,0.4986544921875,0.4998,0.4998966796875,0.49995,0.4999138671875,0.49958671875,0.4989875,0.4998,0.4999998046875,0.49971796875,0.4998875,0.4997326171875,0.4998123046875,0.4954279296875,0.4999763671875,0.4985888671875,0.49264921875,0.4999294921875,0.4880841796875,0.4997873046875,0.4999904296875,0.4965451171875,0.4978466796875,0.497721875,0.4996716796875,0.4991748046875,0.4987810546875,0.49583671875,0.49971796875,0.499096875,0.4997326171875,0.49998046875,0.4997607421875,0.4989591796875,0.4917919921875,0.499846875,0.4870998046875,0.499971875,0.4999763671875,0.494746875,0.49995,0.49943046875,0.4999294921875,0.4872998046875,0.49606171875,0.49999921875,0.4999904296875,0.49993671875,0.49998046875,0.4999904296875,0.498346875,0.49875,0.4998966796875,0.49264921875,0.4999138671875,0.49812421875,0.4998123046875,0.4998576171875,0.49868671875,0.4921091796875,0.49993671875,0.49977421875,0.4963341796875,0.4941544921875,0.4971875,0.4852294921875,0.4888435546875,0.4987185546875,0.49995,0.4916310546875,0.49812421875,0.4999294921875,0.49995,0.4992,0.4999904296875,0.496171875,0.4970451171875,0.4997029296875,0.491871875,0.49904296875,0.4978466796875,0.499621875,0.4992,0.4941544921875,0.4964404296875,0.49037421875,0.4908029296875,0.499846875,0.4999294921875,0.4998357421875,0.4981623046875,0.49965546875,0.4958935546875,0.4924201171875,0.4987185546875,0.4995685546875,0.49893046875,0.49755,0.4999763671875,0.49999296875,0.4999294921875,0.49855546875,0.49993671875,0.49934296875,0.4999669921875,0.49408671875,0.49855546875,0.4986544921875,0.49943046875,0.4999294921875,0.4999763671875,0.499471875,0.4990154296875,0.4994513671875,0.49999296875,0.49875,0.4975935546875,0.4992,0.4995310546875,0.4999982421875,0.499296875,0.49709296875,0.4992732421875,0.49875,0.48893671875,0.499846875,0.4998779296875,0.49999296875,0.49881171875,0.4914685546875,0.499621875,0.4928,0.4961169921875,0.497721875,0.49904296875,0.4925732421875,0.49904296875,0.49990546875,0.4998779296875,0.49881171875,0.499846875,0.4983107421875,0.497371875,0.4991232421875,0.4999435546875,0.4997029296875,0.4992248046875,0.4927248046875,0.4990701171875,0.498046875,0.49827421875,0.4968,0.49971796875,0.4908029296875,0.497371875,0.4998123046875,0.49971796875,0.4899357421875,0.49955,0.49461796875,0.4994919921875,0.49689921875,0.4999763671875,0.49996171875,0.4983107421875,0.4992248046875,0.4999951171875,0.49461796875,0.49746171875,0.49875,0.4978875,0.49669921875,0.49914921875,0.49999296875,0.49982421875,0.4998779296875,0.499996875,0.4999435546875,0.49875,0.4999435546875,0.4982373046875,0.4989013671875,0.4993875,0.4990154296875,0.4965451171875,0.4990701171875,0.49728046875,0.4968498046875,0.4997029296875,0.498046875,0.49924921875,0.4999294921875,0.4992248046875,0.49628046875,0.49583671875,0.49649296875,0.495721875,0.4993201171875,0.4999998046875,0.4989875,0.49955,0.4993875,0.49934296875,0.4999138671875,0.49628046875,0.4996388671875,0.49763671875,0.4973263671875,0.4983107421875,0.4985888671875,0.4992,0.49965546875,0.4975935546875,0.49689921875,0.4963875,0.4994919921875,0.4999841796875,0.49999296875,0.49971796875,0.49943046875,0.498346875,0.4987810546875,0.4999998046875,0.49855546875,0.4921875,0.4990701171875,0.49841796875,0.4996875,0.4928,0.4994091796875,0.4987185546875,0.4999669921875,0.499921875,0.4998357421875,0.4999875,0.4999841796875,0.4980857421875,0.4997607421875,0.4999951171875,0.5,0.4993201171875,0.4999875,0.4996044921875,0.4998875,0.4999904296875,0.49487421875,0.499996875,0.4992,0.4998779296875,0.49999921875,0.49943046875,0.496596875,0.4938810546875,0.49965546875,0.49709296875,0.4994513671875,0.49990546875,0.49796796875,0.4984875,0.4994919921875,0.49669921875,0.49606171875,0.49955,0.49606171875,0.4998966796875,0.499471875,0.4976794921875,0.49951171875,0.49943046875,0.4994919921875,0.5,0.49827421875,0.4998357421875,0.4999982421875,0.49982421875,0.4998357421875,0.4973263671875,0.4969482421875,0.49893046875,0.4997873046875,0.4940185546875,0.4992248046875,0.49999921875,0.4993654296875,0.4998357421875,0.4999669921875,0.495246875,0.49904296875,0.48779296875,0.4989013671875,0.4996044921875,0.4998357421875,0.4982,0.499846875,0.4999435546875,0.49999296875,0.4942888671875,0.49996171875,0.4933154296875,0.49746171875,0.49904296875,0.4996388671875,0.49435546875,0.49986796875,0.49914921875,0.498621875,0.4963341796875,0.4888435546875,0.49982421875,0.4997607421875,0.4954279296875,0.4989591796875,0.4989875,0.4980857421875,0.4989013671875,0.49868671875,0.49755,0.499921875,0.499921875,0.49971796875,0.4990701171875,0.4909716796875,0.4998576171875,0.4999138671875,0.4954279296875,0.49689921875,0.4809875,0.4999294921875,0.4997873046875,0.498871875,0.499921875,0.4997029296875,0.49841796875,0.496596875,0.4974169921875,0.4936013671875,0.4854435546875,0.495246875,0.4974169921875,0.4973263671875,0.4998,0.4997029296875,0.49595,0.494221875,0.494221875,0.49971796875,0.4997029296875,0.496996875,0.4990154296875,0.49904296875,0.4998123046875,0.49995,0.49606171875,0.49512421875,0.4995685546875,0.4999904296875,0.49982421875,0.4995310546875,0.4999982421875,0.4996875,0.4944216796875,0.49881171875,0.4992732421875,0.4997873046875,0.4999294921875,0.4999904296875,0.4998875,0.4931701171875,0.4955466796875,0.4934591796875,0.4999875,0.4990154296875,0.4998,0.49536796875,0.49796796875,0.4987810546875,0.4996875,0.49881171875,0.49977421875,0.4986544921875,0.4933154296875,0.4991232421875,0.499096875,0.4978875,0.49995,0.4949373046875,0.499621875,0.49512421875,0.49709296875,0.4989875,0.49955,0.4993875,0.4971404296875,0.4976794921875,0.4991232421875,0.49958671875,0.498046875,0.49395,0.499471875,0.4993201171875,0.4931701171875,0.4999951171875,0.49998046875,0.4916310546875,0.49709296875,0.4933875,0.4987185546875,0.4999138671875,0.4994919921875,0.4977638671875,0.4986544921875,0.4995310546875,0.4994091796875,0.49995,0.4984529296875,0.4999904296875,0.49487421875,0.4969482421875,0.49435546875,0.4975060546875,0.4986544921875,0.4999138671875,0.4971875,0.4994919921875,0.49934296875,0.4999982421875,0.4955466796875,0.49965546875,0.49628046875,0.4977638671875,0.4998357421875,0.4960060546875,0.4997029296875,0.4999951171875,0.49971796875,0.49990546875,0.499846875,0.499621875,0.49812421875,0.4963341796875,0.49977421875,0.49999921875,0.4998779296875,0.4997029296875,0.49999921875,0.4994091796875,0.4968498046875,0.4980076171875,0.4982,0.49904296875,0.4954279296875,0.4998779296875,0.4997607421875,0.4999875,0.4999951171875,0.496996875,0.49977421875,0.4995685546875,0.4957794921875,0.499746875,0.495,0.481471875,0.499746875,0.4999841796875,0.4866951171875,0.4919513671875,0.49943046875,0.4999998046875,0.49958671875,0.4999951171875,0.4996044921875,0.49958671875,0.49893046875,0.499296875,0.4954875,0.4978875,0.4978875,0.4962263671875,0.4998357421875,0.4989591796875,0.4963875,0.4998576171875,0.4944875,0.4998123046875,0.4990701171875,0.495,0.4966482421875,0.4991232421875,0.4982,0.4993654296875,0.4970451171875,0.4850138671875,0.4992732421875,0.4999560546875,0.49977421875,0.4999982421875,0.4999138671875,0.49924921875,0.4989875,0.4998966796875,0.4998357421875,0.4991232421875,0.4981623046875,0.4998875,0.49995,0.4999669921875,0.49951171875,0.4999875,0.49796796875,0.499621875,0.4999841796875,0.4992732421875,0.49965546875,0.4999138671875,0.499471875,0.498346875,0.4979279296875,0.4953076171875,0.49924921875,0.499971875,0.49955,0.49971796875,0.4992,0.4988419921875,0.499471875,0.49977421875,0.4993875,0.4888435546875,0.4985888671875,0.49990546875,0.4982373046875,0.49746171875,0.4992732421875,0.4999841796875,0.4998123046875,0.4989875,0.4987810546875,0.4999560546875,0.4993875,0.4993201171875,0.4997873046875,0.4999435546875,0.49995,0.499096875,0.49606171875,0.49435546875,0.4993875,0.4978875,0.4963341796875,0.4978466796875,0.4994919921875,0.4996875,0.4978875,0.495246875,0.4999138671875,0.497371875,0.4992248046875,0.496596875,0.49955,0.4987185546875,0.4982373046875,0.499971875,0.4996388671875,0.4962263671875,0.49993671875,0.4908875,0.49996171875,0.49324296875,0.4954875,0.4997326171875,0.4999138671875,0.4983107421875,0.49841796875,0.49990546875,0.4990701171875,0.4949373046875,0.49990546875,0.49868671875,0.4999982421875,0.4996875,0.499971875,0.4999982421875,0.4993201171875,0.498046875,0.4998357421875,0.4998,0.499746875,0.4993201171875,0.4982373046875,0.4991748046875,0.49993671875,0.49977421875,0.4992732421875,0.49971796875,0.4860763671875,0.4985216796875,0.49986796875,0.4999951171875,0.4977638671875,0.4983826171875,0.49977421875,0.4793701171875,0.4997607421875,0.4995310546875,0.49958671875,0.4962263671875,0.4995685546875,0.49998046875,0.4992,0.49999921875,0.485121875,0.4993654296875,0.4971875,0.499846875,0.494746875,0.49993671875,0.4999294921875,0.499971875,0.499621875,0.49536796875,0.49914921875,0.4996716796875,0.49955,0.4994513671875,0.4991748046875,0.4980857421875,0.499846875,0.4954875,0.4972341796875,0.4984529296875,0.4999904296875,0.49893046875,0.4995310546875,0.499996875,0.499096875,0.499846875,0.4971404296875,0.498871875,0.49982421875,0.49958671875,0.497721875,0.4965451171875,0.4979279296875,0.4982373046875,0.4993875,0.498621875,0.49868671875,0.49993671875,0.4984529296875,0.4911388671875,0.4974169921875,0.4998357421875,0.4996875,0.499096875,0.499096875,0.4978875,0.4999982421875,0.49855546875,0.4978466796875
0.4999982421875,0.49294921875,0.49977421875,0.4978875,0.4909716796875,0.4998966796875,0.4999560546875,0.4997326171875,0.4999998046875,0.4982,0.4996388671875,0.4978466796875,0.49002421875,0.49965546875,0.4996044921875,0.4987185546875,0.4946826171875,0.4961169921875,0.4970451171875,0.4999560546875,0.4996875,0.4971875,0.4931701171875,0.49999296875,0.4991232421875,0.4899357421875,0.4992,0.4999841796875,0.499096875,0.4958935546875,0.4998966796875,0.49971796875,0.4992,0.4996044921875,0.4985216796875,0.4997873046875,0.499296875,0.4996875,0.494221875,0.4989875,0.4999294921875,0.4893966796875,0.49606171875,0.4998875,0.499621875,0.49171171875,0.4997607421875,0.49955,0.49958671875,0.4993654296875,0.499921875,0.499971875,0.49914921875,0.49955,0.4998576171875,0.49995,0.4993654296875,0.4992,0.4994091796875,0.49986796875,0.499996875,0.4997326171875,0.493671875,0.4994919921875,0.49560546875,0.49999921875,0.4992,0.4998123046875,0.4965451171875,0.499921875,0.49990546875,0.49958671875,0.495246875,0.49971796875,0.4995685546875,0.49606171875,0.4979279296875,0.49827421875,0.4933154296875,0.4999560546875,0.4997029296875,0.4999982421875,0.499846875,0.4977638671875,0.49951171875,0.4963875,0.4997873046875,0.499296875,0.4999982421875,0.4946826171875,0.49990546875,0.4984529296875,0.49841796875,0.49955,0.4999669921875,0.4987810546875,0.4999560546875,0.498871875,0.492496875,0.4964404296875,0.4972341796875,0.49990546875,0.49763671875,0.4999951171875,0.499096875,0.4950623046875,0.49875,0.4998576171875,0.4994091796875,0.4973263671875,0.498046875,0.4999951171875,0.4976794921875,0.4982373046875,0.4975935546875,0.4999904296875,0.49996171875,0.4999982421875,0.4977638671875,0.4914685546875,0.4990701171875,0.499996875,0.4954279296875,0.49934296875,0.490546875,0.5,0.4998,0.498871875,0.4976794921875,0.4991748046875,0.495246875,0.4998,0.4909716796875,0.4938810546875,0.4928748046875,0.49998046875,0.49958671875,0.49965546875,0.4991748046875,0.4960060546875,0.49606171875,0.4978875,0.4998875,0.49971796875,0.49709296875,0.4999669921875,0.4972341796875,0.4989013671875,0.499996875,0.4999841796875,0.4998123046875,0.49934296875,0.4987810546875,0.4999951171875,0.4949373046875,0.4993201171875,0.4998966796875,0.4977638671875,0.4944875,0.491221875,0.4989591796875,0.4992,0.49993671875,0.49728046875,0.4998966796875,0.4999841796875,0.4997607421875,0.49780546875,0.4992248046875,0.4980857421875,0.49893046875,0.4944216796875,0.4996875,0.4988419921875,0.499846875,0.49914921875,0.4986544921875,0.4999435546875,0.4993654296875,0.4884669921875,0.4968,0.4985888671875,0.4995310546875,0.4980076171875,0.4997029296875,0.4997607421875,0.4978466796875,0.4956638671875,0.4987810546875,0.4994513671875,0.4928,0.49943046875,0.4994919921875,0.49986796875,0.4975935546875,0.49855546875,0.4993654296875,0.49606171875,0.49827421875,0.4998576171875,0.4993201171875,0.49606171875,0.4998576171875,0.4999904296875,0.499996875,0.4973263671875,0.4978466796875,0.4892138671875,0.4977638671875,0.498046875,0.4972341796875,0.4906326171875,0.495721875,0.4921091796875,0.4973263671875,0.499996875,0.4937419921875,0.4987185546875,0.4989591796875,0.49993671875,0.49955,0.499296875,0.49943046875,0.4999763671875,0.4999951171875,0.4999294921875,0.4994513671875,0.4957794921875,0.4987185546875,0.49958671875,0.4979279296875,0.4996044921875,0.49408671875,0.4968,0.4999138671875,0.4968,0.4987185546875,0.4928748046875,0.4995685546875,0.4917919921875,0.4999904296875,0.4985216796875,0.4832326171875,0.4956638671875,0.4999904296875,0.4890294921875,0.49995,0.4977638671875,0.4975060546875,0.49381171875,0.498621875,0.4998357421875,0.4998,0.4894875,0.4996716796875,0.49353046875,0.4975060546875,0.49461796875,0.4980076171875,0.4886560546875,0.4978875,0.4999841796875,0.4975060546875,0.49924921875,0.4999875,0.499096875,0.49955,0.4996388671875,0.4997607421875,0.4936013671875,0.4999982421875,0.49971796875,0.4999138671875,0.48739921875,0.4967498046875,0.4933154296875,0.49958671875,0.4992732421875,0.484246875,0.4993654296875,0.49955,0.49487421875,0.4991748046875,0.4998,0.4998576171875,0.49796796875,0.4969482421875,0.498346875,0.4985888671875,0.49943046875,0.4971875,0.49986796875,0.49943046875,0.4999951171875,0.4999560546875,0.4983826171875,0.49763671875,0.4996388671875,0.4998875,0.4986544921875,0.4999763671875,0.4992732421875,0.49728046875,0.49982421875,0.49986796875,0.4998357421875,0.4996388671875,0.495246875,0.49951171875,0.4996875,0.49689921875,0.49868671875,0.4998875,0.493671875,0.4969482421875,0.49595,0.4984529296875,0.49002421875,0.4992732421875,0.4999841796875,0.499921875,0.49796796875,0.4961169921875,0.4909716796875,0.49998046875,0.49408671875,0.4994513671875,0.4996716796875,0.4983107421875,0.4999435546875,0.4983826171875,0.49868671875,0.4985216796875,0.4989875,0.4995685546875,0.49914921875,0.49982421875,0.49943046875,0.49955,0.4922654296875,0.4999982421875,0.4979279296875,0.4997873046875,0.4992,0.499921875,0.4998779296875,0.4998779296875,0.49855546875,0.4994513671875,0.4999560546875,0.4998357421875,0.4997326171875,0.4999841796875,0.49990546875,0.49649296875,0.49943046875,0.4971875,0.4941544921875,0.4996875,0.4886560546875,0.4996875,0.499971875,0.498621875,0.4970451171875,0.49763671875,0.4998576171875,0.49893046875,0.4972341796875,0.4954875,0.4999669921875,0.49999296875,0.49943046875,0.49924921875,0.498621875,0.4968,0.4911388671875,0.49996171875,0.48818046875,0.49999296875,0.4996875,0.49002421875,0.4998123046875,0.49977421875,0.4999904296875,0.48123046875,0.4957794921875,0.4996875,0.4996716796875,0.4997607421875,0.4999763671875,0.499996875,0.4998,0.4983107421875,0.4999435546875,0.49234296875,0.4999560546875,0.4954279296875,0.4987185546875,0.49982421875,0.4961169921875,0.4908875,0.4995685546875,0.4993654296875,0.4944875,0.4951857421875,0.497371875,0.48123046875,0.491221875,0.49943046875,0.49999296875,0.4894875,0.4975935546875,0.499996875,0.49995,0.4985888671875,0.499746875,0.49435546875,0.4985888671875,0.499746875,0.49264921875,0.499096875,0.499296875,0.49965546875,0.4989875,0.49324296875,0.4963875,0.48576171875,0.49037421875,0.49986796875,0.499296875,0.4991232421875,0.49746171875,0.4983107421875,0.49381171875,0.4951857421875,0.49827421875,0.4996875,0.4989875,0.499296875,0.49996171875,0.4998357421875,0.4998,0.4968498046875,0.4997326171875,0.49827421875,0.49999921875,0.49841796875,0.49827421875,0.4974169921875,0.4987185546875,0.4998779296875,0.4997607421875,0.4993201171875,0.49924921875,0.4996388671875,0.49999296875,0.4978875,0.49796796875,0.4982373046875,0.49995,0.4999904296875,0.498871875,0.49796796875,0.4993201171875,0.498621875,0.4911388671875,0.4994091796875,0.49958671875,0.4999841796875,0.4998966796875,0.4921875,0.4998875,0.4928748046875,0.4976794921875,0.4981623046875,0.4983826171875,0.4965451171875,0.4997873046875,0.49943046875,0.4999841796875,0.4990154296875,0.49993671875,0.497371875,0.498346875,0.4992732421875,0.4999875,0.4987810546875,0.49999296875,0.49435546875,0.4996388671875,0.4945529296875,0.4975935546875,0.4983826171875,0.4974169921875,0.4924201171875,0.4978466796875,0.4999763671875,0.4999998046875,0.48966796875,0.4992248046875,0.49264921875,0.49965546875,0.49595,0.4996716796875,0.49999921875,0.4984875,0.4987810546875,0.4999875,0.496996875,0.49755,0.4984875,0.4990154296875,0.4981623046875,0.49881171875,0.4996716796875,0.4993654296875,0.4992248046875,0.4998966796875,0.4999669921875,0.4988419921875,0.4992248046875,0.49827421875,0.4989013671875,0.4991232421875,0.49951171875,0.492496875,0.49904296875,0.4984529296875,0.4963875,0.4987185546875,0.4975060546875,0.4992,0.4987810546875,0.4999998046875,0.4973263671875,0.4982373046875,0.4987185546875,0.4944875,0.49995,0.499921875,0.4993875,0.4991748046875,0.49955,0.4967498046875,0.49986796875,0.49536796875,0.4996044921875,0.499921875,0.4979279296875,0.499096875,0.49812421875,0.4986544921875,0.49990546875,0.4977638671875,0.4968,0.4967498046875,0.4990154296875,0.4994513671875,0.49999296875,0.4997607421875,0.499096875,0.4977638671875,0.4989591796875,0.4998357421875,0.4981623046875,0.4950623046875,0.49904296875,0.4996388671875,0.49875,0.49487421875,0.49934296875,0.4981623046875,0.4994919921875,0.49996171875,0.4992248046875,0.4999841796875,0.4998576171875,0.49606171875,0.4983826171875,0.4994513671875,0.499996875,0.4999560546875,0.49943046875,0.4993875,0.4998576171875,0.49999296875,0.4970451171875,0.4999763671875,0.4988419921875,0.499846875,0.4999998046875,0.49914921875,0.4981623046875,0.4921875,0.4993875,0.49294921875,0.4988419921875,0.4992248046875,0.4988419921875,0.49934296875,0.4998,0.4986544921875,0.49763671875,0.49982421875,0.49827421875,0.4999138671875,0.4998576171875,0.498621875,0.4999904296875,0.4991748046875,0.4971875,0.4999669921875,0.498871875,0.4998966796875,0.4993654296875,0.49971796875,0.4999763671875,0.4969482421875,0.4945529296875,0.4984529296875,0.4998779296875,0.4949373046875,0.49893046875,0.4992,0.4984875,0.49998046875,0.4998779296875,0.4940185546875,0.4993654296875,0.4899357421875,0.49827421875,0.4997873046875,0.4984875,0.49780546875,0.4999998046875,0.4995310546875,0.4998966796875,0.4979279296875,0.4999560546875,0.4965451171875,0.4990701171875,0.4992732421875,0.4992248046875,0.4931701171875,0.499846875,0.499096875,0.4989013671875,0.49763671875,0.493096875,0.4998357421875,0.4990154296875,0.49324296875,0.498621875,0.4986544921875,0.494746875,0.4996388671875,0.4982373046875,0.49669921875,0.49934296875,0.49934296875,0.4991232421875,0.4996044921875,0.4911388671875,0.49999921875,0.4999763671875,0.4937419921875,0.4975060546875,0.4798748046875,0.49996171875,0.49977421875,0.4992248046875,0.4996875,0.4999998046875,0.49943046875,0.49595,0.497371875,0.49487421875,0.4866951171875,0.4973263671875,0.4980857421875,0.497721875,0.4999982421875,0.4998357421875,0.4958935546875,0.4945529296875,0.4928,0.49951171875,0.4994091796875,0.4963875,0.4983107421875,0.4992248046875,0.4998,0.49971796875,0.495721875,0.4964404296875,0.4999841796875,0.499971875,0.4999763671875,0.49986796875,0.4995310546875,0.499621875,0.49628046875,0.4984875,0.4987810546875,0.4995685546875,0.4999998046875,0.49999296875,0.4999951171875,0.49071796875,0.49461796875,0.496171875,0.49996171875,0.4990154296875,0.4996044921875,0.49583671875,0.4978875,0.49709296875,0.4989013671875,0.4991748046875,0.49993671875,0.4982373046875,0.4937419921875,0.4987810546875,0.4997326171875,0.4982,0.4999875,0.4958935546875,0.4997873046875,0.49595,0.49755,0.4978466796875,0.49982421875,0.4984529296875,0.4966482421875,0.4982373046875,0.4985888671875,0.49958671875,0.4998357421875,0.4919513671875,0.499296875,0.49893046875,0.4937419921875,0.4998966796875,0.4998576171875,0.4908029296875,0.4949373046875,0.4938810546875,0.4967498046875,0.4998576171875,0.4986544921875,0.4976794921875,0.4984529296875,0.4993875,0.4998,0.4997607421875,0.498871875,0.499846875,0.4931701171875,0.49796796875,0.4872998046875,0.4971404296875,0.498621875,0.4997029296875,0.49827421875,0.49955,0.499621875,0.4996875,0.49709296875,0.49965546875,0.4958935546875,0.4984875,0.49995,0.4942888671875,0.49955,0.4998966796875,0.4989591796875,0.4989013671875,0.499096875,0.4990154296875,0.49796796875,0.49746171875,0.49904296875,0.49934296875,0.49868671875,0.4979279296875,0.49990546875,0.4991232421875,0.4968498046875,0.49381171875,0.4965451171875,0.4996716796875,0.4977638671875,0.4990154296875,0.4993875,0.4999669921875,0.4999763671875,0.4979279296875,0.4993654296875,0.49996171875,0.4996388671875,0.4999951171875,0.4962263671875,0.482421875,0.4986544921875,0.4999951171875,0.4850138671875,0.49002421875,0.4996388671875,0.499921875,0.4994919921875,0.4996044921875,0.49990546875,0.49971796875,0.4996388671875,0.4992,0.49812421875,0.4982373046875,0.49234296875,0.49728046875,0.4999875,0.49982421875,0.4964404296875,0.49993671875,0.4970451171875,0.4997029296875,0.49780546875,0.4919513671875,0.49395,0.4990154296875,0.4954279296875,0.49904296875,0.4989875,0.4820685546875,0.4986544921875,0.4999998046875,0.4995685546875,0.4996716796875,0.4996716796875,0.498871875,0.4995685546875,0.499296875,0.4996044921875,0.4995685546875,0.4980076171875,0.49998046875,0.4999904296875,0.4999294921875,0.4993875,0.49996171875,0.4971404296875,0.49977421875,0.499971875,0.4992248046875,0.4997607421875,0.4999904296875,0.498871875,0.49881171875,0.49875,0.4971404296875,0.4997029296875,0.4997029296875,0.49914921875,0.4998779296875,0.499471875,0.49951171875,0.4999294921875,0.4996388671875,0.4977638671875,0.48533671875,0.497371875,0.49943046875,0.4985888671875,0.4982373046875,0.4996388671875,0.4999998046875,0.49995,0.4984529296875,0.49855546875,0.4998123046875,0.49812421875,0.4992732421875,0.49868671875,0.4999875,0.4995685546875,0.499296875,0.49669921875,0.4954279296875,0.499471875,0.4981623046875,0.4982,0.49709296875,0.4999875,0.4999904296875,0.49827421875,0.4934591796875,0.49998046875,0.4974169921875,0.499971875,0.4987810546875,0.4997607421875,0.4984529296875,0.4964404296875,0.4999435546875,0.499296875,0.49649296875,0.4999904296875,0.4931701171875,0.4999138671875,0.4914685546875,0.49395,0.4999294921875,0.4999875,0.49924921875,0.498871875,0.4999294921875,0.49881171875,0.4950623046875,0.4998779296875,0.4971875,0.49995,0.4993201171875,0.499971875,0.49943046875,0.4991232421875,0.4970451171875,0.49934296875,0.49986796875,0.499746875,0.4996044921875,0.4991748046875,0.4996044921875,0.49996171875,0.49977421875,0.49934296875,0.499746875,0.4879875,0.4966482421875,0.4997607421875,0.4997607421875,0.49560546875,0.4994919921875,0.499471875,0.4823044921875,0.49965546875,0.4996875,0.4995310546875,0.49606171875,0.4982,0.4999998046875,0.4989591796875,0.49999296875,0.4839123046875,0.4998576171875,0.4938810546875,0.49971796875,0.495721875,0.4999435546875,0.4983826171875,0.49995,0.4993875,0.4945529296875,0.4998576171875,0.49951171875,0.4996875,0.4999138671875,0.4983826171875,0.49875,0.4997873046875,0.49381171875,0.4967498046875,0.49796796875,0.4999904296875,0.4997029296875,0.49993671875,0.4999841796875,0.4992732421875,0.49998046875,0.4968498046875,0.49868671875,0.4999982421875,0.4994919921875,0.4992,0.4963341796875,0.4957794921875,0.4984529296875,0.4999669921875,0.4997607421875,0.49951171875,0.49998046875,0.49763671875,0.4940185546875,0.49875,0.4998,0.4999763671875,0.49796796875,0.498346875,0.49796796875,0.4995685546875,0.49841796875,0.497721875
0.4993201171875,0.494746875,0.49955,0.4982,0.49105546875,0.4998966796875,0.4999138671875,0.4999138671875,0.4997873046875,0.49855546875,0.4978466796875,0.4968498046875,0.4940185546875,0.4995310546875,0.49993671875,0.498046875,0.49560546875,0.495,0.498621875,0.4998779296875,0.49958671875,0.49628046875,0.4911388671875,0.4996044921875,0.49977421875,0.4832326171875,0.4990154296875,0.4998357421875,0.4999435546875,0.4941544921875,0.4999951171875,0.49977421875,0.4954279296875,0.4999904296875,0.4977638671875,0.499996875,0.49995,0.499621875,0.4955466796875,0.49827421875,0.4999951171875,0.4894875,0.4957794921875,0.4989591796875,0.4997029296875,0.49105546875,0.4997607421875,0.498871875,0.499971875,0.4994919921875,0.4997326171875,0.49999296875,0.49965546875,0.4989013671875,0.49996171875,0.49943046875,0.49958671875,0.498621875,0.4994919921875,0.49999296875,0.4998576171875,0.4992732421875,0.4954875,0.4977638671875,0.49536796875,0.49958671875,0.499846875,0.4993654296875,0.4971875,0.4999560546875,0.4999763671875,0.498621875,0.4944216796875,0.4995685546875,0.4997607421875,0.4980076171875,0.497371875,0.49943046875,0.4954875,0.4999560546875,0.4990701171875,0.4996388671875,0.4996388671875,0.49709296875,0.4987810546875,0.4980857421875,0.49955,0.49999921875,0.499846875,0.4963341796875,0.4997029296875,0.4982373046875,0.4985888671875,0.4994091796875,0.499971875,0.4984875,0.4996044921875,0.4980076171875,0.49395,0.4968498046875,0.4968,0.49995,0.4968498046875,0.49993671875,0.4975935546875,0.4921091796875,0.49841796875,0.499996875,0.4999138671875,0.4965451171875,0.4951857421875,0.49999921875,0.4966482421875,0.498046875,0.49796796875,0.49965546875,0.499996875,0.49995,0.4968498046875,0.4937419921875,0.4995685546875,0.4999560546875,0.493096875,0.4996716796875,0.4895779296875,0.4999998046875,0.49990546875,0.4982,0.49689921875,0.4989591796875,0.49435546875,0.4994919921875,0.490546875,0.4946826171875,0.49324296875,0.4999841796875,0.49924921875,0.49977421875,0.4991748046875,0.4951857421875,0.4953076171875,0.49893046875,0.4999841796875,0.49914921875,0.4974169921875,0.499746875,0.4976794921875,0.4989875,0.499921875,0.4999904296875,0.499846875,0.4997607421875,0.4981623046875,0.4999875,0.4940185546875,0.4995685546875,0.49995,0.4971875,0.4970451171875,0.4916310546875,0.49812421875,0.4987185546875,0.4999669921875,0.4925732421875,0.49971796875,0.4999841796875,0.4998357421875,0.4987810546875,0.4986544921875,0.4979279296875,0.4991748046875,0.4928,0.49998046875,0.4981623046875,0.49977421875,0.498871875,0.4999763671875,0.499296875,0.49689921875,0.4911388671875,0.49827421875,0.498871875,0.49914921875,0.4988419921875,0.499746875,0.49990546875,0.49728046875,0.493096875,0.4996716796875,0.49914921875,0.495721875,0.49881171875,0.4998779296875,0.49971796875,0.49812421875,0.4984875,0.4999294921875,0.49796796875,0.498046875,0.49965546875,0.4989013671875,0.497721875,0.4995310546875,0.49996171875,0.49951171875,0.4994919921875,0.4968498046875,0.4944216796875,0.4982373046875,0.4989591796875,0.4951857421875,0.4834607421875,0.4975935546875,0.4927248046875,0.4963341796875,0.499996875,0.49435546875,0.4980857421875,0.4996388671875,0.499971875,0.49855546875,0.4995310546875,0.4994919921875,0.4998576171875,0.4999669921875,0.4999904296875,0.4996875,0.49512421875,0.4988419921875,0.4999875,0.49904296875,0.49875,0.4940185546875,0.4971875,0.4995685546875,0.49435546875,0.49998046875,0.4944216796875,0.4989013671875,0.4914685546875,0.4998779296875,0.4979279296875,0.48265546875,0.4960060546875,0.49999296875,0.4843576171875,0.4997326171875,0.49780546875,0.4984529296875,0.4976794921875,0.4983107421875,0.4999560546875,0.4998576171875,0.4893966796875,0.4990701171875,0.4971875,0.49868671875,0.4968498046875,0.4968498046875,0.488371875,0.497721875,0.49990546875,0.4982373046875,0.4999138671875,0.4999841796875,0.4989875,0.49990546875,0.49995,0.4999904296875,0.4937419921875,0.4999982421875,0.4999435546875,0.4996044921875,0.4839123046875,0.4976794921875,0.4925732421875,0.4997326171875,0.4991232421875,0.4850138671875,0.4998966796875,0.499296875,0.4957794921875,0.4984875,0.4999904296875,0.49999921875,0.4983107421875,0.4950623046875,0.499746875,0.499096875,0.4996388671875,0.49709296875,0.49971796875,0.4995685546875,0.4999763671875,0.4999669921875,0.4997326171875,0.4971404296875,0.4991748046875,0.49977421875,0.49728046875,0.4999294921875,0.4998576171875,0.4961169921875,0.4994513671875,0.49904296875,0.49977421875,0.4997326171875,0.49461796875,0.4987185546875,0.4994513671875,0.494221875,0.499471875,0.499921875,0.4960060546875,0.4971875,0.4970451171875,0.49951171875,0.4924201171875,0.4980076171875,0.49995,0.49996171875,0.4979279296875,0.49728046875,0.49071796875,0.49965546875,0.4969482421875,0.49958671875,0.499921875,0.4984529296875,0.4998576171875,0.497721875,0.4985216796875,0.4989875,0.4987185546875,0.499746875,0.4988419921875,0.49951171875,0.499296875,0.4999998046875,0.493096875,0.4999669921875,0.4990154296875,0.4994091796875,0.4998966796875,0.4999669921875,0.4996044921875,0.4995685546875,0.4994513671875,0.49958671875,0.4998,0.4999560546875,0.4996875,0.49958671875,0.49996171875,0.4922654296875,0.4991232421875,0.4978466796875,0.49171171875,0.49996171875,0.487596875,0.4998357421875,0.4999435546875,0.4968498046875,0.4979279296875,0.4953076171875,0.4991748046875,0.4982373046875,0.4982373046875,0.4948107421875,0.4996388671875,0.49996171875,0.49971796875,0.499746875,0.49763671875,0.4969482421875,0.4911388671875,0.49934296875,0.491221875,0.4999841796875,0.4999669921875,0.4909716796875,0.4999998046875,0.4999763671875,0.4999951171875,0.4828875,0.49435546875,0.49993671875,0.4999435546875,0.49999921875,0.4999294921875,0.4992732421875,0.4999841796875,0.4975060546875,0.4999904296875,0.492496875,0.4998966796875,0.49841796875,0.4998576171875,0.4997029296875,0.4990701171875,0.48739921875,0.499846875,0.4990701171875,0.4922654296875,0.49381171875,0.49881171875,0.480496875,0.4919513671875,0.4989013671875,0.4999951171875,0.48779296875,0.4964404296875,0.4999435546875,0.4999841796875,0.4983107421875,0.4999763671875,0.4937419921875,0.4997607421875,0.49998046875,0.49395,0.4990701171875,0.49993671875,0.4994091796875,0.498871875,0.4927248046875,0.498346875,0.4908029296875,0.49171171875,0.499471875,0.4996044921875,0.4999763671875,0.4978466796875,0.49924921875,0.495246875,0.496596875,0.495721875,0.4995685546875,0.4999904296875,0.4991748046875,0.49977421875,0.49868671875,0.4997029296875,0.4973263671875,0.4993201171875,0.49812421875,0.4999435546875,0.4979279296875,0.4994091796875,0.49881171875,0.4996388671875,0.49951171875,0.4999951171875,0.4997326171875,0.4994091796875,0.4996388671875,0.4999904296875,0.4982,0.4995310546875,0.4982,0.4999841796875,0.49998046875,0.49951171875,0.4982,0.49746171875,0.4994919921875,0.49408671875,0.4982373046875,0.499846875,0.4996388671875,0.4992248046875,0.4909716796875,0.4997029296875,0.4908029296875,0.49755,0.4994513671875,0.49881171875,0.4965451171875,0.49971796875,0.4990154296875,0.4999669921875,0.49780546875,0.49998046875,0.4954875,0.4969482421875,0.499296875,0.49971796875,0.4978875,0.4993201171875,0.4936013671875,0.4999435546875,0.49583671875,0.4991232421875,0.4982,0.4993201171875,0.49487421875,0.4991748046875,0.4999560546875,0.4999763671875,0.48875,0.4984529296875,0.49583671875,0.4998875,0.4977638671875,0.4996044921875,0.49951171875,0.498046875,0.4997873046875,0.49999296875,0.49606171875,0.4966482421875,0.4985216796875,0.49812421875,0.4978466796875,0.4983826171875,0.4991748046875,0.4985888671875,0.4985216796875,0.4997607421875,0.49914921875,0.4989013671875,0.4999841796875,0.498046875,0.498871875,0.4985888671875,0.4987810546875,0.4931701171875,0.4993201171875,0.4988419921875,0.4964404296875,0.4987810546875,0.4940185546875,0.497721875,0.4999294921875,0.4999560546875,0.498621875,0.4971875,0.4986544921875,0.4963875,0.4999951171875,0.4994091796875,0.4998966796875,0.4994513671875,0.499471875,0.49763671875,0.4998875,0.497371875,0.4992732421875,0.499921875,0.4989591796875,0.4980076171875,0.4988419921875,0.499096875,0.4999904296875,0.4985888671875,0.496996875,0.4928748046875,0.4995310546875,0.49996171875,0.4998875,0.4997607421875,0.4989875,0.4975935546875,0.4996716796875,0.4999904296875,0.4978466796875,0.496171875,0.49958671875,0.49881171875,0.4974169921875,0.49294921875,0.498871875,0.4999294921875,0.4997607421875,0.4997607421875,0.4996044921875,0.49995,0.4995685546875,0.4975935546875,0.4991748046875,0.4980076171875,0.4999998046875,0.499971875,0.4992732421875,0.49827421875,0.49982421875,0.4999998046875,0.4953076171875,0.4995685546875,0.4975935546875,0.4999841796875,0.4999951171875,0.4991232421875,0.4982,0.4933154296875,0.4999138671875,0.48856171875,0.49855546875,0.4998875,0.4991232421875,0.4989013671875,0.4991748046875,0.4990154296875,0.4971404296875,0.4998966796875,0.49796796875,0.4997326171875,0.4999875,0.4991748046875,0.4998357421875,0.4999875,0.4975060546875,0.49993671875,0.4987810546875,0.49993671875,0.4998779296875,0.4998576171875,0.49971796875,0.495246875,0.4970451171875,0.49875,0.4992732421875,0.4970451171875,0.499096875,0.499621875,0.4991748046875,0.4998576171875,0.4996388671875,0.49264921875,0.49982421875,0.4872,0.4974169921875,0.4997326171875,0.4962263671875,0.4982,0.49986796875,0.4998357421875,0.4998123046875,0.4964404296875,0.49958671875,0.4964404296875,0.4996388671875,0.4997326171875,0.4990701171875,0.493096875,0.49999296875,0.4990154296875,0.4988419921875,0.4951857421875,0.49536796875,0.499471875,0.49827421875,0.4933875,0.49780546875,0.4985888671875,0.49395,0.4996716796875,0.497371875,0.498871875,0.4997029296875,0.4997029296875,0.498871875,0.4999875,0.49002421875,0.4998123046875,0.4998966796875,0.4976794921875,0.4973263671875,0.47795,0.4999560546875,0.499096875,0.4982,0.4999951171875,0.4999138671875,0.4998357421875,0.497721875,0.4975060546875,0.492496875,0.4909716796875,0.49728046875,0.4966482421875,0.49628046875,0.4999951171875,0.4999294921875,0.493096875,0.4901123046875,0.49395,0.4998576171875,0.49943046875,0.49796796875,0.4981623046875,0.4995685546875,0.4999763671875,0.4987185546875,0.4956638671875,0.49649296875,0.4999951171875,0.49996171875,0.4999841796875,0.499971875,0.499971875,0.499471875,0.498346875,0.4992,0.499096875,0.4987810546875,0.499996875,0.499471875,0.49993671875,0.4911388671875,0.492496875,0.4969482421875,0.4999904296875,0.496996875,0.49993671875,0.4968498046875,0.4965451171875,0.49669921875,0.4993201171875,0.4998,0.4999435546875,0.498871875,0.4928,0.4984529296875,0.4993201171875,0.49904296875,0.49965546875,0.49487421875,0.4997326171875,0.49560546875,0.49583671875,0.4973263671875,0.4998576171875,0.49780546875,0.4951857421875,0.4982373046875,0.4992,0.49990546875,0.4998966796875,0.4934591796875,0.4987185546875,0.49924921875,0.4933875,0.49977421875,0.499471875,0.48818046875,0.49606171875,0.493671875,0.49796796875,0.49977421875,0.4997029296875,0.49796796875,0.4989875,0.4989591796875,0.4995310546875,0.4998875,0.4996716796875,0.49999296875,0.4954875,0.4992732421875,0.4908029296875,0.4990701171875,0.4993875,0.4999294921875,0.4984875,0.4999904296875,0.49990546875,0.4998,0.4975060546875,0.49958671875,0.4989875,0.499471875,0.4999875,0.49155,0.4992,0.49955,0.49875,0.49812421875,0.49904296875,0.4976794921875,0.4989013671875,0.49649296875,0.49993671875,0.4999435546875,0.498046875,0.4969482421875,0.49955,0.4995685546875,0.49728046875,0.4962263671875,0.49536796875,0.498046875,0.4974169921875,0.499971875,0.49841796875,0.4999904296875,0.4998123046875,0.498621875,0.4989013671875,0.4998779296875,0.4999560546875,0.4999998046875,0.4978466796875,0.48576171875,0.499296875,0.4994513671875,0.4862841796875,0.4934591796875,0.4989013671875,0.4999982421875,0.499846875,0.49914921875,0.49999921875,0.4999294921875,0.49875,0.4999763671875,0.49669921875,0.4981623046875,0.4964404296875,0.4934591796875,0.4995310546875,0.4984529296875,0.49461796875,0.49955,0.4950623046875,0.4994513671875,0.4974169921875,0.4933154296875,0.49536796875,0.4984875,0.498046875,0.49934296875,0.49924921875,0.47924296875,0.4999138671875,0.49990546875,0.4997326171875,0.4999294921875,0.4994091796875,0.4983107421875,0.4994919921875,0.4990701171875,0.49955,0.499296875,0.49841796875,0.4999669921875,0.49995,0.4998576171875,0.49893046875,0.4999904296875,0.49408671875,0.499471875,0.4999998046875,0.49924921875,0.49943046875,0.4999841796875,0.49841796875,0.4984529296875,0.4956638671875,0.49943046875,0.499921875,0.4998875,0.4999435546875,0.4998966796875,0.498871875,0.49998046875,0.4999998046875,0.4999294921875,0.49951171875,0.4933875,0.4980857421875,0.4994091796875,0.4963341796875,0.4995310546875,0.4993201171875,0.499746875,0.49924921875,0.4981623046875,0.49977421875,0.49977421875,0.4974169921875,0.4982,0.498346875,0.4998966796875,0.4991748046875,0.4993875,0.4950623046875,0.4976794921875,0.4997029296875,0.495246875,0.49536796875,0.4954875,0.4998576171875,0.49996171875,0.498871875,0.493096875,0.49998046875,0.4978875,0.4997029296875,0.49934296875,0.49914921875,0.4989013671875,0.49709296875,0.4998875,0.4997029296875,0.49669921875,0.4997873046875,0.486796875,0.499996875,0.4931701171875,0.493096875,0.49977421875,0.499996875,0.4982373046875,0.4991232421875,0.49990546875,0.4982,0.4958935546875,0.499996875,0.49728046875,0.4999875,0.4998966796875,0.4999982421875,0.4999560546875,0.4991748046875,0.49881171875,0.4999763671875,0.4999841796875,0.49986796875,0.4999998046875,0.49914921875,0.49965546875,0.49999296875,0.499971875,0.4992248046875,0.4984529296875,0.4913044921875,0.4957794921875,0.4995310546875,0.49999921875,0.4964404296875,0.4992,0.4995685546875,0.4820685546875,0.4991232421875,0.4994091796875,0.4997607421875,0.4975060546875,0.4984875,0.49995,0.49990546875,0.49990546875,0.47821171875,0.49958671875,0.49669921875,0.4998576171875,0.4953076171875,0.499621875,0.49796796875,0.4999875,0.4998779296875,0.493096875,0.4999435546875,0.49977421875,0.4986544921875,0.4997029296875,0.49904296875,0.4967498046875,0.4998875,0.4931701171875,0.4989591796875,0.4978466796875,0.4999294921875,0.4996716796875,0.4994091796875,0.49999296875,0.49904296875,0.49982421875,0.4986544921875,0.49934296875,0.49998046875,0.4998,0.4987810546875,0.4984529296875,0.4961169921875,0.49893046875,0.4998779296875,0.4998779296875,0.4977638671875,0.4998779296875,0.4985888671875,0.49353046875,0.4994091796875,0.4997873046875,0.4998123046875,0.49881171875,0.4993201171875,0.4978875,0.4998875,0.49649296875,0.4974169921875
0.4992,0.49606171875,0.49996171875,0.4973263671875,0.4893966796875,0.4999763671875,0.4999560546875,0.499746875,0.4994091796875,0.4992732421875,0.49689921875,0.49755,0.4928,0.4998576171875,0.4999138671875,0.49755,0.494221875,0.4933875,0.499096875,0.4999904296875,0.49943046875,0.4956638671875,0.48818046875,0.499971875,0.49943046875,0.4852294921875,0.49955,0.4996716796875,0.4999763671875,0.49138671875,0.49990546875,0.4998357421875,0.4963341796875,0.4999904296875,0.4986544921875,0.49996171875,0.499971875,0.4998576171875,0.496171875,0.49689921875,0.49999921875,0.48533671875,0.4945529296875,0.4986544921875,0.4995685546875,0.490546875,0.499971875,0.4988419921875,0.49993671875,0.4983826171875,0.4999998046875,0.49995,0.49986796875,0.4992,0.49934296875,0.4998357421875,0.4994091796875,0.49709296875,0.499096875,0.4998779296875,0.499471875,0.49868671875,0.49461796875,0.4976794921875,0.4963341796875,0.4999904296875,0.4999904296875,0.4988419921875,0.4938810546875,0.4999560546875,0.4999951171875,0.498871875,0.49583671875,0.499746875,0.499471875,0.49689921875,0.4984529296875,0.49965546875,0.4942888671875,0.49998046875,0.49999921875,0.4999669921875,0.49977421875,0.498046875,0.49881171875,0.49628046875,0.4999294921875,0.4999763671875,0.49996171875,0.4944216796875,0.4991232421875,0.4978875,0.4991232421875,0.49914921875,0.4998966796875,0.49796796875,0.4998576171875,0.498046875,0.4921091796875,0.4965451171875,0.4965451171875,0.4996716796875,0.4963875,0.499971875,0.49914921875,0.49171171875,0.4980076171875,0.49999921875,0.49999921875,0.4977638671875,0.4937419921875,0.4995685546875,0.495721875,0.4977638671875,0.4977638671875,0.4998779296875,0.4999951171875,0.4996716796875,0.4964404296875,0.4934591796875,0.4982,0.4997029296875,0.49583671875,0.499296875,0.4933875,0.4999875,0.49977421875,0.4993875,0.4969482421875,0.499621875,0.49353046875,0.499471875,0.4917919921875,0.4942888671875,0.4899357421875,0.4991748046875,0.4997607421875,0.4998357421875,0.4991748046875,0.49560546875,0.4936013671875,0.4987185546875,0.4999560546875,0.49881171875,0.4968,0.49875,0.498046875,0.49875,0.499921875,0.4999560546875,0.4999560546875,0.49958671875,0.498346875,0.4998357421875,0.4966482421875,0.4985216796875,0.4999560546875,0.49606171875,0.497721875,0.4925732421875,0.4987185546875,0.4998875,0.4999841796875,0.4928,0.49955,0.4998,0.49951171875,0.4989591796875,0.4992732421875,0.4993654296875,0.49995,0.49138671875,0.49998046875,0.4983826171875,0.4996388671875,0.4995310546875,0.4999875,0.499471875,0.4978875,0.4899357421875,0.498621875,0.498346875,0.499746875,0.4989875,0.4999875,0.4994919921875,0.49796796875,0.4944875,0.49881171875,0.4997607421875,0.49155,0.4980076171875,0.4984875,0.4984875,0.4974169921875,0.4967498046875,0.4998875,0.49796796875,0.4992248046875,0.49904296875,0.499471875,0.4977638671875,0.4989875,0.499971875,0.49998046875,0.499096875,0.4966482421875,0.4946826171875,0.4994091796875,0.49881171875,0.4966482421875,0.4876951171875,0.4955466796875,0.49435546875,0.4962263671875,0.4997326171875,0.4922654296875,0.4986544921875,0.49982421875,0.4999435546875,0.4996044921875,0.4997607421875,0.49951171875,0.49951171875,0.49995,0.4999841796875,0.49904296875,0.4974169921875,0.49780546875,0.499846875,0.499746875,0.4999294921875,0.49294921875,0.4985888671875,0.4999841796875,0.49234296875,0.49977421875,0.4937419921875,0.49875,0.4904607421875,0.4999138671875,0.4984529296875,0.4832326171875,0.4930232421875,0.4994513671875,0.4854435546875,0.499846875,0.49893046875,0.49763671875,0.4971404296875,0.4956638671875,0.4999875,0.49995,0.4897576171875,0.4997029296875,0.4944875,0.4968,0.4974169921875,0.496171875,0.49264921875,0.49855546875,0.4997029296875,0.49763671875,0.4998,0.4996875,0.4993875,0.4999669921875,0.49977421875,0.49951171875,0.4933154296875,0.4998875,0.49971796875,0.4999875,0.484246875,0.4992,0.4893966796875,0.4996716796875,0.4996388671875,0.48311796875,0.4994091796875,0.4996716796875,0.4963875,0.499621875,0.4999560546875,0.5,0.4977638671875,0.4934591796875,0.4981623046875,0.4982,0.498346875,0.49780546875,0.4990701171875,0.4994513671875,0.4998576171875,0.49881171875,0.4997873046875,0.49536796875,0.4997326171875,0.4991232421875,0.4968,0.49971796875,0.4985888671875,0.4956638671875,0.4999669921875,0.4995685546875,0.499996875,0.49958671875,0.4964404296875,0.4963341796875,0.4999435546875,0.4937419921875,0.4999982421875,0.4996044921875,0.498621875,0.4975060546875,0.4954875,0.4992,0.48779296875,0.49780546875,0.4992248046875,0.4999669921875,0.49728046875,0.4988419921875,0.49171171875,0.4999763671875,0.49408671875,0.49827421875,0.49990546875,0.4986544921875,0.49971796875,0.49780546875,0.49893046875,0.49893046875,0.4978875,0.49951171875,0.4994091796875,0.4993654296875,0.4997029296875,0.4999841796875,0.489846875,0.49924921875,0.4990701171875,0.49958671875,0.4998875,0.49951171875,0.49951171875,0.4992732421875,0.4989875,0.49986796875,0.499996875,0.4993875,0.4986544921875,0.49958671875,0.49996171875,0.493096875,0.4989875,0.49812421875,0.494221875,0.499996875,0.4880841796875,0.4999998046875,0.49982421875,0.4942888671875,0.4979279296875,0.4980857421875,0.4994919921875,0.4979279296875,0.4971875,0.4963341796875,0.49943046875,0.4989591796875,0.499996875,0.4996388671875,0.4960060546875,0.4970451171875,0.4921091796875,0.4998966796875,0.4916310546875,0.4999982421875,0.49993671875,0.49002421875,0.499996875,0.4999435546875,0.4998123046875,0.4791154296875,0.4951857421875,0.4994513671875,0.4999875,0.4994919921875,0.4999998046875,0.4999951171875,0.499971875,0.493671875,0.4999435546875,0.4888435546875,0.4996044921875,0.49728046875,0.4999875,0.49924921875,0.499296875,0.4892138671875,0.4993201171875,0.49914921875,0.49381171875,0.4965451171875,0.49934296875,0.4839123046875,0.49294921875,0.49914921875,0.49965546875,0.4878904296875,0.498346875,0.4999763671875,0.4998576171875,0.4992,0.4997607421875,0.49234296875,0.4992732421875,0.49965546875,0.494221875,0.4962263671875,0.4999294921875,0.4982,0.498871875,0.4902873046875,0.49435546875,0.49071796875,0.489846875,0.4996716796875,0.4990154296875,0.4999669921875,0.498346875,0.4989875,0.4963875,0.4967498046875,0.4958935546875,0.499096875,0.4992732421875,0.4983826171875,0.4999435546875,0.4993875,0.4999904296875,0.494746875,0.49982421875,0.4976794921875,0.49995,0.4970451171875,0.4997326171875,0.4973263671875,0.4986544921875,0.4992732421875,0.4999982421875,0.4997326171875,0.4987810546875,0.4998966796875,0.4999982421875,0.4984529296875,0.4995310546875,0.49827421875,0.4995685546875,0.49995,0.4998,0.4982,0.4986544921875,0.4992248046875,0.49408671875,0.499746875,0.49990546875,0.4997607421875,0.49868671875,0.4921875,0.4986544921875,0.4933875,0.4970451171875,0.499296875,0.4990701171875,0.49560546875,0.4995310546875,0.49827421875,0.49998046875,0.49914921875,0.4999560546875,0.4969482421875,0.4991748046875,0.4987185546875,0.4996044921875,0.4969482421875,0.4994091796875,0.4921875,0.4994919921875,0.4977638671875,0.4979279296875,0.497371875,0.4998,0.492496875,0.4964404296875,0.4999435546875,0.499846875,0.4906326171875,0.4985888671875,0.49628046875,0.4994919921875,0.497721875,0.4999875,0.49958671875,0.4983826171875,0.49971796875,0.4999841796875,0.4973263671875,0.4963875,0.498621875,0.4987810546875,0.499096875,0.499296875,0.4984875,0.4999904296875,0.49924921875,0.4998357421875,0.4989591796875,0.49868671875,0.4999294921875,0.4975935546875,0.49977421875,0.4987185546875,0.49924921875,0.496596875,0.4989875,0.4975060546875,0.4942888671875,0.49763671875,0.4934591796875,0.4983826171875,0.4999904296875,0.4999904296875,0.4995685546875,0.4982,0.4981623046875,0.4958935546875,0.4999669921875,0.49986796875,0.4999763671875,0.4989875,0.4999998046875,0.4972341796875,0.49958671875,0.4975060546875,0.4984529296875,0.49999296875,0.4999998046875,0.4962263671875,0.4982,0.4983107421875,0.49971796875,0.4997326171875,0.494221875,0.49435546875,0.4989013671875,0.49965546875,0.4998576171875,0.499096875,0.4996044921875,0.4982,0.4999669921875,0.4999904296875,0.4989013671875,0.4954279296875,0.4990154296875,0.4983826171875,0.4975060546875,0.48966796875,0.49827421875,0.49904296875,0.4999138671875,0.49998046875,0.4995310546875,0.4999875,0.4996388671875,0.4989875,0.4998123046875,0.49893046875,0.499471875,0.4990154296875,0.49996171875,0.49868671875,0.4997607421875,0.4998576171875,0.4945529296875,0.4998576171875,0.4971404296875,0.4999435546875,0.4998576171875,0.49943046875,0.4989591796875,0.4924201171875,0.49977421875,0.4925732421875,0.49893046875,0.49893046875,0.49914921875,0.49881171875,0.4985888671875,0.4983107421875,0.497721875,0.4996875,0.4962263671875,0.499921875,0.49999921875,0.49904296875,0.49827421875,0.49965546875,0.496171875,0.4998875,0.4994513671875,0.49996171875,0.4998966796875,0.4999560546875,0.49943046875,0.4962263671875,0.4963875,0.49875,0.49971796875,0.4953076171875,0.49855546875,0.4997607421875,0.49746171875,0.499921875,0.4998357421875,0.4933154296875,0.49986796875,0.4902,0.4993654296875,0.49875,0.4983107421875,0.49841796875,0.49951171875,0.4988419921875,0.49914921875,0.4956638671875,0.4994919921875,0.495721875,0.49812421875,0.4988419921875,0.496996875,0.49234296875,0.4998779296875,0.49904296875,0.4991748046875,0.4970451171875,0.49155,0.4999669921875,0.4987810546875,0.4948107421875,0.4985216796875,0.4993201171875,0.4958935546875,0.499746875,0.4960060546875,0.4980076171875,0.4999951171875,0.4998576171875,0.4981623046875,0.49904296875,0.494221875,0.49914921875,0.49924921875,0.49606171875,0.4946826171875,0.48446796875,0.49924921875,0.49881171875,0.4988419921875,0.49998046875,0.499996875,0.4994919921875,0.496596875,0.4978466796875,0.49324296875,0.4892138671875,0.4989013671875,0.4974169921875,0.4991748046875,0.499971875,0.4999875,0.4901123046875,0.4893966796875,0.4916310546875,0.4996716796875,0.49934296875,0.4962263671875,0.4987810546875,0.49904296875,0.49999921875,0.4992248046875,0.49381171875,0.4980076171875,0.4998,0.4999138671875,0.4999875,0.49943046875,0.49982421875,0.4994919921875,0.499296875,0.4984529296875,0.4990701171875,0.4989875,0.499971875,0.4992248046875,0.49955,0.4906326171875,0.49536796875,0.4955466796875,0.49990546875,0.4980857421875,0.4999294921875,0.4942888671875,0.49203046875,0.4987185546875,0.499296875,0.5,0.499971875,0.4998,0.49408671875,0.4989591796875,0.4999138671875,0.4999294921875,0.49914921875,0.4942888671875,0.49999296875,0.4967498046875,0.496171875,0.4987185546875,0.4997326171875,0.4982373046875,0.49512421875,0.497371875,0.49904296875,0.4999669921875,0.498346875,0.4914685546875,0.4996716796875,0.4993201171875,0.4962263671875,0.49971796875,0.4998875,0.4866951171875,0.49381171875,0.4931701171875,0.4981623046875,0.4996716796875,0.4994091796875,0.4957794921875,0.4992732421875,0.4992,0.499921875,0.49982421875,0.4998576171875,0.499996875,0.4964404296875,0.4999669921875,0.48779296875,0.4977638671875,0.4995310546875,0.4994513671875,0.4993201171875,0.499846875,0.49990546875,0.4999435546875,0.4971875,0.4990154296875,0.4991232421875,0.499471875,0.49993671875,0.4906326171875,0.49955,0.4995310546875,0.4990154296875,0.49746171875,0.4993875,0.4975060546875,0.4985216796875,0.4958935546875,0.4997607421875,0.4996388671875,0.49728046875,0.4953076171875,0.4996044921875,0.4996875,0.4976794921875,0.4951857421875,0.49512421875,0.4965451171875,0.49893046875,0.4999998046875,0.4993201171875,0.49999921875,0.4999138671875,0.499296875,0.4998779296875,0.49998046875,0.4999998046875,0.4999951171875,0.4992248046875,0.48311796875,0.498871875,0.4998,0.4838,0.4934591796875,0.49914921875,0.49951171875,0.4998357421875,0.498346875,0.4997029296875,0.4998357421875,0.4978875,0.4998966796875,0.497371875,0.49943046875,0.49606171875,0.49294921875,0.499746875,0.4978875,0.4888435546875,0.49924921875,0.4933154296875,0.4989875,0.498346875,0.49408671875,0.49649296875,0.4981623046875,0.4989013671875,0.4996875,0.49914921875,0.4719451171875,0.4997326171875,0.4997029296875,0.49986796875,0.49999296875,0.49977421875,0.49755,0.4998576171875,0.49881171875,0.4994091796875,0.4998779296875,0.49812421875,0.4999841796875,0.4997326171875,0.4998966796875,0.4978875,0.4999560546875,0.494221875,0.49971796875,0.49990546875,0.4991232421875,0.49996171875,0.49995,0.49881171875,0.49934296875,0.49560546875,0.4995310546875,0.4999763671875,0.49990546875,0.4989591796875,0.499996875,0.499471875,0.4999951171875,0.499996875,0.4991748046875,0.4993201171875,0.49408671875,0.4987185546875,0.4994919921875,0.495721875,0.49796796875,0.4984529296875,0.4998,0.4986544921875,0.497721875,0.4998123046875,0.49996171875,0.4980076171875,0.49780546875,0.49868671875,0.4997029296875,0.4996875,0.49993671875,0.49353046875,0.49628046875,0.49904296875,0.4949373046875,0.495,0.4958935546875,0.49999296875,0.499971875,0.4987185546875,0.493096875,0.4999951171875,0.49709296875,0.499921875,0.49904296875,0.49689921875,0.4984875,0.4984529296875,0.4990154296875,0.49993671875,0.4968498046875,0.4998123046875,0.489846875,0.4992248046875,0.49171171875,0.49324296875,0.4999560546875,0.499971875,0.4994919921875,0.4986544921875,0.4998,0.4998357421875,0.49763671875,0.4999875,0.4963341796875,0.49993671875,0.499096875,0.5,0.498346875,0.499846875,0.4971404296875,0.4999763671875,0.499846875,0.4999841796875,0.4994513671875,0.4967498046875,0.4987185546875,0.499746875,0.49982421875,0.49875,0.49875,0.48856171875,0.49755,0.4992732421875,0.4999904296875,0.49728046875,0.4983107421875,0.49990546875,0.4820685546875,0.49958671875,0.499921875,0.4989013671875,0.49763671875,0.4990154296875,0.4996388671875,0.4999435546875,0.4999669921875,0.48074296875,0.4997326171875,0.4937419921875,0.4991232421875,0.49461796875,0.49955,0.4993201171875,0.49977421875,0.4988419921875,0.4964404296875,0.4999560546875,0.4999875,0.499296875,0.4999982421875,0.4996716796875,0.492496875,0.49977421875,0.4940185546875,0.4965451171875,0.496596875,0.4998875,0.4998357421875,0.4985888671875,0.4998576171875,0.4998123046875,0.4998966796875,0.499846875,0.4993654296875,0.4999875,0.499621875,0.4980076171875,0.496996875,0.4990701171875,0.49780546875,0.4999560546875,0.4999904296875,0.496171875,0.4996875,0.498046875,0.4942888671875,0.499996875,0.4998357421875,0.498621875,0.4990701171875,0.499746875,0.4968498046875,0.4997326171875,0.4979279296875,0.495
0.4996044921875,0.4942888671875,0.4998966796875,0.4945529296875,0.4893966796875,0.49982421875,0.49995,0.49999921875,0.4999435546875,0.49998046875,0.4957794921875,0.496996875,0.4928,0.49965546875,0.4999669921875,0.4978466796875,0.4942888671875,0.4934591796875,0.497721875,0.49999921875,0.4993875,0.49881171875,0.4892138671875,0.499846875,0.4996388671875,0.4888435546875,0.4989013671875,0.4999560546875,0.499971875,0.49138671875,0.4999294921875,0.4996716796875,0.4969482421875,0.4998779296875,0.496596875,0.49999921875,0.4999841796875,0.49965546875,0.4953076171875,0.498621875,0.4999138671875,0.48311796875,0.494746875,0.498046875,0.4991232421875,0.489121875,0.49998046875,0.49982421875,0.4998966796875,0.49904296875,0.4999138671875,0.4999435546875,0.49875,0.49875,0.4999435546875,0.4993654296875,0.499746875,0.4969482421875,0.49855546875,0.4999138671875,0.4999982421875,0.4999998046875,0.49155,0.495,0.49536796875,0.4999763671875,0.4999951171875,0.49881171875,0.494221875,0.49998046875,0.4998779296875,0.4982,0.491221875,0.4999998046875,0.499471875,0.4968498046875,0.49955,0.49812421875,0.49264921875,0.4999904296875,0.49990546875,0.49982421875,0.4999435546875,0.4975060546875,0.4986544921875,0.49827421875,0.4998875,0.4999904296875,0.49995,0.4933154296875,0.49868671875,0.49763671875,0.49977421875,0.498346875,0.4996044921875,0.49583671875,0.4998123046875,0.498346875,0.4953076171875,0.4963341796875,0.4951857421875,0.4998779296875,0.495,0.499921875,0.49812421875,0.49294921875,0.49728046875,0.49971796875,0.4999560546875,0.4954875,0.4949373046875,0.4996875,0.4964404296875,0.4987185546875,0.4981623046875,0.4999669921875,0.49996171875,0.4998576171875,0.4973263671875,0.49536796875,0.4992732421875,0.4994091796875,0.49649296875,0.4998,0.49512421875,0.4999982421875,0.499921875,0.499746875,0.49560546875,0.4995685546875,0.49628046875,0.499621875,0.49155,0.497371875,0.4936013671875,0.4999435546875,0.4995310546875,0.4997873046875,0.4986544921875,0.4982373046875,0.4946826171875,0.4998123046875,0.4998779296875,0.499296875,0.4957794921875,0.4995685546875,0.4970451171875,0.49904296875,0.49986796875,0.4999875,0.49999296875,0.4992,0.4977638671875,0.49965546875,0.49536796875,0.4982,0.4999875,0.49755,0.4971404296875,0.4921091796875,0.497371875,0.49995,0.49986796875,0.4942888671875,0.499971875,0.4999763671875,0.49904296875,0.49914921875,0.49998046875,0.4991748046875,0.4997029296875,0.4917919921875,0.49999921875,0.4972341796875,0.49995,0.49965546875,0.4998966796875,0.498871875,0.49796796875,0.4899357421875,0.4983826171875,0.4984875,0.4998966796875,0.4994513671875,0.49999296875,0.49904296875,0.4981623046875,0.494221875,0.4983107421875,0.4999294921875,0.4924201171875,0.497371875,0.4985216796875,0.49958671875,0.49669921875,0.4974169921875,0.4993201171875,0.497371875,0.49827421875,0.4997607421875,0.4992732421875,0.49755,0.4997607421875,0.49958671875,0.4995685546875,0.4996875,0.49796796875,0.4948107421875,0.4995310546875,0.4978466796875,0.495721875,0.48576171875,0.4956638671875,0.49395,0.495721875,0.49998046875,0.49381171875,0.49943046875,0.49999296875,0.49958671875,0.4993875,0.4996388671875,0.4994513671875,0.4985888671875,0.4994513671875,0.4997326171875,0.4994091796875,0.4967498046875,0.4966482421875,0.4999904296875,0.4996716796875,0.4998576171875,0.49583671875,0.495721875,0.499621875,0.4944216796875,0.49995,0.4919513671875,0.49812421875,0.49155,0.49868671875,0.4980076171875,0.4803732421875,0.49294921875,0.4997607421875,0.489846875,0.4982,0.4991748046875,0.4985216796875,0.4965451171875,0.4949373046875,0.49965546875,0.4999763671875,0.4917919921875,0.4989013671875,0.4961169921875,0.49812421875,0.49536796875,0.4970451171875,0.4906326171875,0.4990701171875,0.4994919921875,0.49728046875,0.4996716796875,0.4999560546875,0.49924921875,0.4993875,0.4982,0.4999138671875,0.4921091796875,0.4999998046875,0.4997607421875,0.499846875,0.48779296875,0.4995685546875,0.48856171875,0.499471875,0.4996044921875,0.4815919921875,0.4992,0.4995310546875,0.49461796875,0.498871875,0.49995,0.49982421875,0.4984875,0.4917919921875,0.4978875,0.4961169921875,0.499096875,0.4965451171875,0.49841796875,0.49868671875,0.49999296875,0.4989875,0.49943046875,0.4985216796875,0.49996171875,0.4997326171875,0.4945529296875,0.4999904296875,0.49982421875,0.4981623046875,0.4998357421875,0.4994919921875,0.5,0.49875,0.498046875,0.497721875,0.49971796875,0.49203046875,0.49999921875,0.49982421875,0.4964404296875,0.4951857421875,0.4945529296875,0.4997607421875,0.48818046875,0.49487421875,0.4993875,0.4999560546875,0.4958935546875,0.4989591796875,0.4933154296875,0.4995685546875,0.49536796875,0.4980857421875,0.49995,0.4972341796875,0.4998,0.4979279296875,0.49934296875,0.4971875,0.4982,0.4989013671875,0.4992,0.49924921875,0.497371875,0.4998123046875,0.48576171875,0.4991748046875,0.49881171875,0.49995,0.49881171875,0.4999294921875,0.49965546875,0.49955,0.49812421875,0.499746875,0.4999841796875,0.4984529296875,0.4996044921875,0.49977421875,0.49934296875,0.49512421875,0.49855546875,0.498346875,0.4928748046875,0.49924921875,0.4906326171875,0.49982421875,0.49934296875,0.49709296875,0.4966482421875,0.4972341796875,0.49998046875,0.4990154296875,0.4989013671875,0.49606171875,0.49998046875,0.49999921875,0.4997873046875,0.4990154296875,0.4982373046875,0.4978875,0.493096875,0.499621875,0.4911388671875,0.49982421875,0.4996044921875,0.48966796875,0.4982373046875,0.4994919921875,0.4997607421875,0.4789875,0.4928,0.4993201171875,0.499846875,0.4998123046875,0.49996171875,0.4998357421875,0.4997029296875,0.49583671875,0.4996875,0.4913044921875,0.4985216796875,0.4967498046875,0.49943046875,0.49914921875,0.4992248046875,0.4888435546875,0.499296875,0.49996171875,0.4944216796875,0.49461796875,0.49904296875,0.479496875,0.49294921875,0.499921875,0.499996875,0.4832326171875,0.4971404296875,0.4997326171875,0.49999296875,0.49971796875,0.4996388671875,0.49583671875,0.498621875,0.49965546875,0.4895779296875,0.4969482421875,0.499996875,0.4978875,0.49763671875,0.487596875,0.4937419921875,0.491871875,0.49234296875,0.4998576171875,0.4975060546875,0.49990546875,0.4984875,0.49993671875,0.4940185546875,0.4985888671875,0.4976794921875,0.49958671875,0.49971796875,0.4971875,0.4994513671875,0.49763671875,0.49990546875,0.4946826171875,0.4998576171875,0.49841796875,0.49958671875,0.4988419921875,0.4992,0.49763671875,0.49924921875,0.4999998046875,0.49943046875,0.4998966796875,0.499621875,0.499921875,0.4992,0.4992248046875,0.4984875,0.4990701171875,0.4989875,0.4999904296875,0.4992248046875,0.4980076171875,0.49855546875,0.49893046875,0.49536796875,0.4998576171875,0.49995,0.4994919921875,0.49904296875,0.4911388671875,0.4981623046875,0.490546875,0.4987810546875,0.49951171875,0.49934296875,0.4921091796875,0.49999296875,0.4999951171875,0.499746875,0.4973263671875,0.4999763671875,0.4981623046875,0.499096875,0.49868671875,0.499471875,0.49746171875,0.4995685546875,0.49381171875,0.4999841796875,0.4984875,0.498046875,0.49728046875,0.4996044921875,0.49071796875,0.49763671875,0.4999560546875,0.49996171875,0.492496875,0.4986544921875,0.4975060546875,0.4998123046875,0.498046875,0.49996171875,0.4988419921875,0.49709296875,0.4990154296875,0.4999138671875,0.4987810546875,0.4944875,0.498346875,0.49827421875,0.49780546875,0.4968498046875,0.4991232421875,0.4998576171875,0.4993654296875,0.4994513671875,0.4988419921875,0.49649296875,0.4998875,0.498046875,0.4998,0.4982373046875,0.4983107421875,0.4956638671875,0.49904296875,0.4951857421875,0.49512421875,0.4955466796875,0.495246875,0.4978875,0.49999296875,0.4999435546875,0.499096875,0.49536796875,0.4983826171875,0.494746875,0.49995,0.4999841796875,0.4998966796875,0.499296875,0.49986796875,0.49669921875,0.499921875,0.4954875,0.4997326171875,0.499846875,0.49965546875,0.4983107421875,0.49487421875,0.4992732421875,0.499846875,0.4983826171875,0.4965451171875,0.4963875,0.49951171875,0.49982421875,0.49995,0.4993875,0.499921875,0.498871875,0.4999669921875,0.49990546875,0.4997326171875,0.49512421875,0.4978875,0.49986796875,0.4967498046875,0.4901123046875,0.49689921875,0.4998576171875,0.49995,0.4999951171875,0.4994513671875,0.49977421875,0.4983107421875,0.49669921875,0.49943046875,0.49951171875,0.4989591796875,0.4998576171875,0.4999560546875,0.4993201171875,0.499996875,0.499921875,0.49264921875,0.4999875,0.4984875,0.4999560546875,0.5,0.499921875,0.4987810546875,0.4895779296875,0.4980857421875,0.4921875,0.497721875,0.49990546875,0.498871875,0.499471875,0.4981623046875,0.49746171875,0.4944216796875,0.4999763671875,0.4960060546875,0.49995,0.4997029296875,0.499296875,0.49965546875,0.4999763671875,0.4941544921875,0.4999669921875,0.49914921875,0.4998779296875,0.49855546875,0.499921875,0.4999435546875,0.4970451171875,0.4963875,0.4969482421875,0.49924921875,0.49461796875,0.49841796875,0.4998966796875,0.4951857421875,0.4997326171875,0.49965546875,0.4931701171875,0.499996875,0.4890294921875,0.498046875,0.497371875,0.49875,0.4958935546875,0.4998966796875,0.4993201171875,0.499471875,0.49234296875,0.498871875,0.494746875,0.499296875,0.499971875,0.49560546875,0.4888435546875,0.499971875,0.4963341796875,0.49780546875,0.4956638671875,0.4928,0.4999763671875,0.499296875,0.4924201171875,0.4979279296875,0.4996388671875,0.49855546875,0.49875,0.4956638671875,0.49796796875,0.4998576171875,0.49995,0.4977638671875,0.49924921875,0.4909716796875,0.49982421875,0.4999763671875,0.4992248046875,0.4957794921875,0.4762107421875,0.4991748046875,0.49990546875,0.4989013671875,0.49995,0.499996875,0.4997029296875,0.4942888671875,0.497371875,0.49155,0.49203046875,0.49924921875,0.4994091796875,0.499846875,0.499746875,0.4997607421875,0.490546875,0.4893966796875,0.48893671875,0.4997029296875,0.4989875,0.49583671875,0.498346875,0.4992,0.4999982421875,0.49999921875,0.4960060546875,0.4983107421875,0.499621875,0.4999669921875,0.4999435546875,0.4994513671875,0.4999982421875,0.49958671875,0.49943046875,0.497371875,0.498871875,0.4987185546875,0.4999904296875,0.49934296875,0.498871875,0.4901123046875,0.4954875,0.4976794921875,0.49951171875,0.4969482421875,0.4998576171875,0.4936013671875,0.4970451171875,0.498346875,0.49998046875,0.49998046875,0.4996716796875,0.4992732421875,0.4940185546875,0.4993201171875,0.49999921875,0.49977421875,0.499846875,0.4980857421875,0.4999904296875,0.4962263671875,0.4944216796875,0.4975060546875,0.4994513671875,0.49855546875,0.49536796875,0.4992248046875,0.4987810546875,0.4997607421875,0.4983107421875,0.49171171875,0.49924921875,0.4995685546875,0.49264921875,0.4999904296875,0.49999921875,0.483346875,0.49294921875,0.49155,0.49893046875,0.4999560546875,0.4993875,0.4976794921875,0.4985216796875,0.49998046875,0.49986796875,0.49955,0.4996875,0.4999998046875,0.4990154296875,0.4997607421875,0.4925732421875,0.4978466796875,0.4975935546875,0.4995310546875,0.4997326171875,0.499471875,0.4998779296875,0.4997326171875,0.49583671875,0.4989591796875,0.4986544921875,0.4996388671875,0.4998966796875,0.492496875,0.4989013671875,0.49893046875,0.49728046875,0.4996044921875,0.49999296875,0.4987185546875,0.4983826171875,0.49649296875,0.499971875,0.4999560546875,0.4982,0.49583671875,0.4990701171875,0.49812421875,0.4974169921875,0.49536796875,0.4917919921875,0.4979279296875,0.49924921875,0.49999296875,0.499471875,0.4999763671875,0.49990546875,0.4971404296875,0.4997029296875,0.4998966796875,0.4999669921875,0.4999904296875,0.498046875,0.4791154296875,0.4988419921875,0.49934296875,0.48966796875,0.494221875,0.4991748046875,0.4996388671875,0.4998966796875,0.49904296875,0.49996171875,0.4997873046875,0.4985888671875,0.49995,0.4978466796875,0.4972341796875,0.4966482421875,0.4888435546875,0.4998779296875,0.4978466796875,0.492496875,0.4989591796875,0.4922654296875,0.4996388671875,0.4975935546875,0.4969482421875,0.49408671875,0.4968498046875,0.4994091796875,0.49982421875,0.4985216796875,0.46968046875,0.49971796875,0.49999921875,0.4989013671875,0.4999998046875,0.49924921875,0.4993875,0.4996875,0.4994091796875,0.4993654296875,0.4988419921875,0.49780546875,0.4990154296875,0.4998966796875,0.4998779296875,0.49955,0.4993201171875,0.49324296875,0.4994091796875,0.49971796875,0.4995685546875,0.4997873046875,0.4996875,0.4998,0.49977421875,0.4962263671875,0.4997607421875,0.49996171875,0.4999763671875,0.49881171875,0.4998966796875,0.49999296875,0.4999669921875,0.4999875,0.4992,0.4998779296875,0.4928748046875,0.4971404296875,0.4994919921875,0.4975060546875,0.4989013671875,0.4976794921875,0.4992732421875,0.49996171875,0.496596875,0.49999921875,0.4999951171875,0.4971875,0.4980857421875,0.49812421875,0.499996875,0.4991748046875,0.4998779296875,0.496171875,0.49512421875,0.4988419921875,0.49649296875,0.49487421875,0.4978466796875,0.499921875,0.4999951171875,0.4973263671875,0.49037421875,0.4999951171875,0.4957794921875,0.4999904296875,0.4995310546875,0.4975060546875,0.4989591796875,0.4957794921875,0.49993671875,0.4999435546875,0.4968,0.499621875,0.492496875,0.49924921875,0.4916310546875,0.4946826171875,0.49996171875,0.49951171875,0.497721875,0.4971875,0.4998357421875,0.4996044921875,0.4957794921875,0.4998875,0.496596875,0.499921875,0.499096875,0.4996044921875,0.4992,0.49943046875,0.49709296875,0.49971796875,0.49993671875,0.4997326171875,0.49943046875,0.4963875,0.4998123046875,0.4996044921875,0.4998576171875,0.4993654296875,0.498046875,0.48739921875,0.49924921875,0.49796796875,0.499296875,0.49669921875,0.49796796875,0.4998576171875,0.47821171875,0.49999921875,0.4997029296875,0.4984529296875,0.4971404296875,0.49893046875,0.4999875,0.49958671875,0.4999841796875,0.48074296875,0.49971796875,0.496596875,0.4999841796875,0.49155,0.49982421875,0.4992732421875,0.4999904296875,0.49841796875,0.49536796875,0.49999296875,0.4999904296875,0.498871875,0.49990546875,0.49998046875,0.4941544921875,0.4997326171875,0.4928,0.4985888671875,0.4992,0.49999296875,0.49904296875,0.49982421875,0.4999435546875,0.49943046875,0.4994513671875,0.4999951171875,0.4995310546875,0.4997029296875,0.4999904296875,0.4970451171875,0.4963875,0.4987810546875,0.4983107421875,0.4997326171875,0.499971875,0.49728046875,0.49914921875,0.498046875,0.49294921875,0.4999875,0.4999763671875,0.49982421875,0.4994513671875,0.4985888671875,0.4973263671875,0.49855546875,0.498346875,0.4981623046875
0.4998576171875,0.4957794921875,0.49951171875,0.49669921875,0.48618046875,0.4999669921875,0.49986796875,0.49996171875,0.49999921875,0.49986796875,0.4967498046875,0.49855546875,0.4934591796875,0.49999296875,0.499971875,0.494221875,0.49324296875,0.4941544921875,0.49780546875,0.49993671875,0.49812421875,0.4969482421875,0.4938810546875,0.4999669921875,0.4991232421875,0.4860763671875,0.4991748046875,0.4996044921875,0.4998779296875,0.495246875,0.4997326171875,0.4998576171875,0.495721875,0.4996716796875,0.498046875,0.49998046875,0.4999763671875,0.4999841796875,0.49841796875,0.499096875,0.4998576171875,0.48265546875,0.4946826171875,0.49649296875,0.4999669921875,0.4913044921875,0.49996171875,0.4999982421875,0.4998576171875,0.49746171875,0.4999998046875,0.4998576171875,0.4990154296875,0.49934296875,0.4999875,0.498346875,0.499846875,0.49628046875,0.49924921875,0.4999763671875,0.49990546875,0.49986796875,0.494746875,0.49669921875,0.4970451171875,0.49982421875,0.49998046875,0.498046875,0.4937419921875,0.4997607421875,0.499846875,0.4978466796875,0.4941544921875,0.4999982421875,0.4972341796875,0.4979279296875,0.4991748046875,0.4975935546875,0.49171171875,0.4999841796875,0.49999296875,0.4999875,0.49943046875,0.4983826171875,0.4986544921875,0.4992732421875,0.4997326171875,0.49990546875,0.499996875,0.4938810546875,0.49904296875,0.49709296875,0.4997607421875,0.498871875,0.4965451171875,0.497721875,0.4997029296875,0.497721875,0.49536796875,0.4954875,0.49435546875,0.49982421875,0.4976794921875,0.499921875,0.4994919921875,0.4930232421875,0.4984529296875,0.49995,0.4995685546875,0.49138671875,0.49435546875,0.4997029296875,0.49536796875,0.49796796875,0.49689921875,0.49996171875,0.4999841796875,0.4996875,0.49763671875,0.49294921875,0.498621875,0.4993654296875,0.4937419921875,0.49995,0.496596875,0.4996044921875,0.4999841796875,0.4993875,0.4949373046875,0.4998357421875,0.496596875,0.4988419921875,0.4940185546875,0.49669921875,0.4940185546875,0.4998576171875,0.4989875,0.4999904296875,0.498046875,0.499096875,0.4963341796875,0.4994091796875,0.4997607421875,0.49958671875,0.4942888671875,0.49982421875,0.4968,0.49951171875,0.4999904296875,0.4999560546875,0.49993671875,0.49841796875,0.4992248046875,0.499846875,0.4954875,0.49914921875,0.49999296875,0.495721875,0.49560546875,0.49381171875,0.4987810546875,0.4997029296875,0.4998357421875,0.49606171875,0.4996875,0.4999904296875,0.499746875,0.4998357421875,0.5,0.4998875,0.49999296875,0.4928,0.49996171875,0.4986544921875,0.4999951171875,0.4998357421875,0.49977421875,0.49841796875,0.4976794921875,0.4882763671875,0.49881171875,0.4987810546875,0.49955,0.4993654296875,0.49986796875,0.4997326171875,0.4956638671875,0.4944216796875,0.4990701171875,0.499921875,0.493096875,0.498046875,0.49924921875,0.499621875,0.496996875,0.4983107421875,0.4988419921875,0.4986544921875,0.4954875,0.49951171875,0.4995310546875,0.49689921875,0.4998123046875,0.4998123046875,0.4992,0.499921875,0.4985888671875,0.49628046875,0.4998,0.4944216796875,0.4962263671875,0.4862841796875,0.4895779296875,0.495,0.495246875,0.4996716796875,0.49264921875,0.49893046875,0.49971796875,0.49943046875,0.49943046875,0.4998576171875,0.4995685546875,0.4998576171875,0.49971796875,0.499921875,0.4990154296875,0.4971875,0.4968498046875,0.4998966796875,0.4989591796875,0.4999294921875,0.4965451171875,0.49560546875,0.4998123046875,0.4919513671875,0.49977421875,0.4901123046875,0.49904296875,0.4914685546875,0.4984529296875,0.49812421875,0.48779296875,0.4911388671875,0.4996875,0.49155,0.49958671875,0.4983826171875,0.497371875,0.49746171875,0.4964404296875,0.49977421875,0.49893046875,0.4921091796875,0.4994513671875,0.4942888671875,0.4982,0.4956638671875,0.497371875,0.4839123046875,0.49893046875,0.4992248046875,0.4981623046875,0.498346875,0.49996171875,0.4994919921875,0.4998357421875,0.49780546875,0.49914921875,0.4928,0.49999921875,0.4999435546875,0.499746875,0.4876951171875,0.4992248046875,0.4890294921875,0.49999296875,0.4998875,0.4783419921875,0.4999998046875,0.49986796875,0.4927248046875,0.4998,0.4996044921875,0.4999669921875,0.4962263671875,0.4970451171875,0.49904296875,0.4975935546875,0.49943046875,0.49746171875,0.4984529296875,0.4971404296875,0.499971875,0.4992,0.4999763671875,0.4985888671875,0.4998357421875,0.49689921875,0.491871875,0.4999560546875,0.499096875,0.4981623046875,0.4999560546875,0.4992248046875,0.499746875,0.4989875,0.4971404296875,0.49512421875,0.4999904296875,0.4921091796875,0.4998875,0.49971796875,0.49689921875,0.494221875,0.4963875,0.4996875,0.4863875,0.4956638671875,0.4997029296875,0.49990546875,0.4979279296875,0.499746875,0.4925732421875,0.4998779296875,0.4933875,0.4971404296875,0.49986796875,0.497721875,0.4998357421875,0.49755,0.49934296875,0.4976794921875,0.4988419921875,0.499471875,0.4986544921875,0.49893046875,0.4977638671875,0.4998357421875,0.4880841796875,0.4981623046875,0.49893046875,0.4998,0.49971796875,0.499621875,0.4999138671875,0.4993201171875,0.4958935546875,0.4991748046875,0.4998779296875,0.4978466796875,0.49951171875,0.49893046875,0.4986544921875,0.4960060546875,0.4980857421875,0.4990154296875,0.4901123046875,0.49995,0.49138671875,0.4997607421875,0.49904296875,0.4967498046875,0.49728046875,0.49812421875,0.49971796875,0.499471875,0.497371875,0.4955466796875,0.4999138671875,0.4998875,0.4999841796875,0.4989013671875,0.4974169921875,0.4968,0.4899357421875,0.499096875,0.4899357421875,0.4998966796875,0.4996388671875,0.492496875,0.49868671875,0.4999763671875,0.4994513671875,0.480496875,0.49628046875,0.49628046875,0.4994919921875,0.4993875,0.49971796875,0.499846875,0.4996875,0.4963341796875,0.49924921875,0.4924201171875,0.49914921875,0.4973263671875,0.4999435546875,0.49951171875,0.4992248046875,0.49171171875,0.4995310546875,0.4996044921875,0.4954279296875,0.4922654296875,0.4971875,0.48074296875,0.49649296875,0.4998779296875,0.4997873046875,0.4880841796875,0.49709296875,0.4998123046875,0.4999560546875,0.498621875,0.49996171875,0.4971875,0.49971796875,0.4999435546875,0.4937419921875,0.4981623046875,0.4999998046875,0.4985888671875,0.4995310546875,0.4876951171875,0.49138671875,0.4911388671875,0.4893966796875,0.49999921875,0.49812421875,0.4989591796875,0.497371875,0.4989013671875,0.494221875,0.498871875,0.4977638671875,0.49999296875,0.4999841796875,0.4982373046875,0.49951171875,0.49855546875,0.499846875,0.49324296875,0.4999951171875,0.498346875,0.4999138671875,0.4985888671875,0.499096875,0.4976794921875,0.4997326171875,0.49990546875,0.49934296875,0.4996875,0.4994091796875,0.4999982421875,0.4995310546875,0.49868671875,0.49755,0.4992248046875,0.4987185546875,0.4998576171875,0.498346875,0.4968498046875,0.4972341796875,0.49875,0.496996875,0.49998046875,0.4999875,0.499471875,0.4999904296875,0.48779296875,0.4954279296875,0.48966796875,0.4968,0.49958671875,0.4995310546875,0.4930232421875,0.49996171875,0.4998576171875,0.4994513671875,0.4992,0.4999669921875,0.49709296875,0.49943046875,0.4958935546875,0.4998357421875,0.498046875,0.499746875,0.4909716796875,0.499746875,0.4992248046875,0.49796796875,0.49649296875,0.49998046875,0.4917919921875,0.4972341796875,0.49999921875,0.4998576171875,0.49353046875,0.4984875,0.497371875,0.499996875,0.4974169921875,0.4998576171875,0.4996044921875,0.49709296875,0.4988419921875,0.499846875,0.49965546875,0.4984529296875,0.4985888671875,0.49796796875,0.499621875,0.49536796875,0.49881171875,0.4994091796875,0.4987185546875,0.4990701171875,0.4993654296875,0.494221875,0.4996388671875,0.4986544921875,0.4991748046875,0.49996171875,0.498346875,0.4941544921875,0.499921875,0.49595,0.4937419921875,0.49855546875,0.4960060546875,0.4978875,0.4999951171875,0.4992248046875,0.49796796875,0.4978875,0.497371875,0.49649296875,0.4998966796875,0.4999841796875,0.499921875,0.4975935546875,0.4996716796875,0.4960060546875,0.4996716796875,0.4953076171875,0.49914921875,0.4990701171875,0.4989875,0.4991748046875,0.495721875,0.4998779296875,0.4998576171875,0.49780546875,0.4962263671875,0.4977638671875,0.499296875,0.49995,0.4998966796875,0.49996171875,0.49998046875,0.4997326171875,0.4999669921875,0.4999875,0.4997029296875,0.496171875,0.4967498046875,0.49998046875,0.49875,0.48739921875,0.4984875,0.4990154296875,0.4993654296875,0.4991748046875,0.4985888671875,0.499621875,0.49904296875,0.49728046875,0.49934296875,0.4999669921875,0.49990546875,0.4999875,0.4994919921875,0.49971796875,0.4998123046875,0.49996171875,0.4921875,0.4998875,0.4964404296875,0.4998,0.4999904296875,0.4999669921875,0.49893046875,0.4921091796875,0.4977638671875,0.4897576171875,0.4949373046875,0.499971875,0.498046875,0.49971796875,0.4990154296875,0.4985888671875,0.4963875,0.4999998046875,0.4927248046875,0.49990546875,0.4999669921875,0.4991748046875,0.49986796875,0.4996044921875,0.49536796875,0.49998046875,0.4991232421875,0.49993671875,0.499096875,0.4999951171875,0.4999669921875,0.496596875,0.49324296875,0.497721875,0.49958671875,0.49709296875,0.49986796875,0.4998875,0.496596875,0.4997607421875,0.4996044921875,0.49234296875,0.4993875,0.487596875,0.4982,0.498871875,0.4995685546875,0.49796796875,0.49986796875,0.49875,0.4997873046875,0.4899357421875,0.4996875,0.49512421875,0.4991748046875,0.499971875,0.4985888671875,0.48856171875,0.4996716796875,0.4980076171875,0.49746171875,0.4956638671875,0.4942888671875,0.4994919921875,0.4979279296875,0.4954875,0.4941544921875,0.4986544921875,0.4962263671875,0.4980076171875,0.4974169921875,0.4980076171875,0.499471875,0.4998966796875,0.4978875,0.499746875,0.4938810546875,0.4999669921875,0.4998,0.4992,0.4958935546875,0.47974921875,0.49855546875,0.4998875,0.49943046875,0.4999982421875,0.4999294921875,0.4997029296875,0.49595,0.4957794921875,0.49408671875,0.49234296875,0.4972341796875,0.49924921875,0.49971796875,0.4993654296875,0.49971796875,0.4936013671875,0.4892138671875,0.4899357421875,0.4997029296875,0.4998,0.49381171875,0.4957794921875,0.4996716796875,0.4996875,0.499971875,0.49435546875,0.499471875,0.4999763671875,0.4997873046875,0.4998357421875,0.4998,0.4999841796875,0.49893046875,0.4980857421875,0.4974169921875,0.4981623046875,0.497371875,0.4998966796875,0.49763671875,0.4987185546875,0.4880841796875,0.4894875,0.4967498046875,0.49982421875,0.49780546875,0.49999921875,0.4934591796875,0.49512421875,0.49728046875,0.4999294921875,0.4984529296875,0.4989013671875,0.499296875,0.4940185546875,0.4994513671875,0.4998966796875,0.49841796875,0.4987185546875,0.4979279296875,0.5,0.4962263671875,0.49512421875,0.4998,0.4999560546875,0.4997873046875,0.4933875,0.499096875,0.4994513671875,0.4991232421875,0.49965546875,0.49234296875,0.4994919921875,0.4997029296875,0.4914685546875,0.49999296875,0.49996171875,0.48818046875,0.49408671875,0.4921091796875,0.49780546875,0.4999951171875,0.49965546875,0.49628046875,0.4979279296875,0.4998875,0.4999138671875,0.4995685546875,0.49951171875,0.49993671875,0.49728046875,0.49999921875,0.4913044921875,0.4977638671875,0.4968,0.49934296875,0.4990701171875,0.49986796875,0.499921875,0.49986796875,0.4971404296875,0.49904296875,0.4989591796875,0.499846875,0.499096875,0.492496875,0.4973263671875,0.49996171875,0.49812421875,0.4989591796875,0.4993654296875,0.4979279296875,0.49875,0.493096875,0.49998046875,0.4999998046875,0.49628046875,0.493096875,0.49971796875,0.4983107421875,0.496996875,0.4941544921875,0.49435546875,0.4979279296875,0.49904296875,0.49971796875,0.499471875,0.4999435546875,0.4995685546875,0.497371875,0.4998357421875,0.49986796875,0.49990546875,0.4999138671875,0.4983107421875,0.4780810546875,0.49746171875,0.4999904296875,0.4886560546875,0.49461796875,0.49971796875,0.49875,0.4999294921875,0.49958671875,0.4999138671875,0.49996171875,0.4988419921875,0.4998875,0.4986544921875,0.4993201171875,0.4944875,0.4879875,0.4999875,0.4972341796875,0.4879875,0.498046875,0.49171171875,0.499621875,0.49746171875,0.49689921875,0.4928748046875,0.49875,0.499296875,0.499921875,0.498621875,0.4647216796875,0.4996716796875,0.49971796875,0.4989013671875,0.499746875,0.498871875,0.4997873046875,0.49955,0.4997029296875,0.499296875,0.4978875,0.4962263671875,0.49827421875,0.4999982421875,0.4999669921875,0.49904296875,0.49893046875,0.48875,0.4998576171875,0.4998875,0.49855546875,0.4998576171875,0.49990546875,0.4994091796875,0.4996875,0.4985216796875,0.499921875,0.4992248046875,0.4997607421875,0.49812421875,0.4997873046875,0.499621875,0.4998357421875,0.49998046875,0.4994513671875,0.4999294921875,0.4901123046875,0.49855546875,0.4996716796875,0.4984875,0.4985216796875,0.499746875,0.4999951171875,0.49924921875,0.4982373046875,0.49999296875,0.4999560546875,0.4954279296875,0.4980076171875,0.49875,0.4994513671875,0.499096875,0.4999904296875,0.49560546875,0.494746875,0.49881171875,0.497371875,0.4950623046875,0.4981623046875,0.499746875,0.4999982421875,0.4966482421875,0.489121875,0.49995,0.496596875,0.4999669921875,0.4998123046875,0.4997029296875,0.4999669921875,0.495246875,0.498346875,0.4996044921875,0.49595,0.4997873046875,0.49324296875,0.49977421875,0.489121875,0.49595,0.4999982421875,0.4999560546875,0.4983826171875,0.4956638671875,0.49904296875,0.4999294921875,0.495,0.4999875,0.49709296875,0.4997873046875,0.4986544921875,0.4999435546875,0.4996044921875,0.4996388671875,0.4971404296875,0.4999560546875,0.4991232421875,0.4997029296875,0.4956638671875,0.4995685546875,0.4983107421875,0.49755,0.49924921875,0.49993671875,0.49746171875,0.4872998046875,0.4998357421875,0.4993201171875,0.4989591796875,0.4963341796875,0.4985888671875,0.49995,0.480496875,0.4999763671875,0.4999294921875,0.4980076171875,0.4937419921875,0.498346875,0.4996875,0.4999904296875,0.49993671875,0.4832326171875,0.4991748046875,0.4966482421875,0.4999998046875,0.4872998046875,0.49993671875,0.4991232421875,0.49995,0.4990701171875,0.49294921875,0.499921875,0.4995310546875,0.4987810546875,0.4999435546875,0.499971875,0.494746875,0.49986796875,0.48875,0.4981623046875,0.4975060546875,0.4997326171875,0.4988419921875,0.4999904296875,0.49996171875,0.49943046875,0.49934296875,0.49951171875,0.4986544921875,0.4998779296875,0.499971875,0.497371875,0.4980076171875,0.4994919921875,0.498046875,0.4997873046875,0.49943046875,0.496171875,0.4997607421875,0.498346875,0.4964404296875,0.4998123046875,0.49993671875,0.499971875,0.4991232421875,0.4981623046875,0.49841796875,0.4991748046875,0.498046875,0.4968498046875
0.4996716796875,0.49536796875,0.4995310546875,0.49461796875,0.4860763671875,0.499996875,0.4995310546875,0.4993654296875,0.49990546875,0.49999921875,0.496996875,0.4972341796875,0.49435546875,0.499096875,0.499971875,0.495,0.495,0.49408671875,0.4983107421875,0.4998123046875,0.49943046875,0.4963341796875,0.49171171875,0.4999904296875,0.49914921875,0.4770216796875,0.4989875,0.4996875,0.49951171875,0.4948107421875,0.499621875,0.4999138671875,0.49606171875,0.49977421875,0.4980076171875,0.4999669921875,0.49999921875,0.499746875,0.4975935546875,0.4990701171875,0.499296875,0.4890294921875,0.4953076171875,0.49595,0.499921875,0.4938810546875,0.4999138671875,0.4996044921875,0.4996716796875,0.497721875,0.4998576171875,0.4999875,0.4990701171875,0.498871875,0.4998576171875,0.49934296875,0.4990154296875,0.4963875,0.49934296875,0.4999841796875,0.49998046875,0.4996044921875,0.49435546875,0.496171875,0.4980857421875,0.49998046875,0.4994513671875,0.4989591796875,0.492496875,0.499746875,0.49998046875,0.49728046875,0.492496875,0.4999982421875,0.4971875,0.49728046875,0.4991232421875,0.49893046875,0.4927248046875,0.49995,0.4998875,0.4999998046875,0.49934296875,0.4978466796875,0.4974169921875,0.49943046875,0.4998779296875,0.4999841796875,0.4995310546875,0.4927248046875,0.499471875,0.496996875,0.499746875,0.4980076171875,0.4983826171875,0.4987810546875,0.49996171875,0.49709296875,0.4954875,0.4955466796875,0.49512421875,0.4997607421875,0.49689921875,0.4998576171875,0.49868671875,0.49324296875,0.497371875,0.4998,0.4991748046875,0.49353046875,0.4933154296875,0.499996875,0.49381171875,0.49796796875,0.4991748046875,0.4999875,0.4993654296875,0.49999296875,0.4985216796875,0.49353046875,0.4997029296875,0.4998,0.4971875,0.4999951171875,0.495,0.4995685546875,0.4999560546875,0.49904296875,0.49595,0.499296875,0.4961169921875,0.4992732421875,0.4941544921875,0.4964404296875,0.4919513671875,0.4991748046875,0.4997326171875,0.4998779296875,0.49875,0.4965451171875,0.49841796875,0.49958671875,0.49996171875,0.4998966796875,0.4953076171875,0.49999296875,0.496996875,0.49875,0.49990546875,0.49996171875,0.4999982421875,0.4958935546875,0.49595,0.4995310546875,0.4964404296875,0.4994919921875,0.4999951171875,0.49595,0.4966482421875,0.4919513671875,0.4997029296875,0.4997326171875,0.499996875,0.4945529296875,0.49999921875,0.499996875,0.499296875,0.4998,0.4994513671875,0.4991748046875,0.49993671875,0.49324296875,0.4999875,0.498346875,0.4999138671875,0.4995685546875,0.4998123046875,0.4994919921875,0.4993201171875,0.49002421875,0.49943046875,0.4989875,0.4992,0.4994513671875,0.49999296875,0.499921875,0.4953076171875,0.4934591796875,0.4990154296875,0.49982421875,0.49512421875,0.4981623046875,0.4991748046875,0.4992,0.49763671875,0.49649296875,0.49841796875,0.498346875,0.496596875,0.49914921875,0.49998046875,0.4979279296875,0.49986796875,0.4997326171875,0.4998966796875,0.4998966796875,0.4979279296875,0.4966482421875,0.49875,0.4965451171875,0.49728046875,0.4864904296875,0.4922654296875,0.494221875,0.49689921875,0.4993201171875,0.4928,0.49982421875,0.4997873046875,0.4996044921875,0.499621875,0.4998875,0.4992248046875,0.49999921875,0.4998875,0.4999560546875,0.4993875,0.497371875,0.4977638671875,0.4992732421875,0.4984529296875,0.4999560546875,0.4908029296875,0.49353046875,0.4999669921875,0.4899357421875,0.4999951171875,0.49071796875,0.4987810546875,0.488371875,0.4989013671875,0.4981623046875,0.48893671875,0.4954875,0.4999763671875,0.4930232421875,0.49958671875,0.49868671875,0.49934296875,0.49628046875,0.49606171875,0.49955,0.4969482421875,0.492496875,0.4985216796875,0.49512421875,0.4984875,0.493096875,0.4987810546875,0.4828875,0.49924921875,0.4991748046875,0.4975060546875,0.4999138671875,0.499971875,0.4995310546875,0.49996171875,0.4981623046875,0.4998966796875,0.49203046875,0.4999998046875,0.49982421875,0.49986796875,0.48966796875,0.4994091796875,0.4892138671875,0.4999435546875,0.4994513671875,0.4786013671875,0.499846875,0.499471875,0.49155,0.4997029296875,0.49990546875,0.4999982421875,0.4958935546875,0.4985216796875,0.4993875,0.4972341796875,0.49934296875,0.4980076171875,0.4999138671875,0.4989875,0.4996716796875,0.49943046875,0.499971875,0.49955,0.499621875,0.49855546875,0.4897576171875,0.49982421875,0.4999138671875,0.498346875,0.49914921875,0.4994919921875,0.4998779296875,0.4994513671875,0.4968,0.49435546875,0.49993671875,0.49435546875,0.4999560546875,0.4997873046875,0.4975935546875,0.4964404296875,0.4980857421875,0.4998875,0.4872998046875,0.4982,0.4995310546875,0.4999982421875,0.4968498046875,0.4992732421875,0.4892138671875,0.4998357421875,0.4921875,0.49381171875,0.49999921875,0.49669921875,0.499921875,0.4960060546875,0.4992248046875,0.4968498046875,0.49924921875,0.4998875,0.499096875,0.4990154296875,0.49827421875,0.49999296875,0.4897576171875,0.4968,0.4993201171875,0.499921875,0.4996716796875,0.499921875,0.499846875,0.4976794921875,0.49812421875,0.4994919921875,0.4999560546875,0.499096875,0.4998,0.4992248046875,0.4996875,0.4958935546875,0.4971404296875,0.4984529296875,0.4878904296875,0.49990546875,0.4928,0.4999951171875,0.49868671875,0.4927248046875,0.497371875,0.49746171875,0.49982421875,0.4995310546875,0.4963875,0.4954875,0.49993671875,0.499971875,0.4999904296875,0.49904296875,0.49669921875,0.4964404296875,0.4919513671875,0.498871875,0.49071796875,0.4998123046875,0.499846875,0.491221875,0.4999294921875,0.4999951171875,0.4995685546875,0.479496875,0.4960060546875,0.4954875,0.4999841796875,0.499621875,0.49958671875,0.49934296875,0.49958671875,0.4946826171875,0.49934296875,0.4921091796875,0.4987810546875,0.497371875,0.49999296875,0.4992,0.49977421875,0.4934591796875,0.499746875,0.4990701171875,0.4968,0.4922654296875,0.4986544921875,0.4806201171875,0.4963875,0.49955,0.49986796875,0.4913044921875,0.4990154296875,0.49996171875,0.4999841796875,0.4994919921875,0.49996171875,0.494746875,0.49924921875,0.49971796875,0.4909716796875,0.4967498046875,0.499921875,0.498621875,0.4987810546875,0.4870998046875,0.49395,0.4911388671875,0.4876951171875,0.4999435546875,0.49755,0.4989013671875,0.4980857421875,0.49914921875,0.49408671875,0.4978875,0.498046875,0.499996875,0.4996044921875,0.496596875,0.4997873046875,0.4994919921875,0.4989875,0.4937419921875,0.4992,0.49924921875,0.4997873046875,0.49649296875,0.49881171875,0.4987185546875,0.499296875,0.4998576171875,0.4994513671875,0.4999560546875,0.49904296875,0.4999560546875,0.4999138671875,0.4997326171875,0.4995310546875,0.4982,0.4987810546875,0.499971875,0.49965546875,0.49689921875,0.496596875,0.499096875,0.4958935546875,0.49977421875,0.4998357421875,0.4997873046875,0.499996875,0.4878904296875,0.4960060546875,0.4902,0.496596875,0.4977638671875,0.4986544921875,0.4953076171875,0.4999841796875,0.499971875,0.4996716796875,0.49904296875,0.4998779296875,0.49628046875,0.49951171875,0.49755,0.4998357421875,0.4972341796875,0.49999296875,0.487596875,0.499971875,0.4992,0.497371875,0.4967498046875,0.4999904296875,0.491221875,0.49796796875,0.499971875,0.4999138671875,0.49002421875,0.498871875,0.4985888671875,0.49971796875,0.4963875,0.4998357421875,0.4998875,0.49669921875,0.4992,0.49999296875,0.49998046875,0.495246875,0.49986796875,0.49461796875,0.49893046875,0.4933154296875,0.4974169921875,0.4995310546875,0.4984875,0.4987185546875,0.4999841796875,0.49512421875,0.49958671875,0.4982,0.4987185546875,0.4996388671875,0.4984529296875,0.4938810546875,0.499846875,0.4954279296875,0.493671875,0.498346875,0.4975060546875,0.49796796875,0.4998,0.4991232421875,0.4970451171875,0.49628046875,0.49669921875,0.4975060546875,0.4999841796875,0.4998966796875,0.49995,0.4982,0.49881171875,0.49755,0.4996388671875,0.4940185546875,0.4987185546875,0.4994919921875,0.4989013671875,0.4994919921875,0.496171875,0.49951171875,0.49982421875,0.4966482421875,0.495246875,0.4978466796875,0.4997873046875,0.4990154296875,0.49999296875,0.49998046875,0.4999435546875,0.4997029296875,0.4997326171875,0.4999138671875,0.49943046875,0.49435546875,0.49669921875,0.4999763671875,0.496171875,0.4908875,0.4977638671875,0.4999138671875,0.49982421875,0.499971875,0.49746171875,0.4996388671875,0.4980857421875,0.4965451171875,0.4998357421875,0.49955,0.4998875,0.4995685546875,0.49996171875,0.4999138671875,0.4997326171875,0.5,0.4847966796875,0.49982421875,0.496596875,0.49993671875,0.499746875,0.5,0.4987810546875,0.4921875,0.4988419921875,0.4892138671875,0.4954279296875,0.4999998046875,0.4984875,0.4999435546875,0.4975935546875,0.4990154296875,0.49606171875,0.49993671875,0.494221875,0.49924921875,0.4997873046875,0.4992732421875,0.4997326171875,0.4998966796875,0.4964404296875,0.4999904296875,0.4993201171875,0.4999435546875,0.49982421875,0.4994513671875,0.4985216796875,0.4971404296875,0.49353046875,0.49536796875,0.4997607421875,0.4971404296875,0.4999982421875,0.4993875,0.49536796875,0.49990546875,0.4993201171875,0.4892138671875,0.4996388671875,0.48659296875,0.4982,0.4997029296875,0.4989013671875,0.49669921875,0.49971796875,0.4992732421875,0.49995,0.4921091796875,0.499846875,0.4956638671875,0.4995685546875,0.499996875,0.49746171875,0.48818046875,0.49999921875,0.4989875,0.4965451171875,0.4949373046875,0.4970451171875,0.4999763671875,0.49893046875,0.49395,0.4985888671875,0.49841796875,0.4954875,0.4992732421875,0.49689921875,0.49669921875,0.4991232421875,0.4998123046875,0.4998123046875,0.49986796875,0.4946826171875,0.4997326171875,0.49934296875,0.4985888671875,0.49763671875,0.474121875,0.497721875,0.49965546875,0.49977421875,0.4998966796875,0.4999951171875,0.4989591796875,0.49595,0.4975935546875,0.4969482421875,0.4927248046875,0.4985216796875,0.4994513671875,0.4995685546875,0.49951171875,0.49914921875,0.4938810546875,0.4876951171875,0.4901123046875,0.4997607421875,0.499921875,0.49536796875,0.49881171875,0.4998123046875,0.4996875,0.4997873046875,0.4937419921875,0.4984875,0.49998046875,0.4998357421875,0.499746875,0.4997326171875,0.4996388671875,0.49990546875,0.4988419921875,0.4966482421875,0.4991748046875,0.4949373046875,0.4998779296875,0.49924921875,0.49999921875,0.49071796875,0.4908875,0.4966482421875,0.49999296875,0.4985216796875,0.4999904296875,0.49435546875,0.4963341796875,0.4964404296875,0.4997326171875,0.49881171875,0.49971796875,0.4982,0.49071796875,0.4985216796875,0.4997873046875,0.49934296875,0.4995685546875,0.49780546875,0.4997873046875,0.4962263671875,0.493671875,0.49924921875,0.499846875,0.4996875,0.4924201171875,0.499296875,0.4989013671875,0.497721875,0.4989591796875,0.4930232421875,0.4983826171875,0.4998576171875,0.4895779296875,0.49996171875,0.4998,0.4872998046875,0.495246875,0.4942888671875,0.4986544921875,0.4996875,0.49996171875,0.495,0.4984875,0.499746875,0.49995,0.49999921875,0.499921875,0.49986796875,0.495246875,0.4997607421875,0.4906326171875,0.4984875,0.4965451171875,0.4999951171875,0.49951171875,0.4997326171875,0.4999669921875,0.4999294921875,0.4978466796875,0.4998123046875,0.497371875,0.4998966796875,0.4998779296875,0.4940185546875,0.4973263671875,0.4999998046875,0.49606171875,0.4989013671875,0.4994091796875,0.49536796875,0.4982373046875,0.4949373046875,0.4999875,0.49958671875,0.4977638671875,0.49487421875,0.4999763671875,0.4983826171875,0.4964404296875,0.4957794921875,0.49381171875,0.49875,0.4979279296875,0.49998046875,0.49904296875,0.4998966796875,0.49914921875,0.4976794921875,0.4992,0.499471875,0.4998966796875,0.4998576171875,0.49583671875,0.4813513671875,0.49796796875,0.4996875,0.4882763671875,0.49583671875,0.4997873046875,0.4994919921875,0.498046875,0.4990154296875,0.49993671875,0.4999875,0.49875,0.4999998046875,0.49934296875,0.49924921875,0.496596875,0.4931701171875,0.4998357421875,0.49512421875,0.4916310546875,0.49763671875,0.4899357421875,0.4991748046875,0.49689921875,0.4967498046875,0.4937419921875,0.4990154296875,0.49904296875,0.4999875,0.4988419921875,0.4689060546875,0.49993671875,0.49996171875,0.49904296875,0.49993671875,0.4985216796875,0.4999841796875,0.499471875,0.49971796875,0.4999951171875,0.4982,0.495721875,0.49796796875,0.4999763671875,0.4998,0.4990154296875,0.4994513671875,0.493096875,0.49955,0.4993201171875,0.49875,0.4998875,0.49990546875,0.49855546875,0.4999294921875,0.49841796875,0.49934296875,0.499971875,0.4999294921875,0.49841796875,0.499921875,0.4991748046875,0.49934296875,0.4999138671875,0.4987810546875,0.49995,0.4906326171875,0.49893046875,0.499746875,0.495721875,0.49669921875,0.4998576171875,0.499996875,0.4992,0.49560546875,0.4999435546875,0.4998966796875,0.4946826171875,0.49875,0.4982373046875,0.49893046875,0.499296875,0.4999982421875,0.4980076171875,0.4954279296875,0.498346875,0.4973263671875,0.4954279296875,0.4955466796875,0.4998875,0.4999435546875,0.4971404296875,0.4908029296875,0.499846875,0.495246875,0.49996171875,0.49998046875,0.4977638671875,0.4991232421875,0.4975935546875,0.4989875,0.4991748046875,0.4957794921875,0.4999904296875,0.4917919921875,0.4990701171875,0.4893966796875,0.4963875,0.4999763671875,0.4999435546875,0.4987185546875,0.4983107421875,0.499921875,0.49996171875,0.4925732421875,0.4999435546875,0.497371875,0.4999998046875,0.4978466796875,0.49986796875,0.49982421875,0.4995685546875,0.49841796875,0.4998966796875,0.4977638671875,0.4998779296875,0.49780546875,0.49841796875,0.4983107421875,0.4980076171875,0.4980857421875,0.499746875,0.498046875,0.48966796875,0.498871875,0.4993654296875,0.49999296875,0.496171875,0.4965451171875,0.49982421875,0.4788591796875,0.49924921875,0.4999875,0.49763671875,0.4960060546875,0.49796796875,0.49999921875,0.49998046875,0.5,0.4878904296875,0.4986544921875,0.49606171875,0.4999904296875,0.489846875,0.49955,0.4977638671875,0.49999921875,0.498871875,0.493096875,0.4999138671875,0.4992248046875,0.4969482421875,0.4999763671875,0.499971875,0.497371875,0.49934296875,0.49324296875,0.4992248046875,0.49746171875,0.499296875,0.4992,0.4999560546875,0.49996171875,0.49943046875,0.4993875,0.4987185546875,0.4997607421875,0.49990546875,0.49951171875,0.49841796875,0.49875,0.4975060546875,0.4980857421875,0.49977421875,0.4997873046875,0.4971875,0.4992,0.4998779296875,0.4977638671875,0.49999296875,0.4999560546875,0.49914921875,0.4997607421875,0.4983826171875,0.4993654296875,0.49914921875,0.4993654296875,0.49934296875
0.499096875,0.49512421875,0.49951171875,0.49512421875,0.49138671875,0.4999560546875,0.4997029296875,0.4999294921875,0.49951171875,0.49943046875,0.49669921875,0.4961169921875,0.49294921875,0.4996044921875,0.49977421875,0.4971404296875,0.4978875,0.49105546875,0.49649296875,0.4999875,0.4994091796875,0.4940185546875,0.48875,0.49965546875,0.4995310546875,0.4796232421875,0.49982421875,0.49990546875,0.4992732421875,0.4940185546875,0.4992,0.4999138671875,0.495,0.498871875,0.4978466796875,0.49996171875,0.499996875,0.4996875,0.49669921875,0.496996875,0.49999296875,0.48659296875,0.49487421875,0.4973263671875,0.499621875,0.4892138671875,0.4999875,0.4990154296875,0.4991232421875,0.4981623046875,0.4999669921875,0.4999669921875,0.499296875,0.4993875,0.4999841796875,0.49943046875,0.4989013671875,0.49628046875,0.4994919921875,0.4999763671875,0.4998966796875,0.49965546875,0.4967498046875,0.49689921875,0.49689921875,0.4998875,0.4989875,0.497721875,0.4930232421875,0.49971796875,0.499921875,0.49924921875,0.4937419921875,0.4997326171875,0.4980076171875,0.495,0.4975935546875,0.49914921875,0.49203046875,0.499996875,0.4991748046875,0.49999296875,0.4995310546875,0.4984875,0.4975935546875,0.4993875,0.499971875,0.4999763671875,0.4998576171875,0.495,0.4997326171875,0.49649296875,0.49982421875,0.4974169921875,0.49812421875,0.4971875,0.499971875,0.4992248046875,0.4928,0.49728046875,0.4971875,0.4999982421875,0.497721875,0.4995310546875,0.49955,0.493671875,0.4986544921875,0.49998046875,0.4993654296875,0.4924201171875,0.4954875,0.4999982421875,0.4930232421875,0.4989013671875,0.49977421875,0.4999669921875,0.49955,0.49996171875,0.4961169921875,0.49171171875,0.4999763671875,0.498621875,0.4974169921875,0.4997873046875,0.4937419921875,0.49904296875,0.4998875,0.499471875,0.4955466796875,0.499621875,0.4975935546875,0.4996716796875,0.4928748046875,0.4937419921875,0.4902873046875,0.4998576171875,0.4992732421875,0.4998875,0.49934296875,0.4958935546875,0.4972341796875,0.4994919921875,0.49996171875,0.4995685546875,0.495,0.499921875,0.4954875,0.4991232421875,0.4997607421875,0.4999294921875,0.499746875,0.4978466796875,0.4948107421875,0.4998357421875,0.49669921875,0.4997607421875,0.4995685546875,0.498046875,0.49536796875,0.49487421875,0.499921875,0.4999294921875,0.4989875,0.4925732421875,0.4999138671875,0.4998779296875,0.4989591796875,0.49951171875,0.4999435546875,0.4984529296875,0.499746875,0.493671875,0.49996171875,0.4996044921875,0.4996716796875,0.4995685546875,0.4979279296875,0.49841796875,0.499621875,0.49264921875,0.4997029296875,0.4990154296875,0.4991748046875,0.4993201171875,0.4998875,0.499471875,0.4983107421875,0.4955466796875,0.4998,0.4998123046875,0.49461796875,0.4991232421875,0.499746875,0.4989875,0.4984875,0.4951857421875,0.4989013671875,0.4984875,0.4960060546875,0.49914921875,0.49998046875,0.495721875,0.4993875,0.4999138671875,0.4995685546875,0.4999294921875,0.4955466796875,0.4993201171875,0.4991748046875,0.4967498046875,0.4981623046875,0.4872,0.4908875,0.4931701171875,0.49628046875,0.49934296875,0.494746875,0.4992248046875,0.4999904296875,0.49965546875,0.49958671875,0.49999921875,0.49951171875,0.49977421875,0.4995685546875,0.499746875,0.4990154296875,0.4990701171875,0.4972341796875,0.4997029296875,0.4980076171875,0.499971875,0.4931701171875,0.4936013671875,0.4999904296875,0.4901123046875,0.4999669921875,0.4904607421875,0.4980076171875,0.4880841796875,0.49881171875,0.4978875,0.48265546875,0.4946826171875,0.4995685546875,0.4922654296875,0.49995,0.498871875,0.4982373046875,0.49395,0.4965451171875,0.4996388671875,0.4977638671875,0.4884669921875,0.4989875,0.4921091796875,0.4998,0.493671875,0.498871875,0.48265546875,0.498621875,0.499096875,0.49868671875,0.4999294921875,0.49986796875,0.4991748046875,0.4998875,0.4980857421875,0.4999951171875,0.49381171875,0.4999763671875,0.4998,0.49999921875,0.493096875,0.4988419921875,0.4862841796875,0.4999138671875,0.4999841796875,0.4827716796875,0.49958671875,0.49965546875,0.49234296875,0.49965546875,0.499296875,0.499971875,0.496596875,0.49689921875,0.49977421875,0.49408671875,0.499621875,0.4985888671875,0.49995,0.49977421875,0.499971875,0.4986544921875,0.4996388671875,0.4988419921875,0.4999875,0.4992732421875,0.48966796875,0.4999669921875,0.49971796875,0.49868671875,0.4985216796875,0.4993201171875,0.499096875,0.4977638671875,0.49796796875,0.4922654296875,0.4998123046875,0.4921875,0.4998875,0.4999951171875,0.49649296875,0.497721875,0.4994513671875,0.4989875,0.4854435546875,0.4987810546875,0.4996716796875,0.4998576171875,0.49583671875,0.4989591796875,0.4925732421875,0.4996716796875,0.4957794921875,0.4971404296875,0.4998357421875,0.4978466796875,0.4990701171875,0.4969482421875,0.499921875,0.49875,0.49982421875,0.499746875,0.4990154296875,0.4997326171875,0.49841796875,0.4997029296875,0.4899357421875,0.4988419921875,0.49875,0.4992,0.49904296875,0.49998046875,0.49943046875,0.4969482421875,0.4974169921875,0.49881171875,0.49971796875,0.4999560546875,0.49998046875,0.4995310546875,0.4996875,0.49709296875,0.4984875,0.49881171875,0.491871875,0.49955,0.4931701171875,0.49993671875,0.4985216796875,0.493096875,0.4982,0.49728046875,0.49999921875,0.498046875,0.49763671875,0.49487421875,0.49995,0.49996171875,0.49996171875,0.49904296875,0.49512421875,0.4980857421875,0.4937419921875,0.49893046875,0.4931701171875,0.4998123046875,0.4999294921875,0.4906326171875,0.4999904296875,0.4999138671875,0.49924921875,0.47821171875,0.49395,0.4950623046875,0.4998576171875,0.49955,0.49990546875,0.4993875,0.499846875,0.49560546875,0.4990154296875,0.49037421875,0.49881171875,0.49780546875,0.499846875,0.4982,0.498621875,0.49583671875,0.4999875,0.4989013671875,0.493671875,0.4928,0.4989591796875,0.48171171875,0.49649296875,0.4997326171875,0.4999138671875,0.490546875,0.49780546875,0.4999560546875,0.4999294921875,0.4998875,0.4998,0.49512421875,0.49855546875,0.49951171875,0.49324296875,0.4967498046875,0.4999763671875,0.4975935546875,0.4949373046875,0.48875,0.4956638671875,0.48893671875,0.4893966796875,0.49971796875,0.49728046875,0.4980076171875,0.4991748046875,0.4993654296875,0.49595,0.4971404296875,0.4984529296875,0.499996875,0.4999763671875,0.4938810546875,0.4997873046875,0.4993875,0.4999841796875,0.4965451171875,0.49982421875,0.4971404296875,0.499746875,0.49855546875,0.49763671875,0.499096875,0.4993654296875,0.4997029296875,0.4993875,0.49995,0.49934296875,0.49999296875,0.4999294921875,0.49971796875,0.4999138671875,0.49780546875,0.4995310546875,0.4997873046875,0.49943046875,0.4960060546875,0.4960060546875,0.49746171875,0.4970451171875,0.499996875,0.4998779296875,0.4995310546875,0.4999435546875,0.4876951171875,0.496996875,0.4913044921875,0.49536796875,0.497371875,0.49689921875,0.4978875,0.4999669921875,0.4998,0.49965546875,0.49904296875,0.4995685546875,0.4927248046875,0.49827421875,0.4956638671875,0.4999138671875,0.4963341796875,0.4994091796875,0.48779296875,0.49999296875,0.499471875,0.4954279296875,0.4963875,0.4998576171875,0.4917919921875,0.4987810546875,0.49999921875,0.4999763671875,0.4890294921875,0.4987810546875,0.497721875,0.4996875,0.49669921875,0.4992,0.499996875,0.49881171875,0.498871875,0.4999951171875,0.4993875,0.4966482421875,0.4989013671875,0.4958935546875,0.4990154296875,0.49536796875,0.49689921875,0.4996388671875,0.4990701171875,0.497371875,0.49943046875,0.4968,0.4995310546875,0.498346875,0.4996388671875,0.4998357421875,0.49755,0.49583671875,0.49955,0.495,0.496171875,0.4987810546875,0.4954875,0.49796796875,0.4996044921875,0.4990701171875,0.4983107421875,0.49595,0.4984529296875,0.49746171875,0.4997326171875,0.49993671875,0.4999951171875,0.496996875,0.4999560546875,0.494746875,0.4987185546875,0.494746875,0.49827421875,0.499746875,0.49971796875,0.4994513671875,0.4976794921875,0.4995310546875,0.49951171875,0.498621875,0.4974169921875,0.49606171875,0.499971875,0.4994513671875,0.4999951171875,0.49982421875,0.4999951171875,0.49990546875,0.4993654296875,0.499296875,0.4986544921875,0.4965451171875,0.4961169921875,0.4998576171875,0.4974169921875,0.4886560546875,0.4998966796875,0.499921875,0.49943046875,0.4999294921875,0.49595,0.49796796875,0.4983107421875,0.4958935546875,0.4999841796875,0.4999435546875,0.4992732421875,0.499846875,0.4997029296875,0.4999875,0.499746875,0.49996171875,0.4897576171875,0.4990154296875,0.4983107421875,0.499846875,0.4999841796875,0.4999982421875,0.499296875,0.49583671875,0.49868671875,0.488371875,0.4961169921875,0.4998,0.49893046875,0.4999998046875,0.4984529296875,0.4974169921875,0.4994513671875,0.499996875,0.4963341796875,0.49993671875,0.4997029296875,0.4998875,0.49965546875,0.4998357421875,0.4950623046875,0.49998046875,0.49990546875,0.4996388671875,0.49996171875,0.49977421875,0.49755,0.49855546875,0.4949373046875,0.4951857421875,0.49965546875,0.49841796875,0.4993875,0.4997607421875,0.4913044921875,0.4999138671875,0.4989013671875,0.4904607421875,0.49977421875,0.49264921875,0.49841796875,0.49998046875,0.4999560546875,0.4978466796875,0.49999296875,0.4993654296875,0.4997607421875,0.49763671875,0.499296875,0.4965451171875,0.49982421875,0.49971796875,0.49669921875,0.4897576171875,0.49958671875,0.4963341796875,0.497371875,0.4933875,0.4971404296875,0.4997326171875,0.4984529296875,0.4954279296875,0.4992,0.4997029296875,0.4972341796875,0.4994091796875,0.4970451171875,0.49881171875,0.4970451171875,0.499996875,0.4999904296875,0.5,0.49855546875,0.4998875,0.499746875,0.4984875,0.4967498046875,0.4846875,0.49812421875,0.49914921875,0.4993654296875,0.49999296875,0.4999560546875,0.49951171875,0.49669921875,0.4955466796875,0.4954279296875,0.49264921875,0.4993201171875,0.4990154296875,0.499746875,0.4996716796875,0.4997607421875,0.4928748046875,0.4876951171875,0.4895779296875,0.4983826171875,0.4999841796875,0.4957794921875,0.49855546875,0.499921875,0.49993671875,0.4999763671875,0.4906326171875,0.4992248046875,0.4999669921875,0.4999560546875,0.499621875,0.4998966796875,0.4998966796875,0.49875,0.4981623046875,0.4978466796875,0.499296875,0.4950623046875,0.49971796875,0.4989875,0.4999763671875,0.4928748046875,0.4927248046875,0.49669921875,0.4990154296875,0.4980076171875,0.4999951171875,0.4960060546875,0.4945529296875,0.497371875,0.4998123046875,0.4989591796875,0.4997607421875,0.4997029296875,0.4942888671875,0.499971875,0.4999998046875,0.499846875,0.4987185546875,0.4987810546875,0.49982421875,0.491221875,0.491871875,0.4998123046875,0.4996044921875,0.49904296875,0.4933875,0.4993875,0.49943046875,0.49728046875,0.4974169921875,0.496171875,0.4978875,0.4997029296875,0.4901123046875,0.49995,0.4997029296875,0.491221875,0.4944875,0.4973263671875,0.4991232421875,0.499846875,0.4998357421875,0.4944216796875,0.4993201171875,0.4998,0.4996875,0.4997873046875,0.4992,0.499921875,0.4913044921875,0.4991232421875,0.4872998046875,0.4972341796875,0.4970451171875,0.49934296875,0.4978466796875,0.4994513671875,0.49993671875,0.4997326171875,0.4972341796875,0.4999560546875,0.4985216796875,0.49958671875,0.4999841796875,0.49689921875,0.4934591796875,0.4999951171875,0.4977638671875,0.4984529296875,0.49990546875,0.49536796875,0.49855546875,0.4958935546875,0.4999982421875,0.4998,0.4990701171875,0.4933154296875,0.4999763671875,0.49914921875,0.49755,0.49536796875,0.4904607421875,0.497721875,0.4976794921875,0.4996716796875,0.4989591796875,0.499996875,0.49924921875,0.4982373046875,0.49914921875,0.4996716796875,0.4999951171875,0.4993875,0.4975060546875,0.48,0.49943046875,0.4994091796875,0.4878904296875,0.49669921875,0.49955,0.4987810546875,0.4992732421875,0.4999294921875,0.4997607421875,0.49971796875,0.49995,0.49999921875,0.49914921875,0.4989875,0.4990701171875,0.4941544921875,0.499846875,0.4957794921875,0.4911388671875,0.496996875,0.4921875,0.49868671875,0.49669921875,0.4958935546875,0.49487421875,0.4980857421875,0.49924921875,0.4999560546875,0.4972341796875,0.46716796875,0.49924921875,0.4998123046875,0.4987810546875,0.49971796875,0.4983826171875,0.4999435546875,0.4986544921875,0.4992,0.4997029296875,0.4971404296875,0.49353046875,0.4985888671875,0.4999294921875,0.4997029296875,0.49986796875,0.4998123046875,0.4919513671875,0.49841796875,0.4991232421875,0.4989013671875,0.499971875,0.499971875,0.4992732421875,0.4997326171875,0.49728046875,0.4996388671875,0.4999841796875,0.4999904296875,0.4983826171875,0.4996044921875,0.49855546875,0.4999560546875,0.4996388671875,0.4993201171875,0.4999982421875,0.49037421875,0.49812421875,0.4991748046875,0.4958935546875,0.4971404296875,0.4996388671875,0.4999951171875,0.4988419921875,0.4968498046875,0.4993875,0.4998966796875,0.496596875,0.4998,0.4987810546875,0.4989875,0.4985216796875,0.4999138671875,0.4983107421875,0.495721875,0.499746875,0.4968498046875,0.49512421875,0.4960060546875,0.49990546875,0.4999951171875,0.498046875,0.4904607421875,0.4999138671875,0.4949373046875,0.499846875,0.4999294921875,0.499471875,0.4993201171875,0.4990154296875,0.49796796875,0.49965546875,0.495,0.49995,0.4936013671875,0.4996716796875,0.4870998046875,0.4954279296875,0.49982421875,0.4999763671875,0.4971404296875,0.4982373046875,0.4996875,0.4999904296875,0.4909716796875,0.49986796875,0.4973263671875,0.4995685546875,0.49763671875,0.4997873046875,0.4999138671875,0.4992732421875,0.4988419921875,0.4991748046875,0.49841796875,0.4999982421875,0.49893046875,0.49669921875,0.4983107421875,0.4981623046875,0.49796796875,0.4990154296875,0.4965451171875,0.4908875,0.4984875,0.4975935546875,0.4992248046875,0.4980857421875,0.4978466796875,0.49965546875,0.480496875,0.4998576171875,0.4999763671875,0.49755,0.4958935546875,0.4984875,0.49993671875,0.499296875,0.49982421875,0.487596875,0.4994919921875,0.49728046875,0.4999998046875,0.48818046875,0.4999998046875,0.49904296875,0.49982421875,0.4995310546875,0.4944875,0.4999998046875,0.4991748046875,0.4948107421875,0.4999294921875,0.4999138671875,0.4983826171875,0.4994091796875,0.49381171875,0.4993875,0.49904296875,0.49868671875,0.4999138671875,0.49986796875,0.4999951171875,0.4994513671875,0.498871875,0.4983107421875,0.4999669921875,0.4997607421875,0.4991748046875,0.49812421875,0.499471875,0.4958935546875,0.4967498046875,0.4994513671875,0.4992248046875,0.4995310546875,0.49943046875,0.4996388671875,0.4989013671875,0.4999998046875,0.49999296875,0.4995685546875,0.4989591796875,0.49971796875,0.4980076171875,0.499471875,0.4986544921875,0.49904296875
0.4996716796875,0.4928748046875,0.4997029296875,0.49583671875,0.49234296875,0.49977421875,0.4994919921875,0.4991748046875,0.4998779296875,0.498621875,0.49669921875,0.4974169921875,0.4949373046875,0.49998046875,0.4996044921875,0.4946826171875,0.4971875,0.491221875,0.4968498046875,0.49999921875,0.49965546875,0.49595,0.4901123046875,0.49965546875,0.4997326171875,0.47924296875,0.4998779296875,0.499996875,0.499846875,0.4921091796875,0.4991748046875,0.4998779296875,0.493671875,0.4997607421875,0.499096875,0.4999763671875,0.4999904296875,0.4990701171875,0.4964404296875,0.4961169921875,0.49999921875,0.4899357421875,0.4949373046875,0.4978875,0.4995310546875,0.48699921875,0.4999998046875,0.49955,0.4998875,0.4989875,0.4998123046875,0.4998875,0.4995310546875,0.4991232421875,0.499971875,0.49999296875,0.4993201171875,0.4973263671875,0.49934296875,0.4996875,0.499746875,0.4996716796875,0.4970451171875,0.4946826171875,0.4967498046875,0.499096875,0.4992732421875,0.49628046875,0.4872,0.4999982421875,0.4999982421875,0.499621875,0.49264921875,0.499471875,0.498871875,0.4956638671875,0.4985888671875,0.4995310546875,0.4906326171875,0.49995,0.4996388671875,0.4994091796875,0.4995310546875,0.4965451171875,0.496996875,0.4994513671875,0.499971875,0.4999294921875,0.49958671875,0.495246875,0.49998046875,0.49606171875,0.49999296875,0.4963875,0.49827421875,0.4984529296875,0.4999435546875,0.4995310546875,0.491871875,0.4984875,0.496171875,0.49999921875,0.496596875,0.499971875,0.4995685546875,0.4949373046875,0.49669921875,0.499296875,0.49934296875,0.49381171875,0.4965451171875,0.4999763671875,0.491871875,0.49827421875,0.4983826171875,0.4990701171875,0.497371875,0.4999904296875,0.4965451171875,0.4950623046875,0.4997326171875,0.4975935546875,0.4961169921875,0.4999998046875,0.4969482421875,0.498621875,0.4999904296875,0.498621875,0.49583671875,0.4993875,0.497721875,0.4994513671875,0.4940185546875,0.4937419921875,0.49138671875,0.4999435546875,0.49977421875,0.4999951171875,0.4983107421875,0.496596875,0.4983826171875,0.499471875,0.5,0.4993201171875,0.4990154296875,0.4998966796875,0.49780546875,0.49971796875,0.4997607421875,0.4999904296875,0.4999138671875,0.4980857421875,0.4968,0.499746875,0.4978875,0.4996716796875,0.4999982421875,0.4963875,0.4948107421875,0.49669921875,0.49993671875,0.4993654296875,0.49958671875,0.48966796875,0.4999669921875,0.49990546875,0.498046875,0.4999951171875,0.499921875,0.49924921875,0.49924921875,0.4930232421875,0.4999998046875,0.4990154296875,0.4999982421875,0.4993875,0.4984875,0.49689921875,0.4994513671875,0.4933875,0.4999560546875,0.49958671875,0.4985216796875,0.49955,0.4998576171875,0.5,0.4984875,0.4968,0.4993201171875,0.4997873046875,0.4940185546875,0.4987185546875,0.49934296875,0.4999294921875,0.4995310546875,0.49606171875,0.4992,0.49868671875,0.4951857421875,0.497721875,0.49996171875,0.494746875,0.4987185546875,0.4998966796875,0.4999294921875,0.4993201171875,0.4972341796875,0.4968,0.4980857421875,0.49512421875,0.49746171875,0.4890294921875,0.4899357421875,0.4928748046875,0.4957794921875,0.4998123046875,0.4949373046875,0.49982421875,0.4996044921875,0.49628046875,0.4998123046875,0.4998576171875,0.4997607421875,0.4998966796875,0.4999841796875,0.49841796875,0.49868671875,0.4973263671875,0.4968,0.4997873046875,0.49996171875,0.49999296875,0.4936013671875,0.4941544921875,0.49999921875,0.4897576171875,0.4999998046875,0.49264921875,0.49763671875,0.48195,0.49893046875,0.4966482421875,0.4806201171875,0.49649296875,0.49893046875,0.4897576171875,0.4997326171875,0.498346875,0.4998875,0.49487421875,0.49709296875,0.4991748046875,0.49796796875,0.4872998046875,0.4988419921875,0.49763671875,0.4985216796875,0.4908029296875,0.49763671875,0.4921091796875,0.4985216796875,0.4988419921875,0.4971404296875,0.4996388671875,0.49965546875,0.4976794921875,0.499096875,0.4978875,0.49986796875,0.4950623046875,0.4999138671875,0.4999763671875,0.4999841796875,0.48930546875,0.4990701171875,0.4870998046875,0.499621875,0.499921875,0.4838,0.4999560546875,0.4998,0.4955466796875,0.5,0.49875,0.4999951171875,0.4975935546875,0.49536796875,0.4998123046875,0.49512421875,0.4983107421875,0.499296875,0.4992,0.4997607421875,0.4992732421875,0.49868671875,0.49982421875,0.4992248046875,0.4999560546875,0.4975935546875,0.49138671875,0.499971875,0.49995,0.498621875,0.4993201171875,0.4982,0.4997029296875,0.4980857421875,0.4961169921875,0.4934591796875,0.4999138671875,0.492496875,0.4999904296875,0.4999669921875,0.499471875,0.4996716796875,0.4984529296875,0.4990154296875,0.4890294921875,0.4990154296875,0.4998,0.499921875,0.49728046875,0.49982421875,0.4937419921875,0.4996044921875,0.4948107421875,0.4913044921875,0.4999435546875,0.4960060546875,0.4995685546875,0.4980076171875,0.49999921875,0.49875,0.4994091796875,0.4998576171875,0.4989013671875,0.49995,0.4981623046875,0.49914921875,0.49324296875,0.4980857421875,0.499096875,0.498871875,0.4992732421875,0.4998123046875,0.49955,0.4951857421875,0.4954875,0.4992,0.4996716796875,0.49996171875,0.4999560546875,0.49893046875,0.49881171875,0.4953076171875,0.4987185546875,0.49955,0.4895779296875,0.49955,0.4934591796875,0.4998779296875,0.49669921875,0.4911388671875,0.4992248046875,0.4984529296875,0.49990546875,0.49841796875,0.4980076171875,0.4924201171875,0.49993671875,0.4994919921875,0.4999982421875,0.49943046875,0.4944875,0.49755,0.4940185546875,0.4989875,0.49071796875,0.49986796875,0.4997326171875,0.4908875,0.4998779296875,0.499846875,0.4997029296875,0.479496875,0.4934591796875,0.495721875,0.4999904296875,0.49971796875,0.499296875,0.4998,0.49958671875,0.4963341796875,0.4994513671875,0.4928,0.4983826171875,0.4989013671875,0.49971796875,0.4953076171875,0.4995310546875,0.4972341796875,0.49990546875,0.4993201171875,0.4968498046875,0.49487421875,0.4990154296875,0.48659296875,0.49606171875,0.4999998046875,0.4999951171875,0.489121875,0.49841796875,0.49965546875,0.4999669921875,0.49934296875,0.499621875,0.4981623046875,0.49827421875,0.49855546875,0.4928748046875,0.49763671875,0.4999998046875,0.4968,0.49381171875,0.4884669921875,0.4954875,0.4886560546875,0.489121875,0.49996171875,0.49649296875,0.4990701171875,0.4980857421875,0.4999998046875,0.4974169921875,0.49689921875,0.4993654296875,0.4996875,0.49955,0.4949373046875,0.49958671875,0.4984529296875,0.499621875,0.49606171875,0.4995685546875,0.49827421875,0.4996716796875,0.4995685546875,0.4987185546875,0.497371875,0.49875,0.49958671875,0.4992732421875,0.4997873046875,0.4987185546875,0.49951171875,0.4999951171875,0.4999138671875,0.49995,0.49965546875,0.499296875,0.4999435546875,0.49875,0.4971404296875,0.49435546875,0.4970451171875,0.4987810546875,0.4995310546875,0.49977421875,0.49893046875,0.4999841796875,0.48779296875,0.4972341796875,0.49203046875,0.4951857421875,0.4964404296875,0.4955466796875,0.49606171875,0.4999669921875,0.4998123046875,0.499746875,0.499296875,0.498871875,0.49264921875,0.49746171875,0.4964404296875,0.499996875,0.49709296875,0.49934296875,0.4872998046875,0.499846875,0.4993654296875,0.4969482421875,0.4957794921875,0.4999763671875,0.49203046875,0.49986796875,0.4999138671875,0.4999982421875,0.4906326171875,0.4992732421875,0.498621875,0.4984875,0.495,0.499621875,0.49998046875,0.4960060546875,0.497371875,0.4999435546875,0.49934296875,0.4955466796875,0.4994091796875,0.4948107421875,0.4987810546875,0.49264921875,0.4975060546875,0.4999669921875,0.4990701171875,0.49868671875,0.4992248046875,0.4977638671875,0.4999138671875,0.49875,0.4999904296875,0.4997873046875,0.4971875,0.495246875,0.4997029296875,0.4933154296875,0.4941544921875,0.49763671875,0.4931701171875,0.4989591796875,0.4998123046875,0.49914921875,0.4962263671875,0.4963875,0.49408671875,0.4976794921875,0.5,0.49995,0.4997873046875,0.4978466796875,0.4988419921875,0.490546875,0.49934296875,0.494221875,0.4979279296875,0.499746875,0.49995,0.49914921875,0.49812421875,0.498346875,0.4999951171875,0.498871875,0.49583671875,0.496171875,0.49990546875,0.49881171875,0.4999294921875,0.49990546875,0.4999841796875,0.4996388671875,0.49893046875,0.49990546875,0.4993201171875,0.49728046875,0.4985216796875,0.49986796875,0.4964404296875,0.49105546875,0.49943046875,0.49965546875,0.4996044921875,0.4998576171875,0.4968,0.4962263671875,0.49881171875,0.49536796875,0.4998779296875,0.49951171875,0.49965546875,0.4999294921875,0.49998046875,0.4999875,0.4999875,0.4998576171875,0.4872998046875,0.4996388671875,0.4983826171875,0.4997873046875,0.4998779296875,0.49996171875,0.4979279296875,0.4950623046875,0.49827421875,0.493671875,0.4975060546875,0.5,0.4992248046875,0.4996388671875,0.498346875,0.49689921875,0.4982,0.49986796875,0.497721875,0.4994919921875,0.4993875,0.4978466796875,0.499921875,0.49955,0.49746171875,0.4993201171875,0.499921875,0.4998875,0.4998,0.499746875,0.49924921875,0.4978466796875,0.4937419921875,0.4954279296875,0.49999296875,0.4971875,0.4991748046875,0.4985216796875,0.4934591796875,0.4999951171875,0.4965451171875,0.48739921875,0.4999982421875,0.4909716796875,0.497371875,0.5,0.4998123046875,0.4972341796875,0.4998779296875,0.4992248046875,0.49958671875,0.4934591796875,0.4976794921875,0.4982,0.4999875,0.49955,0.496996875,0.489121875,0.49990546875,0.4962263671875,0.49583671875,0.495721875,0.4968,0.4998576171875,0.4989875,0.49324296875,0.49780546875,0.4998576171875,0.4954875,0.498871875,0.4975060546875,0.4994919921875,0.4983107421875,0.499621875,0.499471875,0.4999982421875,0.49512421875,0.4999904296875,0.4984529296875,0.49955,0.4965451171875,0.4834607421875,0.498346875,0.4993654296875,0.49914921875,0.499971875,0.4989013671875,0.4997873046875,0.49381171875,0.4963875,0.4966482421875,0.4938810546875,0.49986796875,0.4975060546875,0.49986796875,0.49986796875,0.4998576171875,0.4953076171875,0.486796875,0.4921091796875,0.495246875,0.49982421875,0.4963341796875,0.4996875,0.49993671875,0.49924921875,0.4999560546875,0.491221875,0.4988419921875,0.49993671875,0.49990546875,0.49986796875,0.49999296875,0.4993201171875,0.4994919921875,0.49875,0.4974169921875,0.4992,0.4951857421875,0.4998779296875,0.49827421875,0.49982421875,0.49435546875,0.494221875,0.49606171875,0.4986544921875,0.4955466796875,0.4991748046875,0.494746875,0.49203046875,0.4954875,0.4998875,0.49996171875,0.49924921875,0.4984875,0.4953076171875,0.49943046875,0.4999875,0.4999998046875,0.4989013671875,0.49763671875,0.49977421875,0.4919513671875,0.49138671875,0.49904296875,0.49958671875,0.4995310546875,0.4968498046875,0.4987810546875,0.498621875,0.4992732421875,0.4980076171875,0.4963341796875,0.4973263671875,0.4999294921875,0.4933154296875,0.4999435546875,0.4998966796875,0.4890294921875,0.4914685546875,0.496171875,0.49868671875,0.4998966796875,0.499621875,0.4953076171875,0.4996875,0.4998,0.49999921875,0.4999560546875,0.4995685546875,0.49999921875,0.49408671875,0.4993201171875,0.4866951171875,0.498046875,0.49868671875,0.49971796875,0.499296875,0.4998357421875,0.4999560546875,0.4999841796875,0.4985216796875,0.4998123046875,0.49796796875,0.4998966796875,0.499746875,0.4946826171875,0.4953076171875,0.49955,0.49709296875,0.49958671875,0.49998046875,0.493096875,0.4963875,0.4953076171875,0.499996875,0.49995,0.4977638671875,0.4978466796875,0.4999669921875,0.4986544921875,0.4969482421875,0.4944875,0.4916310546875,0.4982,0.4975060546875,0.4998357421875,0.49924921875,0.4992,0.49990546875,0.49855546875,0.49855546875,0.499921875,0.4999982421875,0.49993671875,0.49728046875,0.478471875,0.4977638671875,0.4998357421875,0.4864904296875,0.4965451171875,0.4998875,0.49958671875,0.49971796875,0.499846875,0.4999951171875,0.4985888671875,0.4998875,0.49990546875,0.49955,0.49893046875,0.49728046875,0.4969482421875,0.4998966796875,0.49353046875,0.4928748046875,0.496171875,0.4919513671875,0.4954279296875,0.49649296875,0.4967498046875,0.4963875,0.4967498046875,0.49893046875,0.4999560546875,0.4968,0.4692169921875,0.4996044921875,0.4999841796875,0.4991748046875,0.4998966796875,0.497371875,0.499846875,0.49904296875,0.4998875,0.4999875,0.4963341796875,0.4968,0.4982,0.4995685546875,0.49841796875,0.499746875,0.4994513671875,0.4950623046875,0.4989591796875,0.4985216796875,0.498346875,0.4996388671875,0.499971875,0.4997326171875,0.4980857421875,0.4967498046875,0.49971796875,0.4998875,0.4997873046875,0.496596875,0.499996875,0.49934296875,0.49893046875,0.4996716796875,0.49893046875,0.49990546875,0.4876951171875,0.49904296875,0.4998,0.4961169921875,0.49755,0.499921875,0.4997326171875,0.49841796875,0.498621875,0.499296875,0.4999763671875,0.49755,0.49827421875,0.4994513671875,0.4984875,0.4982,0.4999294921875,0.4972341796875,0.496171875,0.49996171875,0.4993201171875,0.49294921875,0.497721875,0.499996875,0.499996875,0.4985216796875,0.48618046875,0.4999435546875,0.4977638671875,0.4998576171875,0.4996044921875,0.4996388671875,0.4978875,0.498346875,0.49924921875,0.4999763671875,0.4944875,0.4996044921875,0.4921875,0.4991232421875,0.485971875,0.4958935546875,0.4999951171875,0.4996716796875,0.4956638671875,0.4978466796875,0.49996171875,0.499846875,0.4944216796875,0.49993671875,0.496171875,0.4992732421875,0.4976794921875,0.49996171875,0.4992,0.4992732421875,0.4979279296875,0.4993654296875,0.4993201171875,0.4996875,0.49881171875,0.4976794921875,0.4994091796875,0.4973263671875,0.4989013671875,0.49965546875,0.4966482421875,0.49560546875,0.4964404296875,0.498871875,0.4992732421875,0.49796796875,0.49855546875,0.4996044921875,0.4809875,0.498871875,0.4999982421875,0.49755,0.49324296875,0.49763671875,0.4998576171875,0.49812421875,0.4999904296875,0.48618046875,0.4990154296875,0.4982,0.4999763671875,0.4927248046875,0.49993671875,0.4994091796875,0.49999921875,0.4974169921875,0.4908029296875,0.4999998046875,0.4996875,0.4961169921875,0.4999998046875,0.499971875,0.49628046875,0.49999296875,0.4948107421875,0.4996044921875,0.4993654296875,0.4984875,0.4995685546875,0.49977421875,0.4999875,0.499921875,0.4985216796875,0.4982373046875,0.4996388671875,0.4999294921875,0.4999763671875,0.4990154296875,0.4997873046875,0.4946826171875,0.49796796875,0.4996388671875,0.49875,0.49796796875,0.4994091796875,0.49965546875,0.4966482421875,0.4998966796875,0.4998123046875,0.49943046875,0.4990154296875,0.4990154296875,0.4979279296875,0.49951171875,0.4979279296875,0.49955
0.499621875,0.495,0.4998875,0.4962263671875,0.4902,0.4998123046875,0.49995,0.4983826171875,0.4999435546875,0.4989013671875,0.49536796875,0.4976794921875,0.49461796875,0.4999951171875,0.4998576171875,0.4970451171875,0.4974169921875,0.4925732421875,0.49827421875,0.499846875,0.4993201171875,0.4984875,0.4909716796875,0.4982,0.4998123046875,0.4756623046875,0.4998123046875,0.499621875,0.4999904296875,0.48966796875,0.4999138671875,0.4999998046875,0.4938810546875,0.499621875,0.4966482421875,0.4999763671875,0.4998123046875,0.4989013671875,0.49294921875,0.49796796875,0.4998966796875,0.4874982421875,0.4964404296875,0.4968,0.49904296875,0.4862841796875,0.4999560546875,0.49881171875,0.4994091796875,0.49893046875,0.49999296875,0.4985888671875,0.4998576171875,0.49875,0.4999982421875,0.4995685546875,0.4992732421875,0.49606171875,0.4988419921875,0.4993654296875,0.49780546875,0.4996875,0.4970451171875,0.49881171875,0.494746875,0.4999435546875,0.4998357421875,0.4957794921875,0.486796875,0.499921875,0.4999435546875,0.499746875,0.49408671875,0.4999982421875,0.4990154296875,0.4946826171875,0.4985216796875,0.4997029296875,0.48739921875,0.499921875,0.499846875,0.4999763671875,0.4999875,0.4983107421875,0.4969482421875,0.49875,0.499971875,0.499296875,0.4996875,0.49395,0.4996875,0.4951857421875,0.49999296875,0.497371875,0.49780546875,0.49728046875,0.49999921875,0.4977638671875,0.4908029296875,0.4984875,0.4969482421875,0.4999982421875,0.4980076171875,0.499971875,0.49955,0.4936013671875,0.49763671875,0.4993654296875,0.4997326171875,0.4949373046875,0.4944216796875,0.499621875,0.4928,0.498346875,0.49841796875,0.499621875,0.4973263671875,0.4998966796875,0.4969482421875,0.4931701171875,0.4995685546875,0.4989591796875,0.49669921875,0.4995310546875,0.49628046875,0.49955,0.4999951171875,0.4985216796875,0.4936013671875,0.4997607421875,0.4963341796875,0.49893046875,0.49595,0.4940185546875,0.4906326171875,0.499996875,0.4999951171875,0.5,0.498046875,0.49827421875,0.4980076171875,0.49881171875,0.49982421875,0.4988419921875,0.4966482421875,0.4999904296875,0.496596875,0.4989875,0.4996044921875,0.4999560546875,0.4998966796875,0.4981623046875,0.49583671875,0.49996171875,0.4973263671875,0.4992248046875,0.4999294921875,0.4956638671875,0.4921091796875,0.49812421875,0.49893046875,0.49868671875,0.49904296875,0.4886560546875,0.49924921875,0.499996875,0.49827421875,0.4999951171875,0.4996875,0.49965546875,0.49855546875,0.4931701171875,0.49996171875,0.49893046875,0.4993654296875,0.49995,0.4984875,0.4969482421875,0.4985216796875,0.492496875,0.4996388671875,0.499846875,0.49875,0.4994919921875,0.4991232421875,0.49955,0.49893046875,0.49583671875,0.4973263671875,0.4998357421875,0.4924201171875,0.4983107421875,0.4998357421875,0.49904296875,0.4997029296875,0.49689921875,0.49955,0.4986544921875,0.497721875,0.49958671875,0.4996716796875,0.4982373046875,0.498871875,0.4998966796875,0.4998357421875,0.4993875,0.4992248046875,0.49709296875,0.4972341796875,0.4957794921875,0.4989013671875,0.4895779296875,0.489846875,0.4928,0.49155,0.4990154296875,0.49583671875,0.4998,0.4987810546875,0.4962263671875,0.4999669921875,0.4998,0.4996716796875,0.4999763671875,0.4996716796875,0.497371875,0.498871875,0.497371875,0.49628046875,0.49982421875,0.498871875,0.49998046875,0.49324296875,0.495246875,0.4997873046875,0.4928,0.49995,0.49171171875,0.49746171875,0.491221875,0.4990701171875,0.4972341796875,0.4803732421875,0.4963875,0.4991232421875,0.4890294921875,0.4999998046875,0.4978466796875,0.49977421875,0.49536796875,0.4973263671875,0.4995685546875,0.4973263671875,0.4882763671875,0.49689921875,0.4972341796875,0.4997873046875,0.4938810546875,0.4976794921875,0.4886560546875,0.499096875,0.4992,0.49408671875,0.4999982421875,0.4999435546875,0.4980857421875,0.4986544921875,0.49796796875,0.4999998046875,0.497721875,0.4998966796875,0.4997326171875,0.49982421875,0.4858669921875,0.4989013671875,0.49037421875,0.499996875,0.4999669921875,0.48739921875,0.4999951171875,0.49955,0.4919513671875,0.49996171875,0.4985216796875,0.4999904296875,0.4983107421875,0.49595,0.49986796875,0.494746875,0.499296875,0.4996044921875,0.4979279296875,0.49971796875,0.499096875,0.49827421875,0.4996388671875,0.498871875,0.49982421875,0.49649296875,0.4892138671875,0.49996171875,0.4999904296875,0.4996044921875,0.4993875,0.498046875,0.49986796875,0.49796796875,0.4966482421875,0.4933154296875,0.4999982421875,0.4934591796875,0.499621875,0.4999763671875,0.49977421875,0.4994091796875,0.4985888671875,0.49827421875,0.4882763671875,0.497721875,0.4998576171875,0.4997326171875,0.4955466796875,0.499471875,0.4955466796875,0.4998,0.4969482421875,0.4908029296875,0.49998046875,0.4951857421875,0.49986796875,0.4972341796875,0.4998966796875,0.498046875,0.49881171875,0.4999875,0.49958671875,0.4998,0.49868671875,0.4992732421875,0.4954875,0.49868671875,0.4990154296875,0.49996171875,0.4992732421875,0.499621875,0.4997873046875,0.496596875,0.4958935546875,0.49943046875,0.4998,0.499296875,0.4998,0.49958671875,0.49914921875,0.4928,0.499296875,0.4992,0.4872,0.499746875,0.4919513671875,0.49977421875,0.4951857421875,0.4928748046875,0.4966482421875,0.4990701171875,0.5,0.498621875,0.4983826171875,0.4950623046875,0.4993654296875,0.4998779296875,0.4992248046875,0.49924921875,0.49689921875,0.4976794921875,0.49461796875,0.49855546875,0.4854435546875,0.4999294921875,0.4998875,0.4868982421875,0.49999296875,0.4999294921875,0.49943046875,0.4756623046875,0.49512421875,0.496596875,0.49996171875,0.499971875,0.4999875,0.49893046875,0.49996171875,0.4956638671875,0.49943046875,0.4941544921875,0.4997029296875,0.49924921875,0.498346875,0.4968,0.4986544921875,0.4984529296875,0.499921875,0.4991748046875,0.4956638671875,0.495246875,0.4998576171875,0.4884669921875,0.49512421875,0.49990546875,0.4998576171875,0.4908875,0.4985888671875,0.4998357421875,0.4999669921875,0.499746875,0.4997029296875,0.496996875,0.4975935546875,0.49924921875,0.4927248046875,0.498621875,0.49993671875,0.4964404296875,0.4946826171875,0.4882763671875,0.4948107421875,0.4864904296875,0.4893966796875,0.49965546875,0.4969482421875,0.4993654296875,0.49914921875,0.49996171875,0.4963875,0.49669921875,0.49827421875,0.49995,0.4987185546875,0.49487421875,0.4982,0.4992248046875,0.4989875,0.4957794921875,0.4997326171875,0.4980076171875,0.4996044921875,0.4996716796875,0.499296875,0.4968,0.4989013671875,0.499096875,0.4998,0.4994919921875,0.4983107421875,0.4996716796875,0.4999951171875,0.4999904296875,0.4999841796875,0.4996388671875,0.4986544921875,0.499921875,0.49904296875,0.49812421875,0.4925732421875,0.497721875,0.499296875,0.4998779296875,0.498621875,0.49893046875,0.4999841796875,0.48875,0.4942888671875,0.4902873046875,0.4958935546875,0.4908875,0.496996875,0.494221875,0.4998875,0.4996044921875,0.499296875,0.49977421875,0.49965546875,0.4879875,0.4984875,0.496171875,0.4999763671875,0.4953076171875,0.4999435546875,0.4870998046875,0.49827421875,0.4999560546875,0.49606171875,0.4936013671875,0.4992732421875,0.487596875,0.4994919921875,0.4999998046875,0.4992248046875,0.4909716796875,0.4987810546875,0.49914921875,0.4993654296875,0.4978466796875,0.49868671875,0.4999841796875,0.49689921875,0.4996875,0.4999669921875,0.49958671875,0.4968498046875,0.4998123046875,0.4921875,0.49868671875,0.4930232421875,0.4978875,0.499746875,0.4997029296875,0.49914921875,0.49893046875,0.498046875,0.49934296875,0.4985216796875,0.49996171875,0.49868671875,0.4968498046875,0.4933154296875,0.4990154296875,0.49408671875,0.49487421875,0.4980076171875,0.4934591796875,0.4992732421875,0.4999875,0.4994513671875,0.4942888671875,0.49893046875,0.495246875,0.49875,0.49995,0.4994513671875,0.4997607421875,0.4989875,0.4999435546875,0.4893966796875,0.4989875,0.4928,0.498046875,0.49934296875,0.49999921875,0.49881171875,0.4962263671875,0.49914921875,0.49996171875,0.49998046875,0.4955466796875,0.49264921875,0.49996171875,0.49971796875,0.49999921875,0.49999296875,0.49990546875,0.4998576171875,0.4984529296875,0.4999951171875,0.498871875,0.49841796875,0.49755,0.4999998046875,0.49709296875,0.49353046875,0.499471875,0.4999294921875,0.4989013671875,0.49971796875,0.49669921875,0.49628046875,0.499096875,0.49763671875,0.49934296875,0.499746875,0.4988419921875,0.4996716796875,0.49993671875,0.4999875,0.4996044921875,0.4996875,0.4909716796875,0.4994513671875,0.4989591796875,0.4997873046875,0.49943046875,0.5,0.49881171875,0.4954875,0.4980857421875,0.4950623046875,0.4970451171875,0.499921875,0.4974169921875,0.4998123046875,0.4986544921875,0.49812421875,0.4985216796875,0.49982421875,0.49560546875,0.4994091796875,0.4999998046875,0.49855546875,0.49998046875,0.49904296875,0.4955466796875,0.4997873046875,0.4993875,0.49990546875,0.49924921875,0.4983826171875,0.4993201171875,0.49914921875,0.4954875,0.49512421875,0.499746875,0.4975060546875,0.4993875,0.49875,0.4962263671875,0.4998576171875,0.4963341796875,0.4893966796875,0.49996171875,0.4948107421875,0.49669921875,0.4998,0.4997607421875,0.4954875,0.4998123046875,0.4998123046875,0.4999998046875,0.4955466796875,0.4973263671875,0.4993201171875,0.4999998046875,0.4981623046875,0.4989875,0.491221875,0.49998046875,0.49294921875,0.4967498046875,0.4925732421875,0.49780546875,0.49996171875,0.49763671875,0.493671875,0.49841796875,0.4978466796875,0.49755,0.4984529296875,0.4964404296875,0.4997326171875,0.49951171875,0.4994513671875,0.499746875,0.49993671875,0.4964404296875,0.49996171875,0.4991748046875,0.49709296875,0.4962263671875,0.485121875,0.4978875,0.4999904296875,0.4991748046875,0.4998875,0.4992732421875,0.4993875,0.49234296875,0.4984529296875,0.49294921875,0.4909716796875,0.49998046875,0.4963875,0.4996875,0.4999669921875,0.4999669921875,0.494221875,0.4862841796875,0.4919513671875,0.4961169921875,0.4997873046875,0.4954279296875,0.4989591796875,0.4999138671875,0.49986796875,0.49955,0.4860763671875,0.4989591796875,0.4999294921875,0.4999998046875,0.4993201171875,0.49951171875,0.49971796875,0.49904296875,0.4989875,0.49487421875,0.49868671875,0.49536796875,0.4999669921875,0.49763671875,0.49999921875,0.494221875,0.4938810546875,0.49595,0.4993201171875,0.4958935546875,0.4995310546875,0.4914685546875,0.4901123046875,0.49105546875,0.49999921875,0.49999296875,0.49904296875,0.4991232421875,0.4937419921875,0.49868671875,0.49993671875,0.499846875,0.497721875,0.49827421875,0.4999841796875,0.49294921875,0.49155,0.4996388671875,0.4997029296875,0.4998779296875,0.4953076171875,0.499746875,0.4990701171875,0.4983826171875,0.4978466796875,0.4963875,0.49709296875,0.4999138671875,0.4928,0.4997607421875,0.4998123046875,0.49203046875,0.4945529296875,0.49560546875,0.4993654296875,0.4998357421875,0.49982421875,0.4933875,0.4995685546875,0.49999296875,0.4999138671875,0.4998357421875,0.4993654296875,0.499921875,0.4917919921875,0.4988419921875,0.48402421875,0.4994091796875,0.4992248046875,0.4998357421875,0.49780546875,0.4998966796875,0.49986796875,0.4998779296875,0.49796796875,0.499921875,0.4985888671875,0.49951171875,0.4996044921875,0.495,0.49943046875,0.49914921875,0.4965451171875,0.49998046875,0.49999296875,0.48930546875,0.4958935546875,0.4968498046875,0.4996875,0.4999763671875,0.4955466796875,0.4980076171875,0.499996875,0.4991748046875,0.4980076171875,0.495246875,0.4863875,0.4962263671875,0.4969482421875,0.4995310546875,0.4981623046875,0.499621875,0.4997873046875,0.49855546875,0.498046875,0.49982421875,0.49990546875,0.4996388671875,0.49649296875,0.4783419921875,0.4964404296875,0.4987810546875,0.4868982421875,0.4936013671875,0.49965546875,0.4991232421875,0.4994919921875,0.49993671875,0.49998046875,0.4994919921875,0.49982421875,0.49993671875,0.4994513671875,0.49875,0.4980857421875,0.4972341796875,0.499846875,0.4933154296875,0.4921875,0.4967498046875,0.4914685546875,0.4968,0.49560546875,0.4937419921875,0.495721875,0.49868671875,0.4983107421875,0.49986796875,0.4941544921875,0.4676466796875,0.4989875,0.4998357421875,0.49982421875,0.4999560546875,0.49841796875,0.49995,0.49951171875,0.4999669921875,0.4984875,0.4969482421875,0.4930232421875,0.4987185546875,0.4999998046875,0.49958671875,0.49982421875,0.4975060546875,0.4950623046875,0.49841796875,0.4985216796875,0.4984529296875,0.4999998046875,0.4996388671875,0.4992,0.496996875,0.49780546875,0.499996875,0.499996875,0.4996716796875,0.4960060546875,0.4991748046875,0.4987810546875,0.4979279296875,0.4999669921875,0.4987810546875,0.499996875,0.4866951171875,0.49669921875,0.4999560546875,0.4948107421875,0.4992732421875,0.4992248046875,0.4999982421875,0.4992,0.4971404296875,0.4986544921875,0.4999763671875,0.49709296875,0.4995310546875,0.4999998046875,0.49982421875,0.4984529296875,0.49990546875,0.4978466796875,0.4937419921875,0.49965546875,0.4977638671875,0.4908875,0.49841796875,0.4999435546875,0.499971875,0.4975935546875,0.48490546875,0.4997607421875,0.4971404296875,0.4998357421875,0.4998123046875,0.49986796875,0.499296875,0.4975060546875,0.4998875,0.4994919921875,0.49264921875,0.499621875,0.495,0.49875,0.4874982421875,0.4949373046875,0.4998875,0.4996716796875,0.4957794921875,0.49709296875,0.4991748046875,0.49977421875,0.4954279296875,0.4990701171875,0.4982,0.4992248046875,0.49780546875,0.4999669921875,0.4997029296875,0.499846875,0.498621875,0.4992732421875,0.4987810546875,0.499921875,0.4973263671875,0.4985888671875,0.497721875,0.4978466796875,0.49951171875,0.499471875,0.4980076171875,0.4970451171875,0.4964404296875,0.49881171875,0.4996388671875,0.4966482421875,0.498621875,0.4999435546875,0.4866951171875,0.49990546875,0.4996044921875,0.4978875,0.49512421875,0.4984875,0.4998123046875,0.4981623046875,0.4999560546875,0.4864904296875,0.4974169921875,0.4982373046875,0.4999982421875,0.4902873046875,0.499096875,0.4986544921875,0.49995,0.49881171875,0.49105546875,0.4999951171875,0.4999138671875,0.4970451171875,0.49982421875,0.499296875,0.4976794921875,0.49986796875,0.4913044921875,0.49955,0.4998576171875,0.49977421875,0.4997326171875,0.499746875,0.4997873046875,0.49977421875,0.49924921875,0.4983107421875,0.498871875,0.4998779296875,0.4994091796875,0.4992732421875,0.498871875,0.4970451171875,0.49875,0.4999982421875,0.4991748046875,0.49649296875,0.4989875,0.4998966796875,0.4968,0.4998123046875,0.49993671875,0.49934296875,0.4983826171875,0.498621875,0.4993654296875,0.4999294921875,0.4987185546875,0.49943046875
0.49995,0.49435546875,0.4998357421875,0.4948107421875,0.48893671875,0.499746875,0.4997607421875,0.4988419921875,0.4998576171875,0.499621875,0.4964404296875,0.4972341796875,0.4914685546875,0.4999294921875,0.49998046875,0.4974169921875,0.4974169921875,0.48930546875,0.4971875,0.49977421875,0.4990154296875,0.49583671875,0.49138671875,0.4993875,0.4999998046875,0.4728263671875,0.4994513671875,0.4989875,0.4996388671875,0.49105546875,0.49993671875,0.49986796875,0.4893966796875,0.49951171875,0.49689921875,0.4999875,0.4996044921875,0.4989013671875,0.4950623046875,0.4957794921875,0.49958671875,0.4884669921875,0.4965451171875,0.49560546875,0.49934296875,0.4863875,0.499096875,0.4996388671875,0.49904296875,0.49934296875,0.4990701171875,0.4987810546875,0.4993201171875,0.4995310546875,0.4999669921875,0.49995,0.49943046875,0.49628046875,0.4997607421875,0.4983826171875,0.4994513671875,0.4989013671875,0.4987810546875,0.4987810546875,0.4944875,0.49993671875,0.4998875,0.49595,0.4870998046875,0.4999951171875,0.4994091796875,0.4996716796875,0.4954875,0.4997873046875,0.498346875,0.4941544921875,0.4991232421875,0.4991232421875,0.4880841796875,0.4997326171875,0.4991748046875,0.4999138671875,0.4991748046875,0.4979279296875,0.4949373046875,0.4988419921875,0.4997873046875,0.49934296875,0.4994091796875,0.49595,0.49999296875,0.4927248046875,0.499921875,0.497721875,0.4975935546875,0.4971404296875,0.4997607421875,0.4954875,0.4921875,0.49583671875,0.49595,0.49996171875,0.49875,0.5,0.49904296875,0.4930232421875,0.49595,0.4983826171875,0.49990546875,0.4938810546875,0.48739921875,0.49993671875,0.49560546875,0.4986544921875,0.4973263671875,0.4998357421875,0.497721875,0.499971875,0.49628046875,0.492496875,0.49943046875,0.4999138671875,0.49512421875,0.4999998046875,0.494746875,0.4992248046875,0.49998046875,0.4983826171875,0.4938810546875,0.4993201171875,0.4954875,0.498871875,0.4954875,0.49583671875,0.488371875,0.4999138671875,0.4998123046875,0.49996171875,0.4991748046875,0.496171875,0.4958935546875,0.4993201171875,0.4996388671875,0.49709296875,0.4924201171875,0.499846875,0.496171875,0.49875,0.49999296875,0.4998357421875,0.4992732421875,0.4970451171875,0.496996875,0.49996171875,0.495246875,0.4998123046875,0.4998576171875,0.4958935546875,0.4906326171875,0.4976794921875,0.4996388671875,0.4977638671875,0.498871875,0.49171171875,0.4999294921875,0.4999669921875,0.49881171875,0.4996044921875,0.4996388671875,0.4994919921875,0.4983826171875,0.4949373046875,0.49999296875,0.4990154296875,0.498871875,0.4997029296875,0.49841796875,0.4968498046875,0.4978466796875,0.4906326171875,0.49951171875,0.4999560546875,0.4992,0.49971796875,0.4999998046875,0.4994091796875,0.4997326171875,0.49755,0.49763671875,0.49995,0.495246875,0.49796796875,0.4999998046875,0.4988419921875,0.4999138671875,0.495,0.4996875,0.4982,0.4955466796875,0.4999763671875,0.4997326171875,0.49755,0.4992248046875,0.4996716796875,0.4996875,0.49986796875,0.4996875,0.4948107421875,0.49746171875,0.49812421875,0.4968498046875,0.4899357421875,0.487596875,0.49264921875,0.4963875,0.49977421875,0.4950623046875,0.4996875,0.4983826171875,0.4950623046875,0.49999921875,0.49993671875,0.49958671875,0.49998046875,0.4999841796875,0.4977638671875,0.49971796875,0.4981623046875,0.4971404296875,0.4993875,0.4974169921875,0.4999560546875,0.49324296875,0.4944216796875,0.4998576171875,0.493096875,0.4998966796875,0.4951857421875,0.4975935546875,0.490546875,0.4982,0.494746875,0.4764826171875,0.49294921875,0.4994513671875,0.4911388671875,0.4999138671875,0.49881171875,0.499971875,0.4975935546875,0.4958935546875,0.49904296875,0.4956638671875,0.4863875,0.4980076171875,0.49763671875,0.4996716796875,0.4954279296875,0.4970451171875,0.4890294921875,0.4978466796875,0.49746171875,0.4973263671875,0.4998966796875,0.4999982421875,0.4996388671875,0.4989875,0.49780546875,0.4989591796875,0.49669921875,0.4999669921875,0.49955,0.4999435546875,0.4858669921875,0.4992248046875,0.49264921875,0.499846875,0.499621875,0.48195,0.49943046875,0.49998046875,0.4919513671875,0.4987185546875,0.4991748046875,0.499996875,0.499096875,0.4944875,0.4999841796875,0.4973263671875,0.4993201171875,0.4985888671875,0.4996388671875,0.4999841796875,0.4983107421875,0.498871875,0.4991748046875,0.4996044921875,0.4997326171875,0.4961169921875,0.485121875,0.4999669921875,0.4998779296875,0.4997029296875,0.4997326171875,0.49780546875,0.49955,0.49628046875,0.4954279296875,0.49171171875,0.49986796875,0.49294921875,0.49977421875,0.4999560546875,0.49855546875,0.49951171875,0.4987810546875,0.4976794921875,0.4847966796875,0.49583671875,0.4998966796875,0.4998576171875,0.4954279296875,0.499971875,0.49203046875,0.49998046875,0.49763671875,0.4921091796875,0.4999982421875,0.4958935546875,0.49982421875,0.498046875,0.4999998046875,0.4991748046875,0.49875,0.49990546875,0.4999669921875,0.49958671875,0.499921875,0.4999435546875,0.49353046875,0.499621875,0.499096875,0.4999904296875,0.49951171875,0.4994919921875,0.49986796875,0.49595,0.495246875,0.4998357421875,0.4994513671875,0.49971796875,0.49977421875,0.4987810546875,0.49986796875,0.49353046875,0.4998,0.49904296875,0.4864904296875,0.49998046875,0.4921091796875,0.4998966796875,0.4975060546875,0.49037421875,0.49763671875,0.49934296875,0.4998123046875,0.4983826171875,0.499471875,0.4967498046875,0.4999904296875,0.4999951171875,0.4997873046875,0.4995310546875,0.4957794921875,0.4968,0.4962263671875,0.498346875,0.487596875,0.499971875,0.49977421875,0.4847966796875,0.4999875,0.4998966796875,0.49796796875,0.4736935546875,0.4944216796875,0.4971875,0.49999921875,0.4999435546875,0.49996171875,0.49982421875,0.4990154296875,0.4963875,0.4982373046875,0.4937419921875,0.4976794921875,0.4993201171875,0.4998875,0.4978466796875,0.49965546875,0.4985216796875,0.49977421875,0.4998,0.4954279296875,0.4948107421875,0.49955,0.4897576171875,0.496171875,0.4996044921875,0.4999669921875,0.486796875,0.4972341796875,0.49977421875,0.4999841796875,0.498871875,0.4998,0.4949373046875,0.4984529296875,0.4984529296875,0.4927248046875,0.49827421875,0.4999982421875,0.4978466796875,0.49796796875,0.486796875,0.4942888671875,0.4856560546875,0.4858669921875,0.4997873046875,0.49841796875,0.49689921875,0.4993875,0.49971796875,0.495721875,0.4982373046875,0.4990701171875,0.49998046875,0.49977421875,0.4937419921875,0.4984529296875,0.4974169921875,0.49924921875,0.49649296875,0.4997326171875,0.499296875,0.499296875,0.497721875,0.4997326171875,0.49827421875,0.4984875,0.4998966796875,0.4962263671875,0.4998123046875,0.4998,0.4997607421875,0.4999560546875,0.49996171875,0.4997326171875,0.499471875,0.4984875,0.49958671875,0.4985216796875,0.4989591796875,0.4941544921875,0.4993654296875,0.4978466796875,0.4995310546875,0.4990701171875,0.49955,0.4998875,0.48490546875,0.49487421875,0.4938810546875,0.4919513671875,0.49595,0.4976794921875,0.4944216796875,0.4999841796875,0.4999875,0.49951171875,0.499471875,0.4984529296875,0.4951857421875,0.49914921875,0.4951857421875,0.4999951171875,0.49649296875,0.499296875,0.4850138671875,0.4987810546875,0.4999669921875,0.49841796875,0.4941544921875,0.49965546875,0.49071796875,0.499621875,0.49955,0.4992,0.4917919921875,0.4987810546875,0.4974169921875,0.499621875,0.4963341796875,0.499096875,0.4998,0.49560546875,0.49955,0.49995,0.4997607421875,0.4949373046875,0.49934296875,0.4921875,0.4991748046875,0.4924201171875,0.4971875,0.49965546875,0.499996875,0.49990546875,0.4994513671875,0.4984529296875,0.499921875,0.498621875,0.4998779296875,0.4999763671875,0.496596875,0.49203046875,0.49812421875,0.493096875,0.49536796875,0.4971875,0.49628046875,0.49763671875,0.4996875,0.4981623046875,0.4942888671875,0.497721875,0.49435546875,0.4983107421875,0.4999982421875,0.4994919921875,0.499921875,0.49841796875,0.4999841796875,0.4899357421875,0.49689921875,0.4924201171875,0.49728046875,0.4994091796875,0.4999875,0.499471875,0.4977638671875,0.49951171875,0.4998123046875,0.4999560546875,0.49324296875,0.4927248046875,0.49999296875,0.4998966796875,0.49999296875,0.49995,0.4998,0.49986796875,0.4984875,0.49971796875,0.4999435546875,0.49812421875,0.49934296875,0.4999904296875,0.497371875,0.4942888671875,0.499971875,0.498346875,0.4979279296875,0.4999669921875,0.49841796875,0.4972341796875,0.4989875,0.4977638671875,0.4997607421875,0.49996171875,0.4997607421875,0.49951171875,0.4998966796875,0.49998046875,0.4999904296875,0.49965546875,0.4924201171875,0.499296875,0.498046875,0.499746875,0.49993671875,0.4999904296875,0.49998046875,0.4924201171875,0.4975935546875,0.4904607421875,0.4979279296875,0.49971796875,0.498871875,0.4992732421875,0.49796796875,0.4984529296875,0.49827421875,0.4997326171875,0.4945529296875,0.49881171875,0.4997029296875,0.499746875,0.4997326171875,0.4995310546875,0.4951857421875,0.499921875,0.4995685546875,0.4999875,0.4996716796875,0.4987185546875,0.49841796875,0.4998123046875,0.49628046875,0.4936013671875,0.49958671875,0.4968,0.49993671875,0.4998966796875,0.4969482421875,0.4999669921875,0.4968498046875,0.48893671875,0.4990701171875,0.4917919921875,0.497371875,0.4993201171875,0.49977421875,0.4958935546875,0.4989875,0.4999763671875,0.4999841796875,0.4936013671875,0.4987810546875,0.4971875,0.4998123046875,0.497371875,0.4985216796875,0.4893966796875,0.49999921875,0.4931701171875,0.4975935546875,0.493671875,0.4983107421875,0.4997607421875,0.498871875,0.4966482421875,0.4988419921875,0.498046875,0.4969482421875,0.4994513671875,0.4969482421875,0.4999998046875,0.4993654296875,0.4976794921875,0.49955,0.4999982421875,0.494746875,0.49977421875,0.499746875,0.49841796875,0.496996875,0.47974921875,0.499621875,0.4999998046875,0.4981623046875,0.4999669921875,0.49998046875,0.499096875,0.49395,0.4969482421875,0.49408671875,0.4936013671875,0.49990546875,0.49827421875,0.49986796875,0.499971875,0.4999294921875,0.4964404296875,0.47496796875,0.4884669921875,0.4978875,0.4993201171875,0.49595,0.49881171875,0.4998,0.4996875,0.4994091796875,0.4870998046875,0.49982421875,0.49977421875,0.4999951171875,0.4989591796875,0.4989875,0.4999435546875,0.4992,0.4982373046875,0.4940185546875,0.49893046875,0.4930232421875,0.4997873046875,0.4989875,0.4998123046875,0.4944216796875,0.4902,0.49536796875,0.4995685546875,0.4957794921875,0.4999904296875,0.4901123046875,0.48659296875,0.4958935546875,0.49998046875,0.499971875,0.4990154296875,0.4989013671875,0.4944875,0.49982421875,0.4992732421875,0.4999435546875,0.498346875,0.4957794921875,0.4999560546875,0.4886560546875,0.49138671875,0.49914921875,0.4985888671875,0.49827421875,0.493096875,0.4999138671875,0.4993875,0.4972341796875,0.4991232421875,0.49689921875,0.4965451171875,0.49999296875,0.49203046875,0.4994091796875,0.4999560546875,0.495,0.4956638671875,0.4962263671875,0.49868671875,0.49995,0.4997607421875,0.49234296875,0.49951171875,0.49996171875,0.4999435546875,0.499846875,0.499296875,0.4998576171875,0.4914685546875,0.4992,0.4820685546875,0.498046875,0.4985216796875,0.499621875,0.49943046875,0.4990701171875,0.49993671875,0.4999998046875,0.4977638671875,0.49999921875,0.4984875,0.499746875,0.49965546875,0.4922654296875,0.49796796875,0.49971796875,0.4961169921875,0.4999138671875,0.4999951171875,0.489121875,0.497371875,0.4978875,0.4996716796875,0.4997607421875,0.4954875,0.49763671875,0.49995,0.4997607421875,0.49841796875,0.4924201171875,0.4911388671875,0.4975060546875,0.49796796875,0.4989591796875,0.49728046875,0.4997326171875,0.4998576171875,0.49812421875,0.4985216796875,0.4998,0.4999763671875,0.4990701171875,0.496596875,0.4813513671875,0.498871875,0.4985216796875,0.4908875,0.4906326171875,0.4989875,0.4987810546875,0.497371875,0.4997607421875,0.4998576171875,0.4999669921875,0.498871875,0.4998576171875,0.4999138671875,0.49934296875,0.4983826171875,0.4961169921875,0.4998123046875,0.49234296875,0.4919513671875,0.495,0.4928,0.4972341796875,0.496171875,0.4944875,0.4975060546875,0.4966482421875,0.498046875,0.5,0.49709296875,0.4701404296875,0.49943046875,0.4999951171875,0.4995685546875,0.49958671875,0.4975060546875,0.499921875,0.4998576171875,0.4998576171875,0.4973263671875,0.4963341796875,0.4963341796875,0.4992248046875,0.4999763671875,0.498621875,0.49990546875,0.4968498046875,0.4971875,0.4983826171875,0.49881171875,0.4989591796875,0.4999841796875,0.4998123046875,0.4990701171875,0.4973263671875,0.4997873046875,0.499471875,0.4999982421875,0.4996044921875,0.4963341796875,0.49827421875,0.4991232421875,0.4975935546875,0.4999998046875,0.49965546875,0.4999763671875,0.49264921875,0.4989591796875,0.4999138671875,0.49294921875,0.498871875,0.4986544921875,0.4993875,0.499296875,0.4964404296875,0.4985216796875,0.4998779296875,0.4948107421875,0.4992732421875,0.499471875,0.4991232421875,0.49827421875,0.49995,0.4976794921875,0.4949373046875,0.499621875,0.497721875,0.489846875,0.4992,0.499921875,0.49955,0.49841796875,0.4852294921875,0.499921875,0.4971875,0.4992732421875,0.49990546875,0.4988419921875,0.4995310546875,0.4971875,0.4997873046875,0.4999982421875,0.4938810546875,0.4998779296875,0.49649296875,0.4987810546875,0.4895779296875,0.4957794921875,0.4999841796875,0.4999904296875,0.49512421875,0.499296875,0.498621875,0.4990701171875,0.494221875,0.4999560546875,0.4975935546875,0.4998357421875,0.496996875,0.4999294921875,0.4997607421875,0.49999921875,0.4968,0.49893046875,0.4981623046875,0.49893046875,0.4977638671875,0.4970451171875,0.49841796875,0.4965451171875,0.49955,0.49914921875,0.4967498046875,0.4949373046875,0.494221875,0.49904296875,0.498621875,0.495,0.4981623046875,0.49995,0.4868982421875,0.49986796875,0.49971796875,0.496596875,0.4966482421875,0.4958935546875,0.499096875,0.498871875,0.4999763671875,0.4874982421875,0.4980857421875,0.4994091796875,0.4999904296875,0.4908875,0.4990154296875,0.4989591796875,0.499996875,0.49841796875,0.489121875,0.4998357421875,0.49924921875,0.4966482421875,0.49977421875,0.4987185546875,0.4963875,0.4989013671875,0.49071796875,0.49855546875,0.4992248046875,0.49990546875,0.49971796875,0.498871875,0.49965546875,0.4998,0.4991232421875,0.4993201171875,0.4994919921875,0.49999296875,0.4992248046875,0.4985888671875,0.49951171875,0.4962263671875,0.496996875,0.49990546875,0.4996044921875,0.497721875,0.49689921875,0.4999951171875,0.49628046875,0.4992,0.49977421875,0.4997873046875,0.4985216796875,0.4980857421875,0.49951171875,0.4999669921875,0.4982373046875,0.4995685546875
0.499971875,0.49171171875,0.499971875,0.496996875,0.48779296875,0.4999875,0.4999841796875,0.49755,0.4997607421875,0.4999560546875,0.49002421875,0.49827421875,0.4899357421875,0.4995685546875,0.49943046875,0.4971404296875,0.4974169921875,0.4882763671875,0.4978875,0.49875,0.4993654296875,0.4934591796875,0.4913044921875,0.4989875,0.4999904296875,0.47209296875,0.4999841796875,0.4984529296875,0.499471875,0.4902873046875,0.49999921875,0.4998966796875,0.4893966796875,0.49996171875,0.4984875,0.4999435546875,0.49990546875,0.4985888671875,0.4925732421875,0.495,0.49965546875,0.4895779296875,0.4971875,0.49171171875,0.4976794921875,0.4860763671875,0.4985888671875,0.4996388671875,0.4993654296875,0.49951171875,0.4999294921875,0.4992732421875,0.4986544921875,0.4998779296875,0.4999669921875,0.49934296875,0.4995310546875,0.4945529296875,0.4993875,0.49998046875,0.499096875,0.49924921875,0.4953076171875,0.4990701171875,0.4942888671875,0.4999560546875,0.4999294921875,0.4961169921875,0.4854435546875,0.49977421875,0.4998576171875,0.49999921875,0.4968498046875,0.49971796875,0.4980857421875,0.49381171875,0.4992248046875,0.4988419921875,0.48739921875,0.4992732421875,0.4977638671875,0.49995,0.4998,0.497721875,0.4969482421875,0.4968,0.4998576171875,0.4992,0.49977421875,0.4967498046875,0.4998123046875,0.4931701171875,0.499471875,0.4978466796875,0.4976794921875,0.49780546875,0.4996875,0.4958935546875,0.4892138671875,0.4934591796875,0.4958935546875,0.4996044921875,0.4994091796875,0.49996171875,0.4977638671875,0.4949373046875,0.49606171875,0.4995310546875,0.4996875,0.4951857421875,0.4927248046875,0.49999921875,0.4944216796875,0.49914921875,0.4985216796875,0.4998576171875,0.4985888671875,0.49971796875,0.492496875,0.4921091796875,0.49986796875,0.4988419921875,0.4968,0.4999841796875,0.4933875,0.4993654296875,0.49998046875,0.4986544921875,0.49408671875,0.4998,0.49649296875,0.4992732421875,0.4981623046875,0.4948107421875,0.4872,0.49951171875,0.49965546875,0.499471875,0.4997029296875,0.4966482421875,0.4969482421875,0.49924921875,0.4999138671875,0.49728046875,0.4933154296875,0.4999763671875,0.4951857421875,0.4988419921875,0.4999763671875,0.49996171875,0.4980076171875,0.496596875,0.49796796875,0.49999921875,0.4977638671875,0.4994091796875,0.4998123046875,0.49408671875,0.4886560546875,0.4971404296875,0.49995,0.498046875,0.499971875,0.4963875,0.49999921875,0.4999951171875,0.4987810546875,0.49924921875,0.49986796875,0.4999951171875,0.49893046875,0.4973263671875,0.4999763671875,0.499296875,0.49763671875,0.4997326171875,0.4975935546875,0.4969482421875,0.4974169921875,0.4928,0.4987810546875,0.499621875,0.49881171875,0.5,0.4999875,0.49999296875,0.4993654296875,0.4948107421875,0.4995310546875,0.49943046875,0.49461796875,0.4994091796875,0.4999560546875,0.4994091796875,0.4999841796875,0.49746171875,0.4998123046875,0.4983107421875,0.4975935546875,0.49951171875,0.4994091796875,0.4983107421875,0.4973263671875,0.4999560546875,0.4993875,0.49990546875,0.49977421875,0.49512421875,0.497721875,0.49914921875,0.49560546875,0.4893966796875,0.4888435546875,0.49408671875,0.4955466796875,0.4999294921875,0.49264921875,0.4993654296875,0.4972341796875,0.4967498046875,0.4985216796875,0.4999138671875,0.4997326171875,0.4997326171875,0.4998,0.4982373046875,0.499296875,0.49812421875,0.4969482421875,0.49971796875,0.499096875,0.4996388671875,0.4882763671875,0.492496875,0.4998966796875,0.4933154296875,0.49943046875,0.496596875,0.4951857421875,0.48893671875,0.49893046875,0.49435546875,0.4798748046875,0.488371875,0.4989875,0.4899357421875,0.49982421875,0.49875,0.4994513671875,0.4963875,0.496596875,0.4997873046875,0.49583671875,0.48659296875,0.4996875,0.49812421875,0.49977421875,0.4933875,0.4972341796875,0.4868982421875,0.49755,0.49904296875,0.498346875,0.4996388671875,0.499846875,0.49958671875,0.49990546875,0.4987185546875,0.4994091796875,0.49560546875,0.49999921875,0.4989875,0.4997607421875,0.4852294921875,0.49875,0.490546875,0.49993671875,0.499296875,0.48402421875,0.4999951171875,0.4998779296875,0.4953076171875,0.4992248046875,0.4990701171875,0.4994091796875,0.4998,0.4942888671875,0.4997873046875,0.4921875,0.499471875,0.49746171875,0.4990154296875,0.499921875,0.49995,0.4983826171875,0.499296875,0.49881171875,0.49982421875,0.49881171875,0.48856171875,0.4997607421875,0.4999841796875,0.49951171875,0.49990546875,0.4968,0.4988419921875,0.497371875,0.4970451171875,0.490546875,0.4993201171875,0.495721875,0.4996388671875,0.4998966796875,0.4991232421875,0.4983826171875,0.4990154296875,0.49595,0.487596875,0.4964404296875,0.49999921875,0.49986796875,0.4930232421875,0.49990546875,0.49264921875,0.4991232421875,0.4991748046875,0.4902873046875,0.4999294921875,0.496596875,0.4994513671875,0.49689921875,0.49965546875,0.49934296875,0.4984529296875,0.49996171875,0.499621875,0.4992732421875,0.499846875,0.4997326171875,0.4946826171875,0.4966482421875,0.49986796875,0.4999904296875,0.49924921875,0.4996044921875,0.49934296875,0.4949373046875,0.497371875,0.499621875,0.49934296875,0.499846875,0.49951171875,0.4993875,0.49999921875,0.49435546875,0.499096875,0.4979279296875,0.48875,0.4999435546875,0.49353046875,0.4999841796875,0.49893046875,0.4921875,0.496996875,0.4989013671875,0.49996171875,0.4992,0.49868671875,0.49487421875,0.4991232421875,0.499996875,0.4998123046875,0.49965546875,0.4928,0.4969482421875,0.4951857421875,0.4956638671875,0.4862841796875,0.4998966796875,0.4999982421875,0.488371875,0.49998046875,0.4993201171875,0.4990701171875,0.4685935546875,0.4963875,0.4953076171875,0.4999982421875,0.49996171875,0.49990546875,0.49999921875,0.4996875,0.4984529296875,0.4992248046875,0.4927248046875,0.4997873046875,0.4994513671875,0.4999669921875,0.497371875,0.4983826171875,0.4985888671875,0.4989875,0.4999841796875,0.4967498046875,0.491871875,0.4996716796875,0.49203046875,0.49583671875,0.499621875,0.49999296875,0.483346875,0.4993201171875,0.499846875,0.4998576171875,0.4999435546875,0.4999435546875,0.4927248046875,0.49763671875,0.49881171875,0.4944875,0.49812421875,0.4996875,0.4987810546875,0.49728046875,0.4786013671875,0.4948107421875,0.4872998046875,0.4899357421875,0.4993654296875,0.499471875,0.49796796875,0.4999841796875,0.4998576171875,0.49536796875,0.49628046875,0.498621875,0.4999982421875,0.4996875,0.495246875,0.4986544921875,0.497371875,0.49934296875,0.4938810546875,0.4999560546875,0.4981623046875,0.4990701171875,0.4981623046875,0.4994091796875,0.498871875,0.49812421875,0.4996388671875,0.4967498046875,0.4989875,0.4986544921875,0.49875,0.49999921875,0.4999875,0.4999763671875,0.4992732421875,0.49881171875,0.4987185546875,0.4987185546875,0.4978466796875,0.49408671875,0.49669921875,0.495721875,0.498871875,0.49955,0.4999294921875,0.49999296875,0.4895779296875,0.4956638671875,0.49264921875,0.495,0.4945529296875,0.49381171875,0.4922654296875,0.499921875,0.499746875,0.4993654296875,0.4997326171875,0.4991232421875,0.4931701171875,0.4994091796875,0.49606171875,0.5,0.4984529296875,0.49934296875,0.4874982421875,0.49868671875,0.4999435546875,0.49875,0.4913044921875,0.49990546875,0.4878904296875,0.4999982421875,0.49924921875,0.499621875,0.4934591796875,0.4991748046875,0.4991232421875,0.4999138671875,0.4954875,0.4983826171875,0.49924921875,0.4979279296875,0.4990701171875,0.499746875,0.499471875,0.4954279296875,0.49812421875,0.4908875,0.49943046875,0.49002421875,0.4980857421875,0.49999921875,0.49999296875,0.4999763671875,0.49934296875,0.49951171875,0.49995,0.4977638671875,0.4998357421875,0.4999560546875,0.49689921875,0.4941544921875,0.4980076171875,0.49512421875,0.49487421875,0.4965451171875,0.4963341796875,0.4990154296875,0.4998,0.49977421875,0.49796796875,0.4974169921875,0.49536796875,0.4980857421875,0.4997607421875,0.4999982421875,0.49999296875,0.49914921875,0.4999435546875,0.4942888671875,0.49689921875,0.49171171875,0.49827421875,0.499971875,0.49951171875,0.4974169921875,0.4978466796875,0.4997029296875,0.4994091796875,0.499746875,0.495,0.4937419921875,0.49986796875,0.4992,0.4998966796875,0.49951171875,0.4996388671875,0.49999921875,0.498046875,0.49996171875,0.4999841796875,0.4968498046875,0.49914921875,0.4999904296875,0.49560546875,0.4899357421875,0.4999294921875,0.4993201171875,0.4994091796875,0.49999296875,0.49812421875,0.49812421875,0.499921875,0.4980076171875,0.4989875,0.499846875,0.4997029296875,0.4995685546875,0.49875,0.4999435546875,0.4994091796875,0.4998576171875,0.4906326171875,0.49977421875,0.4978875,0.499971875,0.4999560546875,0.4998576171875,0.4998357421875,0.4942888671875,0.4982,0.4879875,0.49855546875,0.49982421875,0.4976794921875,0.4996044921875,0.49812421875,0.4993654296875,0.49924921875,0.4999763671875,0.495,0.4988419921875,0.4991232421875,0.4997029296875,0.499921875,0.4998123046875,0.498046875,0.499471875,0.4999951171875,0.4999669921875,0.4989875,0.49958671875,0.49914921875,0.4995310546875,0.4990154296875,0.496596875,0.49990546875,0.49746171875,0.49990546875,0.4998,0.49669921875,0.49982421875,0.4982373046875,0.48875,0.4986544921875,0.4931701171875,0.49841796875,0.4992248046875,0.499621875,0.4978466796875,0.4996044921875,0.4998779296875,0.49993671875,0.49002421875,0.4974169921875,0.4955466796875,0.49943046875,0.495721875,0.4984529296875,0.49171171875,0.4993201171875,0.4971875,0.4964404296875,0.4928748046875,0.49669921875,0.4997029296875,0.49893046875,0.4942888671875,0.4996875,0.49780546875,0.49595,0.4996044921875,0.4973263671875,0.4999138671875,0.498871875,0.499096875,0.4994919921875,0.49993671875,0.4974169921875,0.4999998046875,0.4999951171875,0.4998966796875,0.49689921875,0.48446796875,0.4993875,0.4997326171875,0.4984875,0.4999560546875,0.499996875,0.4992248046875,0.49294921875,0.4981623046875,0.496996875,0.4927248046875,0.4999294921875,0.4968,0.49990546875,0.4999841796875,0.4996875,0.49435546875,0.477421875,0.49138671875,0.4955466796875,0.4999560546875,0.496171875,0.4994091796875,0.499921875,0.4999951171875,0.49914921875,0.4921875,0.4997326171875,0.499996875,0.4999982421875,0.4998123046875,0.4989013671875,0.49955,0.49995,0.4989013671875,0.4954875,0.4993875,0.491871875,0.49996171875,0.49998046875,0.499846875,0.4963341796875,0.4890294921875,0.4974169921875,0.4980076171875,0.4962263671875,0.4999875,0.49264921875,0.49138671875,0.4933875,0.4998576171875,0.4999560546875,0.4999560546875,0.4985888671875,0.4925732421875,0.49995,0.49990546875,0.4998779296875,0.4985888671875,0.4978875,0.4999669921875,0.4884669921875,0.4933875,0.4983107421875,0.4993201171875,0.4982373046875,0.4886560546875,0.4983107421875,0.4996044921875,0.4968498046875,0.4988419921875,0.4967498046875,0.4955466796875,0.4993875,0.49324296875,0.499296875,0.499746875,0.4936013671875,0.49487421875,0.4963875,0.498621875,0.49982421875,0.499921875,0.49264921875,0.49875,0.49995,0.4998779296875,0.49999296875,0.4987810546875,0.49971796875,0.4901123046875,0.4995685546875,0.4846875,0.4992,0.49955,0.4994091796875,0.49855546875,0.498871875,0.4999998046875,0.4999998046875,0.49812421875,0.49958671875,0.498346875,0.49893046875,0.4999669921875,0.491221875,0.49780546875,0.49955,0.4954279296875,0.49998046875,0.4999841796875,0.489121875,0.49958671875,0.4962263671875,0.4998576171875,0.499846875,0.4963875,0.4957794921875,0.4999763671875,0.4998,0.4978466796875,0.4927248046875,0.4899357421875,0.4986544921875,0.49669921875,0.49855546875,0.4984529296875,0.4993654296875,0.4987810546875,0.49855546875,0.4994919921875,0.4996716796875,0.49999921875,0.498621875,0.4982373046875,0.474121875,0.4985888671875,0.4999294921875,0.49234296875,0.494221875,0.4960060546875,0.4983826171875,0.4975935546875,0.49996171875,0.4999435546875,0.499746875,0.49893046875,0.49993671875,0.4996875,0.4988419921875,0.49669921875,0.4954875,0.4999904296875,0.4934591796875,0.4911388671875,0.494221875,0.4927248046875,0.49728046875,0.496996875,0.4955466796875,0.4958935546875,0.4955466796875,0.49755,0.499846875,0.4960060546875,0.471796875,0.49875,0.4999763671875,0.49998046875,0.4990154296875,0.499971875,0.49999296875,0.4997607421875,0.4995310546875,0.4968,0.4983826171875,0.49560546875,0.49943046875,0.4998123046875,0.49943046875,0.4995685546875,0.49583671875,0.49841796875,0.4988419921875,0.49958671875,0.498346875,0.4998966796875,0.49999296875,0.4981623046875,0.4984875,0.49875,0.4993654296875,0.49998046875,0.4997873046875,0.49709296875,0.4976794921875,0.4999763671875,0.49868671875,0.4996875,0.4999951171875,0.4990154296875,0.49071796875,0.4984529296875,0.49881171875,0.4928,0.49914921875,0.49763671875,0.499971875,0.499746875,0.49595,0.4973263671875,0.4998576171875,0.4964404296875,0.4988419921875,0.498871875,0.4986544921875,0.4991748046875,0.499996875,0.4968,0.49487421875,0.4999998046875,0.496996875,0.4874982421875,0.4989013671875,0.4994513671875,0.4999669921875,0.495246875,0.4880841796875,0.499846875,0.4965451171875,0.4990701171875,0.4998875,0.499296875,0.499621875,0.4983826171875,0.49971796875,0.499621875,0.49606171875,0.4998357421875,0.4987810546875,0.49982421875,0.4934591796875,0.49071796875,0.499971875,0.49977421875,0.4933154296875,0.4996875,0.49763671875,0.498871875,0.4957794921875,0.4996044921875,0.4945529296875,0.4993654296875,0.495246875,0.4996388671875,0.49999921875,0.49982421875,0.498046875,0.4980857421875,0.4968,0.4999138671875,0.49796796875,0.4975060546875,0.49924921875,0.4972341796875,0.4999982421875,0.4999435546875,0.4992,0.495,0.4949373046875,0.49796796875,0.4991748046875,0.4949373046875,0.4962263671875,0.4992732421875,0.4845779296875,0.4992732421875,0.4997326171875,0.4970451171875,0.4950623046875,0.4944875,0.4999294921875,0.49868671875,0.4996388671875,0.48818046875,0.4981623046875,0.49755,0.4999138671875,0.4872,0.49924921875,0.4995310546875,0.49958671875,0.4975935546875,0.49037421875,0.499846875,0.4987185546875,0.49461796875,0.4999875,0.49924921875,0.4970451171875,0.4982,0.49071796875,0.4971404296875,0.4999875,0.49982421875,0.49993671875,0.49995,0.49998046875,0.499971875,0.49951171875,0.4966482421875,0.498871875,0.4999982421875,0.499746875,0.49763671875,0.49958671875,0.49728046875,0.49689921875,0.4999982421875,0.49958671875,0.49780546875,0.4988419921875,0.49999296875,0.49728046875,0.4998966796875,0.49875,0.4996716796875,0.4982373046875,0.4977638671875,0.4994091796875,0.499746875,0.496171875,0.4996044921875
0.49958671875,0.4914685546875,0.499921875,0.4967498046875,0.48739921875,0.49995,0.49971796875,0.4989875,0.4999138671875,0.4999763671875,0.4933875,0.4958935546875,0.486796875,0.49951171875,0.4994091796875,0.4973263671875,0.49728046875,0.4856560546875,0.4968498046875,0.4976794921875,0.4994513671875,0.4919513671875,0.49395,0.49812421875,0.49998046875,0.46587421875,0.4999982421875,0.499471875,0.4997326171875,0.4895779296875,0.499746875,0.4999138671875,0.48856171875,0.49995,0.49841796875,0.4999560546875,0.49993671875,0.4980857421875,0.49461796875,0.4965451171875,0.4999904296875,0.4913044921875,0.49606171875,0.490546875,0.49855546875,0.4872998046875,0.4992732421875,0.49999296875,0.4992732421875,0.4991232421875,0.49999921875,0.4999763671875,0.4984529296875,0.499471875,0.49995,0.4997029296875,0.49982421875,0.4975935546875,0.49827421875,0.49914921875,0.49893046875,0.49796796875,0.4969482421875,0.4980076171875,0.49105546875,0.4999435546875,0.49977421875,0.49408671875,0.4901123046875,0.4999951171875,0.4997607421875,0.4998357421875,0.4971875,0.4998779296875,0.49943046875,0.4933875,0.49924921875,0.4981623046875,0.48576171875,0.4996044921875,0.49943046875,0.49999921875,0.49986796875,0.49649296875,0.49796796875,0.498346875,0.49998046875,0.4989875,0.49951171875,0.49560546875,0.4997326171875,0.4963341796875,0.4994091796875,0.49868671875,0.49812421875,0.4989875,0.4999294921875,0.496171875,0.4860763671875,0.496996875,0.4963341796875,0.49990546875,0.4990701171875,0.49999921875,0.498871875,0.495,0.4972341796875,0.4999763671875,0.49982421875,0.4901123046875,0.4874982421875,0.49993671875,0.4908875,0.49934296875,0.49827421875,0.49977421875,0.4977638671875,0.49986796875,0.49105546875,0.49649296875,0.4998966796875,0.49855546875,0.494221875,0.4998123046875,0.4893966796875,0.499296875,0.4999951171875,0.49855546875,0.4908875,0.4999951171875,0.4945529296875,0.4991748046875,0.49606171875,0.4945529296875,0.49203046875,0.499921875,0.49855546875,0.4992732421875,0.4978875,0.49669921875,0.49669921875,0.4987810546875,0.4998875,0.4973263671875,0.49324296875,0.49986796875,0.4956638671875,0.4999294921875,0.4997326171875,0.4994513671875,0.4984875,0.49780546875,0.4963875,0.49995,0.49977421875,0.4998966796875,0.49965546875,0.4930232421875,0.4874982421875,0.4980857421875,0.499746875,0.4986544921875,0.499296875,0.49461796875,0.4999294921875,0.4998576171875,0.4991232421875,0.49977421875,0.49998046875,0.4997873046875,0.4985888671875,0.4963341796875,0.4999982421875,0.49904296875,0.49855546875,0.4999763671875,0.49746171875,0.4973263671875,0.4990701171875,0.4906326171875,0.49958671875,0.4999982421875,0.4979279296875,0.4993201171875,0.49977421875,0.4998576171875,0.49904296875,0.4973263671875,0.499471875,0.499971875,0.4945529296875,0.499471875,0.499971875,0.4980857421875,0.4998779296875,0.4955466796875,0.4996388671875,0.4978466796875,0.4956638671875,0.499296875,0.49965546875,0.4976794921875,0.49689921875,0.49995,0.4992732421875,0.4998779296875,0.499921875,0.496171875,0.4985216796875,0.49958671875,0.4970451171875,0.4899357421875,0.4847966796875,0.4946826171875,0.4967498046875,0.49965546875,0.4921091796875,0.4989591796875,0.49841796875,0.49841796875,0.49728046875,0.4998966796875,0.4996716796875,0.4999951171875,0.4991232421875,0.49868671875,0.4985216796875,0.4975935546875,0.49881171875,0.499921875,0.4981623046875,0.49904296875,0.49171171875,0.4878904296875,0.4998357421875,0.4933154296875,0.4998357421875,0.4944216796875,0.4965451171875,0.48818046875,0.4994091796875,0.4964404296875,0.4793701171875,0.48930546875,0.498621875,0.4813513671875,0.4996875,0.499471875,0.4996044921875,0.4974169921875,0.4971404296875,0.4999951171875,0.49324296875,0.4864904296875,0.4980857421875,0.4968,0.49934296875,0.49155,0.4971404296875,0.4895779296875,0.49780546875,0.498621875,0.4986544921875,0.499996875,0.4998875,0.4993654296875,0.4987185546875,0.49881171875,0.4994091796875,0.4934591796875,0.4998966796875,0.4978875,0.49977421875,0.4815919921875,0.497721875,0.4911388671875,0.4999669921875,0.4993201171875,0.4858669921875,0.4999669921875,0.4996044921875,0.4927248046875,0.49875,0.49943046875,0.4995310546875,0.4990701171875,0.4937419921875,0.4985888671875,0.4954875,0.4985888671875,0.4985216796875,0.49841796875,0.498871875,0.4998357421875,0.499621875,0.49999921875,0.4991748046875,0.49958671875,0.4993654296875,0.49138671875,0.4999669921875,0.49951171875,0.4991748046875,0.4997607421875,0.4937419921875,0.499996875,0.4984875,0.4963875,0.4913044921875,0.49996171875,0.49628046875,0.4997873046875,0.49999921875,0.499846875,0.4984529296875,0.4996388671875,0.4962263671875,0.4862841796875,0.4984875,0.4998779296875,0.4998576171875,0.4911388671875,0.49996171875,0.49234296875,0.4996388671875,0.49827421875,0.4908875,0.4998,0.4971404296875,0.4997873046875,0.49689921875,0.499296875,0.4994091796875,0.4993654296875,0.4999294921875,0.49986796875,0.4987810546875,0.4998875,0.4998,0.4949373046875,0.49796796875,0.4988419921875,0.49955,0.4994513671875,0.4995685546875,0.4975060546875,0.4944216796875,0.49536796875,0.49982421875,0.4990701171875,0.498346875,0.49993671875,0.4996388671875,0.4999138671875,0.49560546875,0.4996716796875,0.49812421875,0.48402421875,0.49996171875,0.4930232421875,0.499996875,0.4985216796875,0.49155,0.4983826171875,0.49971796875,0.4999560546875,0.4993654296875,0.4982373046875,0.4956638671875,0.4982373046875,0.4999875,0.4985216796875,0.4999560546875,0.4938810546875,0.4958935546875,0.49512421875,0.49796796875,0.48875,0.4999998046875,0.499621875,0.488371875,0.4998576171875,0.4997607421875,0.49881171875,0.4746875,0.4948107421875,0.493671875,0.499996875,0.4998,0.4999560546875,0.4999998046875,0.4980076171875,0.49649296875,0.4997607421875,0.4942888671875,0.49951171875,0.4999294921875,0.49993671875,0.49203046875,0.4991232421875,0.4997029296875,0.4997326171875,0.49986796875,0.4989875,0.4895779296875,0.4989013671875,0.48739921875,0.4978466796875,0.49934296875,0.4999669921875,0.48402421875,0.4976794921875,0.49965546875,0.4999560546875,0.4998123046875,0.4998966796875,0.49461796875,0.4969482421875,0.4974169921875,0.4949373046875,0.498046875,0.4999294921875,0.4986544921875,0.4985216796875,0.4846875,0.494221875,0.4864904296875,0.4876951171875,0.4994513671875,0.4977638671875,0.496596875,0.4998779296875,0.4999294921875,0.4936013671875,0.4971875,0.498621875,0.4996388671875,0.4997029296875,0.4951857421875,0.49827421875,0.49746171875,0.499471875,0.49628046875,0.499921875,0.4976794921875,0.4989591796875,0.4964404296875,0.49934296875,0.4989591796875,0.4990701171875,0.4989013671875,0.49855546875,0.4997326171875,0.4996875,0.4990701171875,0.4998,0.4997607421875,0.49990546875,0.498621875,0.49934296875,0.49796796875,0.498046875,0.4968498046875,0.49294921875,0.497721875,0.4977638671875,0.4989875,0.49812421875,0.4998779296875,0.49999921875,0.4902,0.4942888671875,0.4921875,0.495,0.4948107421875,0.4954875,0.49381171875,0.4996388671875,0.49996171875,0.49996171875,0.49955,0.498871875,0.4933154296875,0.49914921875,0.4963341796875,0.49996171875,0.4953076171875,0.49943046875,0.4864904296875,0.49868671875,0.4999875,0.49958671875,0.49264921875,0.4993654296875,0.4897576171875,0.49999921875,0.4999763671875,0.4999841796875,0.49071796875,0.49955,0.4978875,0.4999875,0.4940185546875,0.4990701171875,0.4998576171875,0.49746171875,0.4980857421875,0.4998875,0.4986544921875,0.49649296875,0.49958671875,0.49138671875,0.49827421875,0.4876951171875,0.4989013671875,0.49965546875,0.5,0.499846875,0.49841796875,0.4977638671875,0.4993654296875,0.49606171875,0.4992,0.4992,0.4971404296875,0.4931701171875,0.4976794921875,0.4942888671875,0.4953076171875,0.49628046875,0.4961169921875,0.4960060546875,0.4999998046875,0.49875,0.4983826171875,0.4989875,0.4942888671875,0.49746171875,0.4993654296875,0.4999841796875,0.4998576171875,0.4984529296875,0.4997873046875,0.4942888671875,0.49669921875,0.4927248046875,0.49934296875,0.49943046875,0.49995,0.4986544921875,0.49855546875,0.499471875,0.4989591796875,0.4999951171875,0.49353046875,0.49560546875,0.4994091796875,0.49796796875,0.49990546875,0.4993201171875,0.4999904296875,0.4999875,0.4972341796875,0.4999904296875,0.49977421875,0.4975935546875,0.49904296875,0.49990546875,0.4956638671875,0.4895779296875,0.49990546875,0.498621875,0.49958671875,0.4999294921875,0.4958935546875,0.4968,0.4999763671875,0.4975935546875,0.4995685546875,0.49996171875,0.499096875,0.4985888671875,0.4993201171875,0.4998875,0.4998779296875,0.4998779296875,0.4904607421875,0.49982421875,0.497721875,0.4998576171875,0.4998357421875,0.499996875,0.49995,0.494221875,0.4980076171875,0.48659296875,0.4984875,0.499971875,0.4990154296875,0.49881171875,0.49709296875,0.4997326171875,0.4998576171875,0.4999982421875,0.4950623046875,0.4983107421875,0.4994919921875,0.4997029296875,0.498621875,0.4999763671875,0.49881171875,0.49914921875,0.4995310546875,0.49914921875,0.499621875,0.4985216796875,0.4987810546875,0.49999921875,0.49689921875,0.4954279296875,0.4999904296875,0.4967498046875,0.4998123046875,0.4997607421875,0.4966482421875,0.4999669921875,0.4956638671875,0.489121875,0.4999951171875,0.4933875,0.49875,0.4993201171875,0.4998576171875,0.49709296875,0.49993671875,0.4999560546875,0.49993671875,0.49071796875,0.49628046875,0.4966482421875,0.4999982421875,0.4982,0.498046875,0.493096875,0.4991232421875,0.4978466796875,0.4968,0.493671875,0.496171875,0.4999951171875,0.49951171875,0.497371875,0.4991232421875,0.4971404296875,0.49536796875,0.4996716796875,0.497371875,0.4999998046875,0.498346875,0.49881171875,0.4994513671875,0.4997873046875,0.49796796875,0.4999951171875,0.49955,0.49875,0.4979279296875,0.4870998046875,0.49855546875,0.4998779296875,0.4987810546875,0.4998,0.4999841796875,0.4983107421875,0.4922654296875,0.4983826171875,0.49512421875,0.4938810546875,0.49993671875,0.49755,0.4998576171875,0.49999921875,0.4981623046875,0.49512421875,0.476346875,0.49264921875,0.496996875,0.49982421875,0.4961169921875,0.4989591796875,0.49982421875,0.4998966796875,0.499096875,0.4902873046875,0.49958671875,0.499971875,0.4998357421875,0.49881171875,0.4989013671875,0.4999982421875,0.49998046875,0.4985888671875,0.49728046875,0.49958671875,0.49234296875,0.4999904296875,0.49977421875,0.4998123046875,0.4951857421875,0.48779296875,0.4975935546875,0.49955,0.496171875,0.49943046875,0.4919513671875,0.49002421875,0.49408671875,0.4996388671875,0.49965546875,0.49999921875,0.499621875,0.4944216796875,0.49982421875,0.4989013671875,0.4997029296875,0.4986544921875,0.4975060546875,0.4998779296875,0.48893671875,0.4928748046875,0.4975060546875,0.4966482421875,0.49746171875,0.488371875,0.49868671875,0.49990546875,0.4982373046875,0.4992,0.4950623046875,0.4968498046875,0.4994513671875,0.4914685546875,0.498871875,0.4999763671875,0.4906326171875,0.4950623046875,0.49755,0.4989875,0.49999296875,0.49971796875,0.4950623046875,0.4989875,0.49999921875,0.4998875,0.4997326171875,0.4973263671875,0.4994091796875,0.4868982421875,0.499471875,0.4850138671875,0.4997607421875,0.4999875,0.499471875,0.4981623046875,0.49934296875,0.499296875,0.49934296875,0.49780546875,0.499471875,0.4971875,0.4992248046875,0.49943046875,0.4897576171875,0.4967498046875,0.49881171875,0.49755,0.499971875,0.4999435546875,0.49408671875,0.4993654296875,0.4970451171875,0.49982421875,0.4997029296875,0.4958935546875,0.4955466796875,0.4999904296875,0.4999669921875,0.4961169921875,0.4951857421875,0.49002421875,0.4989875,0.4970451171875,0.4990154296875,0.497371875,0.49841796875,0.499471875,0.4986544921875,0.4998779296875,0.4999875,0.49934296875,0.4990701171875,0.4985888671875,0.47552421875,0.49893046875,0.4996716796875,0.4888435546875,0.4949373046875,0.4976794921875,0.49855546875,0.4983107421875,0.4995685546875,0.4998,0.4994919921875,0.4982373046875,0.49955,0.4999669921875,0.4984529296875,0.49755,0.495246875,0.4998875,0.49353046875,0.4909716796875,0.4957794921875,0.4936013671875,0.495721875,0.4974169921875,0.4977638671875,0.495721875,0.497721875,0.497371875,0.49998046875,0.494221875,0.4742638671875,0.49827421875,0.49958671875,0.4994919921875,0.4980857421875,0.49986796875,0.4999669921875,0.49881171875,0.499471875,0.4991232421875,0.4977638671875,0.497371875,0.4978466796875,0.4999763671875,0.4994091796875,0.499471875,0.4967498046875,0.4990701171875,0.4994513671875,0.4994919921875,0.4994919921875,0.4998123046875,0.49982421875,0.49924921875,0.49875,0.4998,0.4994513671875,0.4995685546875,0.4986544921875,0.495721875,0.498346875,0.4999951171875,0.49628046875,0.49995,0.4998966796875,0.4975060546875,0.4909716796875,0.49955,0.4991232421875,0.491221875,0.4990701171875,0.4995310546875,0.49943046875,0.49990546875,0.494221875,0.497721875,0.4994513671875,0.4963875,0.4975060546875,0.4975935546875,0.497721875,0.4985216796875,0.4997029296875,0.4936013671875,0.49649296875,0.4997607421875,0.49709296875,0.48555,0.4994091796875,0.4994091796875,0.49996171875,0.4986544921875,0.4895779296875,0.4999763671875,0.49395,0.49958671875,0.49999921875,0.4988419921875,0.499471875,0.49812421875,0.49999296875,0.4999294921875,0.49669921875,0.4999998046875,0.49893046875,0.49924921875,0.49203046875,0.48930546875,0.499996875,0.4999435546875,0.4934591796875,0.499471875,0.49709296875,0.49881171875,0.49155,0.4985888671875,0.49583671875,0.4979279296875,0.4940185546875,0.499746875,0.4999435546875,0.499296875,0.498871875,0.4981623046875,0.4978466796875,0.49951171875,0.4989013671875,0.49595,0.49955,0.4964404296875,0.4998357421875,0.4997607421875,0.4978466796875,0.4973263671875,0.49294921875,0.4978875,0.4999841796875,0.4955466796875,0.4968,0.49943046875,0.485121875,0.49914921875,0.4993654296875,0.498871875,0.4975935546875,0.4940185546875,0.49986796875,0.4979279296875,0.4997607421875,0.488371875,0.4963341796875,0.4975935546875,0.4999138671875,0.49138671875,0.4996875,0.4994091796875,0.49965546875,0.49827421875,0.48618046875,0.4989591796875,0.496171875,0.49408671875,0.499746875,0.4997607421875,0.49728046875,0.4985888671875,0.4921875,0.4967498046875,0.499471875,0.4999841796875,0.49995,0.4999998046875,0.4998357421875,0.4999904296875,0.4989013671875,0.499471875,0.49943046875,0.49990546875,0.4996388671875,0.4987810546875,0.4999763671875,0.49728046875,0.4962263671875,0.4999841796875,0.4989591796875,0.49560546875,0.4996044921875,0.4995310546875,0.4987810546875,0.49990546875,0.498621875,0.4999294921875,0.4993875,0.4993201171875,0.4988419921875,0.4999841796875,0.4961169921875,0.4995685546875
0.49977421875,0.4921091796875,0.4995685546875,0.495,0.48490546875,0.4999435546875,0.4998123046875,0.4989591796875,0.4998779296875,0.4991748046875,0.49105546875,0.4950623046875,0.4921091796875,0.49914921875,0.499746875,0.49536796875,0.4974169921875,0.4847966796875,0.4982373046875,0.49881171875,0.4990154296875,0.4931701171875,0.4970451171875,0.4992,0.4989875,0.4707482421875,0.4998966796875,0.4997873046875,0.4994091796875,0.4879875,0.49924921875,0.4999982421875,0.4850138671875,0.4999435546875,0.49881171875,0.4996875,0.4999294921875,0.497371875,0.4928748046875,0.4963875,0.49986796875,0.4895779296875,0.496171875,0.4917919921875,0.4973263671875,0.48555,0.4993875,0.4998779296875,0.4994091796875,0.49914921875,0.5,0.4999294921875,0.4969482421875,0.4971875,0.49990546875,0.49728046875,0.4998,0.4973263671875,0.4975060546875,0.49990546875,0.49982421875,0.4983826171875,0.4974169921875,0.4971404296875,0.4954875,0.49996171875,0.4992732421875,0.4933154296875,0.489121875,0.4999841796875,0.4999998046875,0.4997873046875,0.4975935546875,0.4999138671875,0.4999951171875,0.49408671875,0.4991748046875,0.4997873046875,0.4870998046875,0.49971796875,0.49999921875,0.4999669921875,0.499296875,0.4980857421875,0.4991232421875,0.49893046875,0.4999560546875,0.4987185546875,0.4997029296875,0.49728046875,0.4992,0.4957794921875,0.4985216796875,0.4972341796875,0.49855546875,0.4985888671875,0.4999998046875,0.4963875,0.4897576171875,0.498046875,0.4933875,0.49986796875,0.499296875,0.4997326171875,0.49904296875,0.4902873046875,0.4967498046875,0.4998875,0.4999435546875,0.4882763671875,0.4845779296875,0.4999435546875,0.487596875,0.4982373046875,0.4985216796875,0.49990546875,0.49881171875,0.499746875,0.49264921875,0.49958671875,0.4999138671875,0.497721875,0.4971404296875,0.4997873046875,0.4906326171875,0.49998046875,0.4998576171875,0.497371875,0.49037421875,0.4993654296875,0.493671875,0.49943046875,0.49755,0.4931701171875,0.4951857421875,0.4997326171875,0.49924921875,0.49999296875,0.4987185546875,0.4984529296875,0.4961169921875,0.49841796875,0.4999294921875,0.4979279296875,0.4916310546875,0.4998,0.49763671875,0.49999921875,0.49999296875,0.499296875,0.49841796875,0.4980076171875,0.49353046875,0.499971875,0.4999560546875,0.49914921875,0.4999982421875,0.4894875,0.48818046875,0.4972341796875,0.4999138671875,0.4980857421875,0.4989875,0.4966482421875,0.49943046875,0.4999951171875,0.49993671875,0.4999998046875,0.4996716796875,0.4998779296875,0.4966482421875,0.4937419921875,0.4999875,0.4998123046875,0.4979279296875,0.4985216796875,0.4972341796875,0.4958935546875,0.4975060546875,0.4902873046875,0.4998123046875,0.4998576171875,0.49904296875,0.4993654296875,0.49990546875,0.49971796875,0.49763671875,0.4921875,0.4984875,0.499621875,0.49689921875,0.4989875,0.49965546875,0.49875,0.4999841796875,0.4954279296875,0.49971796875,0.496171875,0.4964404296875,0.49995,0.49875,0.49943046875,0.4962263671875,0.49999296875,0.499921875,0.4999560546875,0.49995,0.495246875,0.4993201171875,0.4999560546875,0.49812421875,0.4906326171875,0.4862841796875,0.49264921875,0.4978466796875,0.4991232421875,0.4942888671875,0.4999875,0.4989875,0.4975935546875,0.49780546875,0.499971875,0.4998875,0.49996171875,0.49812421875,0.49728046875,0.4980076171875,0.4975060546875,0.4989013671875,0.499996875,0.49827421875,0.4990154296875,0.4927248046875,0.4879875,0.49995,0.491221875,0.4997029296875,0.4948107421875,0.49689921875,0.4899357421875,0.4975060546875,0.4973263671875,0.4820685546875,0.48893671875,0.4999982421875,0.4811091796875,0.4997029296875,0.49951171875,0.4998,0.495721875,0.49965546875,0.4999875,0.4949373046875,0.48576171875,0.4983107421875,0.4987810546875,0.49812421875,0.49171171875,0.4978466796875,0.4902,0.4975060546875,0.4981623046875,0.4985216796875,0.4998,0.4999841796875,0.49990546875,0.4976794921875,0.4998966796875,0.4990701171875,0.4946826171875,0.4998875,0.4970451171875,0.4991232421875,0.4866951171875,0.4978875,0.4897576171875,0.499846875,0.4994919921875,0.4825388671875,0.4996388671875,0.4998576171875,0.4951857421875,0.4980857421875,0.4998779296875,0.4999435546875,0.49934296875,0.4921091796875,0.4990154296875,0.49583671875,0.4999435546875,0.4976794921875,0.4973263671875,0.4990154296875,0.499971875,0.49955,0.4995310546875,0.49951171875,0.49965546875,0.49868671875,0.48930546875,0.5,0.4998779296875,0.4974169921875,0.4996716796875,0.4953076171875,0.4999560546875,0.4990154296875,0.497371875,0.4916310546875,0.49986796875,0.49649296875,0.49958671875,0.4999998046875,0.4986544921875,0.49796796875,0.498046875,0.4975060546875,0.48659296875,0.4996875,0.5,0.4998779296875,0.4899357421875,0.4999998046875,0.4913044921875,0.499296875,0.4983826171875,0.4925732421875,0.4998,0.49709296875,0.49958671875,0.49628046875,0.4995685546875,0.4991748046875,0.497371875,0.49993671875,0.4999294921875,0.4998,0.4997873046875,0.4999763671875,0.4944216796875,0.49595,0.49914921875,0.4995310546875,0.49951171875,0.4991232421875,0.4978466796875,0.4941544921875,0.4965451171875,0.4983826171875,0.49971796875,0.499471875,0.49999296875,0.4991748046875,0.4999982421875,0.49689921875,0.4996875,0.49755,0.47795,0.4999763671875,0.4933154296875,0.4999998046875,0.4976794921875,0.49203046875,0.49855546875,0.4998357421875,0.49998046875,0.4980857421875,0.4991748046875,0.49746171875,0.4979279296875,0.4999998046875,0.4991748046875,0.499621875,0.49155,0.4981623046875,0.4921875,0.4992732421875,0.4882763671875,0.4996388671875,0.49955,0.4866951171875,0.49998046875,0.4993875,0.4973263671875,0.4762107421875,0.49728046875,0.4921091796875,0.49998046875,0.4998357421875,0.4999982421875,0.4999904296875,0.49780546875,0.4975935546875,0.4991232421875,0.48875,0.4997326171875,0.4999951171875,0.4999560546875,0.4906326171875,0.49951171875,0.49955,0.4995685546875,0.49990546875,0.4980857421875,0.4928748046875,0.4996875,0.49234296875,0.495721875,0.49827421875,0.4999951171875,0.47768671875,0.495721875,0.4993875,0.4999138671875,0.49971796875,0.499846875,0.49512421875,0.498046875,0.4975060546875,0.49583671875,0.49595,0.4999435546875,0.4982,0.49855546875,0.4846875,0.496596875,0.4863875,0.486796875,0.4988419921875,0.4962263671875,0.4967498046875,0.4999841796875,0.4994919921875,0.4970451171875,0.4976794921875,0.49512421875,0.4992248046875,0.49855546875,0.4944875,0.496996875,0.49827421875,0.4998875,0.495,0.4996388671875,0.4978875,0.4982373046875,0.4960060546875,0.49881171875,0.49755,0.4988419921875,0.4992732421875,0.497721875,0.499996875,0.4998576171875,0.49914921875,0.4999998046875,0.4999763671875,0.499921875,0.4999763671875,0.49763671875,0.49881171875,0.499296875,0.497721875,0.4924201171875,0.49560546875,0.49780546875,0.4990701171875,0.49855546875,0.4999669921875,0.4998779296875,0.4914685546875,0.4958935546875,0.4899357421875,0.4933154296875,0.495721875,0.4933154296875,0.493671875,0.4994919921875,0.499996875,0.4996716796875,0.4993875,0.4996044921875,0.49435546875,0.499471875,0.4948107421875,0.4999669921875,0.4942888671875,0.499471875,0.4830029296875,0.4992248046875,0.49998046875,0.4977638671875,0.4944216796875,0.4996875,0.4876951171875,0.499996875,0.4999560546875,0.4993875,0.49294921875,0.499471875,0.4991748046875,0.4998875,0.4933875,0.4989875,0.4988419921875,0.4985888671875,0.4966482421875,0.4999669921875,0.4999982421875,0.4958935546875,0.4999560546875,0.4904607421875,0.49965546875,0.4895779296875,0.497721875,0.4985888671875,0.49993671875,0.4998966796875,0.49755,0.4991748046875,0.4989013671875,0.4975060546875,0.4986544921875,0.49812421875,0.49709296875,0.4928,0.49689921875,0.4942888671875,0.49595,0.4951857421875,0.4964404296875,0.4969482421875,0.4996716796875,0.4995310546875,0.4965451171875,0.4974169921875,0.49294921875,0.497371875,0.4996875,0.499846875,0.49977421875,0.4987185546875,0.49995,0.49606171875,0.49780546875,0.4902873046875,0.49827421875,0.4997873046875,0.4998,0.4978466796875,0.4958935546875,0.4991748046875,0.4992,0.4999875,0.49512421875,0.4944875,0.49868671875,0.4985216796875,0.499971875,0.4995310546875,0.4999951171875,0.499921875,0.4990701171875,0.499746875,0.4997326171875,0.4980076171875,0.49728046875,0.4999841796875,0.493671875,0.4911388671875,0.4996388671875,0.4976794921875,0.4983107421875,0.4996044921875,0.49595,0.494746875,0.4998779296875,0.4981623046875,0.4985888671875,0.4998779296875,0.4982373046875,0.4989013671875,0.4995310546875,0.4998357421875,0.49986796875,0.499746875,0.48818046875,0.4997029296875,0.4975935546875,0.499921875,0.49934296875,0.4998875,0.4996875,0.4938810546875,0.49893046875,0.481471875,0.49881171875,0.4998,0.4967498046875,0.4977638671875,0.4976794921875,0.499846875,0.499971875,0.499621875,0.4955466796875,0.4985888671875,0.4999138671875,0.499471875,0.4998576171875,0.4999904296875,0.49628046875,0.4993201171875,0.4999841796875,0.499621875,0.4999841796875,0.498346875,0.4975060546875,0.4991232421875,0.4953076171875,0.4942888671875,0.4999560546875,0.49689921875,0.4998357421875,0.4994091796875,0.4969482421875,0.4998576171875,0.494221875,0.49002421875,0.4998576171875,0.4888435546875,0.497721875,0.4992248046875,0.49982421875,0.4980076171875,0.4999669921875,0.49943046875,0.49868671875,0.4895779296875,0.49827421875,0.4975935546875,0.49977421875,0.49746171875,0.4982373046875,0.4886560546875,0.49893046875,0.4983107421875,0.4975935546875,0.49324296875,0.4969482421875,0.4999669921875,0.4994919921875,0.4966482421875,0.4997029296875,0.4963875,0.4963341796875,0.4990154296875,0.4977638671875,0.49999296875,0.49955,0.49812421875,0.4990154296875,0.4999841796875,0.4971875,0.499971875,0.4998357421875,0.49868671875,0.497721875,0.4825388671875,0.4971875,0.49971796875,0.49893046875,0.49982421875,0.4994919921875,0.49780546875,0.49071796875,0.4989013671875,0.4966482421875,0.4963875,0.4992732421875,0.4975060546875,0.49999921875,0.49995,0.498346875,0.4970451171875,0.4803732421875,0.4909716796875,0.4961169921875,0.4999998046875,0.496596875,0.4986544921875,0.4998123046875,0.4998576171875,0.4996716796875,0.4908029296875,0.4992,0.4999294921875,0.4999841796875,0.4975935546875,0.4986544921875,0.4999560546875,0.4999841796875,0.49934296875,0.49395,0.4992,0.48555,0.4999435546875,0.4996388671875,0.49780546875,0.49595,0.4884669921875,0.49595,0.49868671875,0.49560546875,0.49993671875,0.4876951171875,0.49138671875,0.4944875,0.49893046875,0.4999841796875,0.4998576171875,0.4996875,0.4951857421875,0.4999998046875,0.4976794921875,0.4994513671875,0.49924921875,0.49536796875,0.4998779296875,0.4884669921875,0.4941544921875,0.4984875,0.4975935546875,0.4971404296875,0.4895779296875,0.499096875,0.4999138671875,0.4984875,0.4972341796875,0.4944875,0.4951857421875,0.4998123046875,0.4913044921875,0.49943046875,0.4993654296875,0.4902,0.4930232421875,0.4956638671875,0.4991748046875,0.499921875,0.4999138671875,0.49155,0.4975060546875,0.49996171875,0.49999921875,0.4999904296875,0.498871875,0.4999138671875,0.4856560546875,0.4984529296875,0.4820685546875,0.49904296875,0.4999998046875,0.4990701171875,0.497371875,0.49999921875,0.49958671875,0.499846875,0.4977638671875,0.4995310546875,0.49689921875,0.4995685546875,0.4998123046875,0.48930546875,0.4958935546875,0.4988419921875,0.4980076171875,0.4999294921875,0.49990546875,0.4890294921875,0.499096875,0.4958935546875,0.49993671875,0.4999904296875,0.4949373046875,0.494221875,0.4999763671875,0.4999669921875,0.49595,0.49595,0.48555,0.498046875,0.4965451171875,0.497371875,0.49780546875,0.49881171875,0.4998,0.4986544921875,0.499971875,0.49996171875,0.4998576171875,0.49996171875,0.499096875,0.4731169921875,0.4991232421875,0.4999982421875,0.4858669921875,0.49728046875,0.4997029296875,0.4975935546875,0.49512421875,0.49943046875,0.4995310546875,0.4996875,0.4992248046875,0.4996044921875,0.4999951171875,0.4990154296875,0.4980857421875,0.49827421875,0.498871875,0.4942888671875,0.49105546875,0.4930232421875,0.49264921875,0.49408671875,0.4975060546875,0.4971404296875,0.4945529296875,0.49728046875,0.4960060546875,0.49996171875,0.4922654296875,0.468121875,0.4994513671875,0.4993654296875,0.49881171875,0.4996875,0.49881171875,0.4999669921875,0.4980076171875,0.499096875,0.4987185546875,0.496996875,0.4964404296875,0.4990701171875,0.49977421875,0.49951171875,0.4994091796875,0.4985216796875,0.49893046875,0.4998123046875,0.4991748046875,0.49943046875,0.499921875,0.4999294921875,0.4974169921875,0.497721875,0.4996044921875,0.49965546875,0.49982421875,0.4984875,0.49628046875,0.4989591796875,0.49998046875,0.498046875,0.4998966796875,0.49999921875,0.4975935546875,0.4888435546875,0.4984875,0.49995,0.4892138671875,0.4962263671875,0.4995685546875,0.49999296875,0.4989875,0.4938810546875,0.49893046875,0.49924921875,0.492496875,0.49649296875,0.4985216796875,0.496996875,0.4992732421875,0.49965546875,0.4937419921875,0.4957794921875,0.499846875,0.49755,0.4864904296875,0.4993875,0.49914921875,0.4999763671875,0.4954279296875,0.489846875,0.49971796875,0.4927248046875,0.4992732421875,0.49971796875,0.49958671875,0.4994091796875,0.49875,0.49990546875,0.49995,0.4956638671875,0.4999982421875,0.4997029296875,0.49728046875,0.488371875,0.48893671875,0.4997326171875,0.4998,0.493096875,0.49955,0.49746171875,0.4973263671875,0.4922654296875,0.4989875,0.4967498046875,0.4991232421875,0.4933875,0.4999904296875,0.4999982421875,0.499971875,0.4997326171875,0.49841796875,0.49875,0.4994091796875,0.49943046875,0.4979279296875,0.4980076171875,0.4967498046875,0.4998357421875,0.49955,0.4958935546875,0.4983107421875,0.4906326171875,0.498046875,0.499971875,0.4973263671875,0.4957794921875,0.4994513671875,0.48699921875,0.49924921875,0.499296875,0.4963341796875,0.49512421875,0.4941544921875,0.499471875,0.4996388671875,0.4998875,0.4879875,0.4940185546875,0.498346875,0.4999951171875,0.4890294921875,0.49943046875,0.49875,0.49999921875,0.4983826171875,0.485971875,0.4999669921875,0.499621875,0.4944216796875,0.4994091796875,0.4998875,0.49669921875,0.498621875,0.49294921875,0.4970451171875,0.499996875,0.4999763671875,0.4998123046875,0.4998357421875,0.499471875,0.49958671875,0.49812421875,0.4997326171875,0.49763671875,0.4998966796875,0.499846875,0.4986544921875,0.4998966796875,0.4951857421875,0.4944875,0.4997873046875,0.49875,0.4976794921875,0.49763671875,0.4987185546875,0.4997873046875,0.49995,0.4985888671875,0.4998123046875,0.49943046875,0.4984529296875,0.499296875,0.4995685546875,0.4963341796875,0.4996044921875
0.4997607421875,0.4902,0.4999138671875,0.49560546875,0.48659296875,0.4998123046875,0.4998,0.49881171875,0.49971796875,0.49855546875,0.492496875,0.496171875,0.4902873046875,0.4987810546875,0.499096875,0.4967498046875,0.49763671875,0.48659296875,0.49709296875,0.49924921875,0.49914921875,0.4940185546875,0.4979279296875,0.4996044921875,0.49977421875,0.4699875,0.4998966796875,0.4984529296875,0.499471875,0.4846875,0.499846875,0.4998123046875,0.4860763671875,0.49999296875,0.49904296875,0.4999982421875,0.4994091796875,0.4979279296875,0.4953076171875,0.497721875,0.49893046875,0.48856171875,0.49583671875,0.4893966796875,0.4972341796875,0.4838,0.49998046875,0.4998875,0.4999294921875,0.49943046875,0.49999921875,0.4997873046875,0.4954279296875,0.4993875,0.4999904296875,0.4989591796875,0.4993875,0.4967498046875,0.4984875,0.4998,0.49893046875,0.49780546875,0.49796796875,0.49689921875,0.4928748046875,0.49971796875,0.4995310546875,0.49171171875,0.49138671875,0.4999669921875,0.4998875,0.499971875,0.496596875,0.499971875,0.4997326171875,0.493096875,0.4998875,0.4996044921875,0.49037421875,0.49943046875,0.4998966796875,0.49958671875,0.4999560546875,0.49796796875,0.4990154296875,0.4985216796875,0.49998046875,0.4987810546875,0.4992,0.4954279296875,0.4998966796875,0.49461796875,0.49881171875,0.496171875,0.49780546875,0.495721875,0.4999435546875,0.4980857421875,0.4856560546875,0.4971875,0.49512421875,0.4996716796875,0.49965546875,0.4998357421875,0.49955,0.489121875,0.4956638671875,0.499996875,0.499971875,0.48739921875,0.4892138671875,0.4998357421875,0.4890294921875,0.4999763671875,0.4982,0.499971875,0.498621875,0.4997029296875,0.4922654296875,0.4996044921875,0.4998779296875,0.4962263671875,0.4949373046875,0.4996044921875,0.49264921875,0.49998046875,0.4993654296875,0.4961169921875,0.4904607421875,0.4998875,0.49264921875,0.4984529296875,0.4963875,0.49408671875,0.49560546875,0.4989013671875,0.49855546875,0.4994919921875,0.4977638671875,0.499746875,0.49512421875,0.498346875,0.49998046875,0.4988419921875,0.4945529296875,0.4997873046875,0.49606171875,0.4999560546875,0.499996875,0.499996875,0.49780546875,0.49763671875,0.4921875,0.4999951171875,0.498621875,0.4973263671875,0.4999294921875,0.48856171875,0.4872,0.4971404296875,0.49971796875,0.4985216796875,0.4998966796875,0.497721875,0.4998,0.4999904296875,0.49993671875,0.4999951171875,0.4998123046875,0.49996171875,0.49904296875,0.49709296875,0.4996716796875,0.4998966796875,0.49763671875,0.49914921875,0.49780546875,0.49763671875,0.497371875,0.49234296875,0.4998966796875,0.49977421875,0.499096875,0.4998,0.499846875,0.49995,0.4971875,0.4970451171875,0.49914921875,0.4999138671875,0.4993875,0.49914921875,0.49995,0.497721875,0.4997607421875,0.49763671875,0.4998966796875,0.4971404296875,0.4971875,0.4997029296875,0.49958671875,0.4997326171875,0.4956638671875,0.49977421875,0.4998875,0.4999138671875,0.4997326171875,0.4971404296875,0.4998576171875,0.4983826171875,0.4971875,0.485121875,0.48265546875,0.49234296875,0.4986544921875,0.4984875,0.4968498046875,0.4997873046875,0.4994919921875,0.4993654296875,0.4968498046875,0.4999998046875,0.49993671875,0.49998046875,0.4989013671875,0.49628046875,0.4971875,0.4982,0.4990701171875,0.4996875,0.4972341796875,0.4978466796875,0.489846875,0.49071796875,0.4999841796875,0.4921091796875,0.4995310546875,0.4933154296875,0.4984529296875,0.4911388671875,0.49728046875,0.49353046875,0.4866951171875,0.49353046875,0.49999296875,0.4847966796875,0.4995310546875,0.49728046875,0.4997326171875,0.4972341796875,0.49958671875,0.4998123046875,0.4934591796875,0.4874982421875,0.4980076171875,0.49951171875,0.4990154296875,0.48739921875,0.49780546875,0.48893671875,0.4980857421875,0.4986544921875,0.499096875,0.49855546875,0.4999982421875,0.4999982421875,0.49875,0.4998576171875,0.498346875,0.49435546875,0.4999763671875,0.4980076171875,0.499471875,0.4856560546875,0.4977638671875,0.4919513671875,0.4993201171875,0.4987810546875,0.4876951171875,0.499746875,0.4998875,0.4934591796875,0.49763671875,0.49996171875,0.49958671875,0.4992,0.489121875,0.49999296875,0.4934591796875,0.49990546875,0.4968498046875,0.49763671875,0.4990154296875,0.4997326171875,0.49999296875,0.4983826171875,0.49841796875,0.4992,0.4977638671875,0.48930546875,0.4999669921875,0.4998123046875,0.4974169921875,0.4999294921875,0.49435546875,0.4999435546875,0.4987185546875,0.49875,0.4931701171875,0.4999951171875,0.49536796875,0.4997873046875,0.4998123046875,0.4985216796875,0.49827421875,0.49780546875,0.49812421875,0.4894875,0.4991748046875,0.49998046875,0.4997873046875,0.4933154296875,0.4998779296875,0.49171171875,0.4989013671875,0.4957794921875,0.493096875,0.499846875,0.4970451171875,0.4989875,0.49689921875,0.4996044921875,0.4997326171875,0.4985216796875,0.4999763671875,0.4999435546875,0.498621875,0.4999560546875,0.4999841796875,0.494746875,0.4954279296875,0.4983826171875,0.4998576171875,0.499846875,0.49982421875,0.4975060546875,0.4925732421875,0.4972341796875,0.4996388671875,0.499921875,0.49943046875,0.49958671875,0.4997029296875,0.499471875,0.4954279296875,0.4999294921875,0.49812421875,0.48024921875,0.49999921875,0.4978875,0.4999982421875,0.4995310546875,0.4886560546875,0.4963875,0.4999294921875,0.4998875,0.49875,0.4998,0.497371875,0.4983107421875,0.4998357421875,0.4984875,0.499846875,0.4878904296875,0.49841796875,0.4847966796875,0.49669921875,0.4866951171875,0.4999763671875,0.4992,0.4899357421875,0.499996875,0.4996044921875,0.4996388671875,0.4748279296875,0.49408671875,0.4941544921875,0.4999138671875,0.49995,0.499996875,0.4996388671875,0.49855546875,0.4972341796875,0.4999982421875,0.4879875,0.49996171875,0.4997607421875,0.4995685546875,0.49234296875,0.4971404296875,0.49934296875,0.498621875,0.499921875,0.4968498046875,0.4922654296875,0.49924921875,0.490546875,0.4969482421875,0.4983826171875,0.4999951171875,0.4791154296875,0.49606171875,0.4999904296875,0.4996875,0.4996716796875,0.4994919921875,0.493671875,0.49855546875,0.4987185546875,0.4941544921875,0.4957794921875,0.499846875,0.4984529296875,0.4989591796875,0.4839123046875,0.49353046875,0.48893671875,0.49138671875,0.4991232421875,0.49746171875,0.4985888671875,0.499746875,0.49965546875,0.49796796875,0.49487421875,0.4938810546875,0.4991748046875,0.49958671875,0.4944216796875,0.4981623046875,0.4971404296875,0.4994919921875,0.494746875,0.4994513671875,0.4985216796875,0.4980076171875,0.49583671875,0.4988419921875,0.49709296875,0.4995685546875,0.4994513671875,0.4987185546875,0.499846875,0.4991232421875,0.49875,0.4999875,0.49999296875,0.4992248046875,0.49971796875,0.496996875,0.4986544921875,0.49998046875,0.4977638671875,0.49461796875,0.4974169921875,0.49812421875,0.49728046875,0.4989013671875,0.49995,0.4995310546875,0.4904607421875,0.4955466796875,0.490546875,0.49560546875,0.49746171875,0.492496875,0.496171875,0.4997607421875,0.4999138671875,0.4999875,0.4992248046875,0.4996044921875,0.49155,0.4996716796875,0.49487421875,0.499971875,0.493671875,0.4996388671875,0.4843576171875,0.49796796875,0.49990546875,0.4982,0.4931701171875,0.499746875,0.48893671875,0.4998,0.4998779296875,0.49812421875,0.4914685546875,0.4990701171875,0.49881171875,0.4997873046875,0.4931701171875,0.4980857421875,0.4988419921875,0.4988419921875,0.496996875,0.4996388671875,0.4998966796875,0.4958935546875,0.49977421875,0.4846875,0.4987185546875,0.48893671875,0.4964404296875,0.4996388671875,0.4991748046875,0.4999875,0.4978875,0.4983826171875,0.499096875,0.4956638671875,0.4992,0.4984529296875,0.49595,0.4921091796875,0.4969482421875,0.4944875,0.496996875,0.493096875,0.4961169921875,0.4978875,0.4998779296875,0.49982421875,0.4944875,0.4979279296875,0.4945529296875,0.49669921875,0.4994919921875,0.49990546875,0.49999296875,0.49982421875,0.4999763671875,0.4954875,0.4966482421875,0.4902873046875,0.49855546875,0.49955,0.4999560546875,0.49746171875,0.4971875,0.499621875,0.4991748046875,0.4999998046875,0.4936013671875,0.4944875,0.49868671875,0.4996044921875,0.49998046875,0.4999875,0.4998576171875,0.499921875,0.4978466796875,0.4993875,0.4999669921875,0.4989591796875,0.49868671875,0.4998123046875,0.4933154296875,0.4893966796875,0.4998875,0.4977638671875,0.4984529296875,0.49965546875,0.4972341796875,0.495246875,0.4989013671875,0.4989875,0.4958935546875,0.49999296875,0.4987185546875,0.4994091796875,0.49977421875,0.49995,0.4998966796875,0.4999294921875,0.4888435546875,0.49977421875,0.4979279296875,0.49999921875,0.4999875,0.4999560546875,0.49934296875,0.49606171875,0.498871875,0.48618046875,0.4976794921875,0.49943046875,0.49812421875,0.496171875,0.4982,0.4998779296875,0.49996171875,0.4991232421875,0.4924201171875,0.498871875,0.4992,0.4999875,0.49993671875,0.499921875,0.4967498046875,0.4990701171875,0.4999138671875,0.49982421875,0.4999669921875,0.49728046875,0.49649296875,0.4995310546875,0.49669921875,0.4946826171875,0.4995685546875,0.4968498046875,0.49999296875,0.4985216796875,0.4960060546875,0.49999921875,0.4902,0.4892138671875,0.4999560546875,0.4901123046875,0.4969482421875,0.4994513671875,0.499096875,0.4992248046875,0.49977421875,0.499096875,0.49958671875,0.4927248046875,0.4967498046875,0.49881171875,0.4999435546875,0.496996875,0.4992,0.485971875,0.4985888671875,0.4976794921875,0.4978466796875,0.494746875,0.49755,0.4999951171875,0.4998,0.4968,0.4987185546875,0.49746171875,0.4958935546875,0.49951171875,0.4989013671875,0.4996875,0.4994919921875,0.49841796875,0.4994919921875,0.4999763671875,0.4985888671875,0.4999998046875,0.49995,0.4994513671875,0.4957794921875,0.4823044921875,0.4968498046875,0.49943046875,0.49855546875,0.4992732421875,0.4998779296875,0.4995310546875,0.4966482421875,0.49881171875,0.4942888671875,0.4975935546875,0.4990154296875,0.4993201171875,0.499921875,0.4999904296875,0.49763671875,0.495246875,0.47607421875,0.487596875,0.49689921875,0.4996044921875,0.4955466796875,0.4975935546875,0.4988419921875,0.4999998046875,0.49914921875,0.48893671875,0.49951171875,0.4996875,0.4998,0.49881171875,0.4997029296875,0.49998046875,0.4993875,0.49971796875,0.4956638671875,0.4995685546875,0.485971875,0.4997326171875,0.4997873046875,0.4992248046875,0.4987185546875,0.4894875,0.4931701171875,0.49763671875,0.4930232421875,0.4996875,0.48856171875,0.4904607421875,0.4944216796875,0.4999560546875,0.4999560546875,0.49995,0.4994513671875,0.49324296875,0.4999763671875,0.4997326171875,0.4982,0.4990701171875,0.4961169921875,0.4997326171875,0.4866951171875,0.4944216796875,0.4991748046875,0.4962263671875,0.4985216796875,0.4904607421875,0.499621875,0.4998966796875,0.49487421875,0.4987185546875,0.4964404296875,0.4957794921875,0.49958671875,0.491871875,0.49971796875,0.49999296875,0.48555,0.4893966796875,0.4976794921875,0.4994513671875,0.4999560546875,0.4999560546875,0.49002421875,0.4971875,0.49999296875,0.4999294921875,0.4999669921875,0.497721875,0.49998046875,0.4860763671875,0.49904296875,0.48779296875,0.4996044921875,0.4999294921875,0.49965546875,0.4973263671875,0.49999921875,0.4998779296875,0.4998875,0.498046875,0.4998357421875,0.4971875,0.49958671875,0.4998966796875,0.4901123046875,0.49002421875,0.4996388671875,0.4969482421875,0.49977421875,0.4998779296875,0.4846875,0.4975060546875,0.4961169921875,0.49855546875,0.49996171875,0.4974169921875,0.49138671875,0.4999435546875,0.499471875,0.4970451171875,0.49203046875,0.490546875,0.4989013671875,0.49628046875,0.49893046875,0.4981623046875,0.4984875,0.4993654296875,0.49649296875,0.4995685546875,0.4996044921875,0.4998,0.498871875,0.4991748046875,0.4803732421875,0.4993654296875,0.49965546875,0.485121875,0.49512421875,0.49977421875,0.4975060546875,0.4922654296875,0.4999138671875,0.498871875,0.49763671875,0.4996875,0.49943046875,0.49943046875,0.49812421875,0.49746171875,0.4992732421875,0.49982421875,0.49595,0.48966796875,0.4944875,0.491871875,0.4944216796875,0.4955466796875,0.4981623046875,0.4945529296875,0.4979279296875,0.497721875,0.49965546875,0.4953076171875,0.4780810546875,0.49881171875,0.4995685546875,0.4998966796875,0.4999294921875,0.4992732421875,0.4997873046875,0.4981623046875,0.4982,0.49841796875,0.49583671875,0.4960060546875,0.49875,0.49951171875,0.498346875,0.4990701171875,0.49796796875,0.498871875,0.49986796875,0.4996044921875,0.4983107421875,0.49955,0.4998875,0.4965451171875,0.49746171875,0.49914921875,0.49875,0.4995685546875,0.4982373046875,0.4970451171875,0.4975935546875,0.4998576171875,0.4953076171875,0.499296875,0.4999294921875,0.4965451171875,0.4921875,0.4978466796875,0.4999875,0.48966796875,0.498621875,0.49958671875,0.49958671875,0.49855546875,0.4938810546875,0.4988419921875,0.49955,0.48659296875,0.4953076171875,0.49951171875,0.4984875,0.4990701171875,0.4996388671875,0.4925732421875,0.49560546875,0.4996044921875,0.4983826171875,0.4864904296875,0.49934296875,0.499471875,0.4999560546875,0.49755,0.4893966796875,0.4996716796875,0.491871875,0.4989591796875,0.49982421875,0.49875,0.49986796875,0.4968,0.4988419921875,0.49982421875,0.4948107421875,0.4998779296875,0.499971875,0.49914921875,0.4921875,0.48659296875,0.4994919921875,0.4992248046875,0.494221875,0.4996388671875,0.49628046875,0.498871875,0.4892138671875,0.4994919921875,0.4962263671875,0.4988419921875,0.4945529296875,0.4998576171875,0.4999763671875,0.4999763671875,0.4998,0.496171875,0.4980857421875,0.4999669921875,0.4994513671875,0.497371875,0.4988419921875,0.4951857421875,0.4998875,0.4996044921875,0.4977638671875,0.4988419921875,0.4945529296875,0.49606171875,0.49998046875,0.4982373046875,0.4957794921875,0.49971796875,0.49203046875,0.4985216796875,0.4996044921875,0.4960060546875,0.49536796875,0.4933154296875,0.4997326171875,0.4994919921875,0.499746875,0.4876951171875,0.4986544921875,0.4992,0.4994919921875,0.4892138671875,0.4985888671875,0.498621875,0.4999875,0.4975935546875,0.48779296875,0.4996044921875,0.49855546875,0.4945529296875,0.4989591796875,0.4998875,0.4979279296875,0.4978875,0.4930232421875,0.49709296875,0.4999875,0.4997326171875,0.49990546875,0.4999998046875,0.49986796875,0.499746875,0.4987185546875,0.499621875,0.4980857421875,0.4998,0.4990154296875,0.49893046875,0.49965546875,0.49512421875,0.49203046875,0.4999841796875,0.4996044921875,0.498346875,0.4985216796875,0.498621875,0.49943046875,0.4999904296875,0.4988419921875,0.4999669921875,0.4996388671875,0.4989013671875,0.499296875,0.49827421875,0.4969482421875,0.49965546875
0.499621875,0.4897576171875,0.49868671875,0.49649296875,0.4850138671875,0.49971796875,0.4999951171875,0.499846875,0.499996875,0.4993875,0.49435546875,0.4954279296875,0.4897576171875,0.498346875,0.49875,0.4941544921875,0.4990154296875,0.4830029296875,0.4972341796875,0.4994513671875,0.4992,0.4914685546875,0.496996875,0.4999669921875,0.4998357421875,0.4660373046875,0.49995,0.4996044921875,0.4999138671875,0.48446796875,0.4999294921875,0.4987810546875,0.48446796875,0.4999841796875,0.4992,0.499746875,0.4992248046875,0.49827421875,0.4921091796875,0.49796796875,0.498871875,0.4909716796875,0.4954875,0.488371875,0.4954875,0.485121875,0.49998046875,0.49993671875,0.4993875,0.4987810546875,0.5,0.4999435546875,0.496596875,0.4985888671875,0.4998875,0.498346875,0.4987185546875,0.49689921875,0.4980076171875,0.49995,0.4987185546875,0.49746171875,0.498046875,0.4982,0.4946826171875,0.4998779296875,0.4998,0.4938810546875,0.48930546875,0.499921875,0.4999998046875,0.49958671875,0.49728046875,0.4999669921875,0.49943046875,0.4944216796875,0.4998779296875,0.4994919921875,0.4902,0.4985888671875,0.499996875,0.4999560546875,0.4999669921875,0.4980076171875,0.4983107421875,0.49951171875,0.4999294921875,0.4989875,0.4999998046875,0.497721875,0.4998357421875,0.4922654296875,0.49868671875,0.49689921875,0.49583671875,0.49461796875,0.4999875,0.49709296875,0.4847966796875,0.4974169921875,0.4966482421875,0.499746875,0.49934296875,0.49993671875,0.4998779296875,0.4902,0.4958935546875,0.4998357421875,0.49924921875,0.48856171875,0.4878904296875,0.4999875,0.4916310546875,0.49986796875,0.4969482421875,0.49999296875,0.4992,0.4993201171875,0.49264921875,0.4994091796875,0.499996875,0.4980076171875,0.4940185546875,0.4995685546875,0.49138671875,0.4999669921875,0.4993654296875,0.4969482421875,0.4882763671875,0.4990154296875,0.4882763671875,0.49881171875,0.49461796875,0.4942888671875,0.4945529296875,0.4989013671875,0.498346875,0.499096875,0.4986544921875,0.4997607421875,0.4961169921875,0.4992,0.49971796875,0.49709296875,0.495721875,0.49999921875,0.4972341796875,0.4998357421875,0.4999560546875,0.4997326171875,0.4967498046875,0.49606171875,0.4902,0.499621875,0.4990701171875,0.4973263671875,0.499921875,0.489121875,0.4906326171875,0.4948107421875,0.49855546875,0.4998,0.49999921875,0.4982373046875,0.4990701171875,0.4996875,0.499971875,0.4998576171875,0.4996716796875,0.49982421875,0.4992248046875,0.49755,0.49996171875,0.4991748046875,0.4979279296875,0.4986544921875,0.4972341796875,0.49796796875,0.4953076171875,0.4904607421875,0.4997873046875,0.4999435546875,0.49796796875,0.4992732421875,0.499996875,0.4998875,0.498621875,0.4968,0.4989875,0.4996388671875,0.4983826171875,0.4967498046875,0.49996171875,0.49934296875,0.4995685546875,0.4937419921875,0.49934296875,0.4962263671875,0.4971404296875,0.49982421875,0.4988419921875,0.4978875,0.4944216796875,0.4998779296875,0.4999294921875,0.49986796875,0.499621875,0.49689921875,0.49943046875,0.4980857421875,0.49669921875,0.4893966796875,0.478471875,0.4921091796875,0.4962263671875,0.497721875,0.4946826171875,0.4998576171875,0.497371875,0.499096875,0.4982373046875,0.4999763671875,0.4999998046875,0.4998875,0.498046875,0.49780546875,0.4987810546875,0.4974169921875,0.49827421875,0.499846875,0.4987185546875,0.4970451171875,0.4860763671875,0.4880841796875,0.4999763671875,0.49071796875,0.499996875,0.4954279296875,0.4984529296875,0.4880841796875,0.4980857421875,0.4944875,0.48265546875,0.4901123046875,0.4999841796875,0.48311796875,0.49868671875,0.4979279296875,0.49982421875,0.49841796875,0.499471875,0.49993671875,0.493671875,0.48195,0.4975060546875,0.499296875,0.4981623046875,0.4921091796875,0.4994919921875,0.4852294921875,0.4983107421875,0.49763671875,0.4999138671875,0.4984875,0.49955,0.4999763671875,0.4993875,0.49986796875,0.49934296875,0.4904607421875,0.4997029296875,0.49689921875,0.49914921875,0.4834607421875,0.4982373046875,0.4924201171875,0.4990701171875,0.4995685546875,0.4860763671875,0.4999875,0.4999669921875,0.4942888671875,0.4969482421875,0.499746875,0.49914921875,0.4999982421875,0.489121875,0.4997326171875,0.4928748046875,0.4996388671875,0.49583671875,0.4977638671875,0.4992,0.4997326171875,0.499846875,0.49746171875,0.4998966796875,0.4982373046875,0.49755,0.4916310546875,0.49998046875,0.4994091796875,0.4980076171875,0.4999951171875,0.4922654296875,0.4994091796875,0.4993654296875,0.4967498046875,0.4899357421875,0.49995,0.4957794921875,0.49955,0.49943046875,0.4988419921875,0.4989875,0.49796796875,0.49893046875,0.4863875,0.499471875,0.499621875,0.49965546875,0.4944875,0.4996044921875,0.48446796875,0.4992,0.49408671875,0.49461796875,0.49995,0.498046875,0.49709296875,0.4976794921875,0.4993201171875,0.4998576171875,0.498621875,0.4999669921875,0.499621875,0.4963875,0.4992248046875,0.4999951171875,0.4936013671875,0.49512421875,0.49924921875,0.49990546875,0.49986796875,0.4997607421875,0.4993201171875,0.4936013671875,0.49512421875,0.49875,0.499846875,0.498621875,0.4998576171875,0.4997607421875,0.499846875,0.494746875,0.49995,0.4992248046875,0.47974921875,0.4998779296875,0.49709296875,0.4999841796875,0.4986544921875,0.4914685546875,0.49868671875,0.49990546875,0.49934296875,0.4991748046875,0.499996875,0.4956638671875,0.49904296875,0.49986796875,0.49893046875,0.49993671875,0.4924201171875,0.4992,0.486796875,0.49583671875,0.48402421875,0.4999875,0.4990701171875,0.4906326171875,0.4997873046875,0.49951171875,0.49875,0.47440546875,0.49728046875,0.4950623046875,0.4996388671875,0.4999763671875,0.49998046875,0.498046875,0.499096875,0.4950623046875,0.499996875,0.4882763671875,0.4999669921875,0.499921875,0.4993654296875,0.49324296875,0.49755,0.4999435546875,0.49855546875,0.4999138671875,0.49709296875,0.49536796875,0.4990701171875,0.4893966796875,0.4980076171875,0.49904296875,0.4992,0.4796232421875,0.4937419921875,0.49999921875,0.4994513671875,0.4990701171875,0.49914921875,0.49606171875,0.4964404296875,0.4989591796875,0.49689921875,0.49461796875,0.49982421875,0.49755,0.49904296875,0.4878904296875,0.49649296875,0.4902873046875,0.48893671875,0.49982421875,0.4978875,0.4980857421875,0.4998,0.4968498046875,0.4973263671875,0.4949373046875,0.4913044921875,0.499996875,0.4990154296875,0.496596875,0.4993654296875,0.4985216796875,0.49875,0.49606171875,0.4993201171875,0.49709296875,0.4985888671875,0.4982373046875,0.4966482421875,0.49951171875,0.498621875,0.499971875,0.4981623046875,0.4999763671875,0.4985216796875,0.499846875,0.4999138671875,0.499846875,0.499971875,0.49924921875,0.4974169921875,0.49868671875,0.4996388671875,0.4973263671875,0.4936013671875,0.4980857421875,0.498621875,0.4983107421875,0.49796796875,0.4984875,0.49955,0.4866951171875,0.49595,0.48966796875,0.4954875,0.49780546875,0.4847966796875,0.4961169921875,0.4984529296875,0.49998046875,0.4999982421875,0.4997029296875,0.4997029296875,0.488371875,0.499096875,0.49435546875,0.4999998046875,0.4960060546875,0.4999982421875,0.4894875,0.4973263671875,0.4999560546875,0.49875,0.49203046875,0.4999904296875,0.4895779296875,0.4997873046875,0.499996875,0.4981623046875,0.49395,0.49904296875,0.498871875,0.49868671875,0.49381171875,0.494746875,0.4997326171875,0.4982373046875,0.4921875,0.49958671875,0.49999296875,0.495246875,0.4998357421875,0.485971875,0.4979279296875,0.4874982421875,0.49728046875,0.4997873046875,0.4996716796875,0.4998875,0.4996044921875,0.4994091796875,0.49904296875,0.49595,0.499971875,0.499921875,0.4960060546875,0.4914685546875,0.49746171875,0.49435546875,0.49812421875,0.4919513671875,0.4953076171875,0.498346875,0.4999951171875,0.4994091796875,0.4921091796875,0.49904296875,0.4933154296875,0.4968498046875,0.4998576171875,0.49955,0.499971875,0.4997326171875,0.4999904296875,0.49487421875,0.49841796875,0.4872998046875,0.49875,0.4994091796875,0.49995,0.4963875,0.49812421875,0.49958671875,0.49924921875,0.4999294921875,0.49353046875,0.4973263671875,0.4982,0.499296875,0.49958671875,0.49995,0.4999982421875,0.4997029296875,0.49628046875,0.4998875,0.4993201171875,0.49841796875,0.499471875,0.49982421875,0.4924201171875,0.49395,0.499971875,0.496996875,0.49812421875,0.49990546875,0.4971875,0.4950623046875,0.49855546875,0.4973263671875,0.4980857421875,0.499996875,0.49943046875,0.499096875,0.499471875,0.49995,0.4993201171875,0.49971796875,0.48659296875,0.49990546875,0.49780546875,0.499996875,0.4991748046875,0.4999435546875,0.4996388671875,0.49755,0.4986544921875,0.4852294921875,0.4982373046875,0.4998123046875,0.4975935546875,0.49536796875,0.4971404296875,0.4994513671875,0.49999296875,0.49965546875,0.4928748046875,0.4975935546875,0.49958671875,0.49993671875,0.49955,0.49986796875,0.4950623046875,0.499621875,0.49996171875,0.498621875,0.4998576171875,0.49728046875,0.4980076171875,0.4992732421875,0.49796796875,0.4928748046875,0.4992732421875,0.49812421875,0.4999904296875,0.4990154296875,0.49606171875,0.499621875,0.4913044921875,0.489846875,0.4995310546875,0.49071796875,0.4966482421875,0.4998357421875,0.4999875,0.4998966796875,0.4998875,0.499621875,0.4999875,0.4930232421875,0.498046875,0.49875,0.4994513671875,0.496996875,0.499621875,0.48739921875,0.49827421875,0.496171875,0.497371875,0.49461796875,0.4965451171875,0.4996388671875,0.4997326171875,0.49689921875,0.4994091796875,0.4967498046875,0.4955466796875,0.49971796875,0.497371875,0.4993654296875,0.4999982421875,0.4980857421875,0.4996388671875,0.4999998046875,0.4975060546875,0.4999951171875,0.499296875,0.498621875,0.49649296875,0.48659296875,0.4974169921875,0.4999560546875,0.4984529296875,0.4991232421875,0.49943046875,0.4978466796875,0.49628046875,0.4983826171875,0.49461796875,0.495246875,0.4994513671875,0.49995,0.49958671875,0.4998357421875,0.4994513671875,0.4930232421875,0.4786013671875,0.4890294921875,0.4978466796875,0.4987185546875,0.49037421875,0.49796796875,0.4990154296875,0.4999560546875,0.498046875,0.4890294921875,0.49893046875,0.499296875,0.4998576171875,0.49914921875,0.49914921875,0.4999982421875,0.49986796875,0.4997873046875,0.4951857421875,0.4999294921875,0.4878904296875,0.49965546875,0.4997029296875,0.4980857421875,0.49855546875,0.489121875,0.4957794921875,0.4984529296875,0.4846875,0.4987810546875,0.4888435546875,0.4904607421875,0.4960060546875,0.49965546875,0.4996875,0.49990546875,0.4989013671875,0.49324296875,0.4996388671875,0.49986796875,0.4987810546875,0.4995310546875,0.49827421875,0.49904296875,0.48555,0.4906326171875,0.4987810546875,0.49649296875,0.49728046875,0.4927248046875,0.4980857421875,0.4996875,0.49536796875,0.4997029296875,0.49381171875,0.4944875,0.4998576171875,0.4906326171875,0.4998576171875,0.4996875,0.4863875,0.49171171875,0.49746171875,0.4990154296875,0.4998357421875,0.49999296875,0.48893671875,0.4965451171875,0.4998779296875,0.4999560546875,0.5,0.49827421875,0.4996716796875,0.4864904296875,0.4978466796875,0.4846875,0.4998357421875,0.4998357421875,0.4993201171875,0.49628046875,0.4999763671875,0.5,0.4999138671875,0.4966482421875,0.499621875,0.495721875,0.499746875,0.4983826171875,0.4925732421875,0.49138671875,0.4991748046875,0.4975060546875,0.499296875,0.49998046875,0.4846875,0.4996044921875,0.495246875,0.4983826171875,0.4999904296875,0.4975935546875,0.4931701171875,0.49893046875,0.4998875,0.495,0.4917919921875,0.49203046875,0.499471875,0.4960060546875,0.4979279296875,0.4967498046875,0.4987185546875,0.4989875,0.49689921875,0.49965546875,0.49999296875,0.49995,0.4986544921875,0.499621875,0.47821171875,0.499471875,0.49998046875,0.4886560546875,0.49628046875,0.49996171875,0.49841796875,0.49709296875,0.499921875,0.499296875,0.49855546875,0.49943046875,0.4987185546875,0.4998779296875,0.4976794921875,0.4979279296875,0.49728046875,0.49993671875,0.4937419921875,0.49264921875,0.495,0.489846875,0.4945529296875,0.49435546875,0.4970451171875,0.4944875,0.495721875,0.49746171875,0.4993654296875,0.49689921875,0.4746875,0.4981623046875,0.49934296875,0.4999763671875,0.4999435546875,0.4991232421875,0.49904296875,0.49855546875,0.4985888671875,0.49841796875,0.495,0.4989013671875,0.4985888671875,0.49993671875,0.49689921875,0.4997326171875,0.4978875,0.49868671875,0.49996171875,0.49995,0.49934296875,0.4998576171875,0.49996171875,0.4945529296875,0.4976794921875,0.49728046875,0.49855546875,0.499846875,0.4990154296875,0.49728046875,0.49812421875,0.4999841796875,0.4961169921875,0.49868671875,0.4998,0.4992732421875,0.490546875,0.4978466796875,0.4998,0.48893671875,0.4975935546875,0.4996875,0.499996875,0.4998,0.49408671875,0.49868671875,0.49996171875,0.4870998046875,0.492496875,0.4987185546875,0.4984875,0.4992,0.4987185546875,0.4927248046875,0.494746875,0.4993654296875,0.4955466796875,0.48402421875,0.49986796875,0.49965546875,0.4999875,0.4980857421875,0.4933875,0.4992248046875,0.49071796875,0.4976794921875,0.4999669921875,0.4995685546875,0.4984875,0.4992,0.4987810546875,0.4996716796875,0.49583671875,0.4999294921875,0.4996388671875,0.4978875,0.48930546875,0.49002421875,0.5,0.4998966796875,0.489121875,0.4996388671875,0.498046875,0.4992248046875,0.4884669921875,0.498046875,0.49487421875,0.4997326171875,0.4953076171875,0.49868671875,0.49982421875,0.49965546875,0.4989013671875,0.4980076171875,0.4993654296875,0.4997029296875,0.4997607421875,0.497721875,0.49796796875,0.49583671875,0.49955,0.499296875,0.49841796875,0.4993201171875,0.4937419921875,0.4956638671875,0.49999921875,0.4980076171875,0.49780546875,0.4999669921875,0.48930546875,0.499621875,0.49986796875,0.495,0.495721875,0.49381171875,0.49881171875,0.4999669921875,0.4982373046875,0.4868982421875,0.4961169921875,0.4961169921875,0.4994513671875,0.4836873046875,0.49868671875,0.498046875,0.49999921875,0.4975060546875,0.4879875,0.4985216796875,0.4990154296875,0.4949373046875,0.4991232421875,0.49965546875,0.49763671875,0.498871875,0.4922654296875,0.49841796875,0.49965546875,0.499996875,0.49999296875,0.4996388671875,0.4997029296875,0.49986796875,0.498346875,0.4996044921875,0.4983826171875,0.49986796875,0.4966482421875,0.4996044921875,0.49955,0.4966482421875,0.4944875,0.499921875,0.4998779296875,0.4983826171875,0.4988419921875,0.49649296875,0.49955,0.4999998046875,0.49924921875,0.4999138671875,0.4999138671875,0.4978466796875,0.4997029296875,0.4982373046875,0.49763671875,0.499296875
0.49999921875,0.491221875,0.4993875,0.4961169921875,0.4863875,0.4999982421875,0.4997029296875,0.4996388671875,0.49996171875,0.49924921875,0.4927248046875,0.495246875,0.4888435546875,0.49958671875,0.4981623046875,0.4922654296875,0.4990154296875,0.4884669921875,0.4951857421875,0.4990701171875,0.49924921875,0.4921091796875,0.4983107421875,0.4995310546875,0.4989591796875,0.4647216796875,0.49982421875,0.4997607421875,0.49998046875,0.4823044921875,0.4998875,0.49971796875,0.478471875,0.4999669921875,0.498871875,0.4999763671875,0.4993875,0.49763671875,0.4937419921875,0.496171875,0.49965546875,0.49155,0.4954279296875,0.48555,0.4954875,0.4858669921875,0.4997873046875,0.49999921875,0.49965546875,0.49951171875,0.4998576171875,0.4998576171875,0.49536796875,0.49855546875,0.4998966796875,0.49924921875,0.4992248046875,0.4984529296875,0.4980076171875,0.49977421875,0.49841796875,0.49812421875,0.497721875,0.4982373046875,0.491221875,0.4998357421875,0.499996875,0.4884669921875,0.4925732421875,0.4998966796875,0.4998357421875,0.49995,0.4969482421875,0.4997607421875,0.4990154296875,0.49395,0.498871875,0.49855546875,0.4908875,0.4989591796875,0.4999138671875,0.4996716796875,0.499996875,0.4981623046875,0.4985888671875,0.4964404296875,0.4991748046875,0.4997029296875,0.498871875,0.49924921875,0.499846875,0.4917919921875,0.4985216796875,0.4970451171875,0.4971875,0.49728046875,0.4997029296875,0.496596875,0.4850138671875,0.4987810546875,0.49512421875,0.4999138671875,0.4958935546875,0.49993671875,0.4993654296875,0.49203046875,0.49395,0.49990546875,0.4982373046875,0.4911388671875,0.4866951171875,0.49996171875,0.4914685546875,0.499621875,0.4978466796875,0.499996875,0.49955,0.498621875,0.48966796875,0.49914921875,0.4999998046875,0.4996388671875,0.4945529296875,0.4998966796875,0.4908875,0.4999951171875,0.49955,0.49628046875,0.489121875,0.4984875,0.4916310546875,0.4981623046875,0.4944875,0.49487421875,0.4961169921875,0.499296875,0.4989013671875,0.4994091796875,0.4987810546875,0.4989013671875,0.498346875,0.4993654296875,0.49958671875,0.4956638671875,0.49746171875,0.49982421875,0.4956638671875,0.499996875,0.499746875,0.499996875,0.4960060546875,0.4969482421875,0.4884669921875,0.4998,0.499746875,0.4972341796875,0.4993201171875,0.49264921875,0.49171171875,0.4946826171875,0.49868671875,0.4980857421875,0.4999982421875,0.49649296875,0.4998779296875,0.4999560546875,0.4999294921875,0.49951171875,0.4998123046875,0.4998875,0.4993875,0.49855546875,0.49881171875,0.4995310546875,0.49796796875,0.4989875,0.4968,0.49812421875,0.4956638671875,0.4944875,0.4999904296875,0.4998966796875,0.4977638671875,0.4993654296875,0.4999435546875,0.4999904296875,0.4988419921875,0.4986544921875,0.49924921875,0.4997326171875,0.4990701171875,0.49796796875,0.4997873046875,0.4998357421875,0.4999763671875,0.49294921875,0.4999294921875,0.4946826171875,0.49628046875,0.4999560546875,0.49904296875,0.4955466796875,0.49595,0.4999294921875,0.49999296875,0.4983826171875,0.4996716796875,0.4957794921875,0.49951171875,0.4987185546875,0.4956638671875,0.4886560546875,0.48218671875,0.4924201171875,0.49812421875,0.4962263671875,0.49353046875,0.4993875,0.49904296875,0.4983107421875,0.4979279296875,0.4999560546875,0.49986796875,0.4999875,0.4992248046875,0.49955,0.49763671875,0.49755,0.496596875,0.4998966796875,0.4975935546875,0.4980857421875,0.4894875,0.483346875,0.499096875,0.4894875,0.4997326171875,0.49583671875,0.49868671875,0.48856171875,0.49689921875,0.4965451171875,0.4834607421875,0.4879875,0.49990546875,0.48779296875,0.4977638671875,0.4984529296875,0.4997607421875,0.4994091796875,0.4990154296875,0.49995,0.49435546875,0.484246875,0.4999294921875,0.4988419921875,0.4989875,0.49234296875,0.4972341796875,0.48779296875,0.4982373046875,0.4968,0.4998357421875,0.4992732421875,0.4998875,0.499096875,0.49812421875,0.49943046875,0.4982,0.4951857421875,0.498046875,0.49763671875,0.4991748046875,0.4870998046875,0.4984529296875,0.48930546875,0.499296875,0.4997326171875,0.4872,0.4999138671875,0.49993671875,0.49408671875,0.495,0.499996875,0.49990546875,0.499471875,0.48875,0.49998046875,0.4913044921875,0.4999904296875,0.49512421875,0.49796796875,0.49955,0.49995,0.4991232421875,0.497371875,0.499746875,0.4996716796875,0.4976794921875,0.490546875,0.49875,0.49951171875,0.4968498046875,0.499471875,0.49353046875,0.4996875,0.4999763671875,0.49560546875,0.489846875,0.499996875,0.49560546875,0.49914921875,0.4994091796875,0.4970451171875,0.49914921875,0.4995685546875,0.4984529296875,0.4878904296875,0.4991232421875,0.4999875,0.4999904296875,0.4902873046875,0.4998875,0.4878904296875,0.49955,0.4927248046875,0.49155,0.4997873046875,0.4980076171875,0.4991232421875,0.49628046875,0.4990701171875,0.49955,0.4992248046875,0.4994513671875,0.49965546875,0.49606171875,0.49965546875,0.4987810546875,0.4965451171875,0.4974169921875,0.4990701171875,0.4993654296875,0.49958671875,0.499921875,0.4985216796875,0.4904607421875,0.49381171875,0.4992,0.4999951171875,0.49868671875,0.4999560546875,0.499996875,0.4992732421875,0.49435546875,0.49993671875,0.4995310546875,0.4838,0.4999763671875,0.49408671875,0.4996875,0.4992,0.4904607421875,0.4975935546875,0.49971796875,0.4998576171875,0.4996875,0.49999921875,0.4944875,0.49893046875,0.49996171875,0.4978466796875,0.4999435546875,0.4940185546875,0.4989591796875,0.4854435546875,0.4962263671875,0.48739921875,0.4998875,0.4990701171875,0.4928748046875,0.49965546875,0.499921875,0.4997326171875,0.4796232421875,0.4944216796875,0.4968,0.4999841796875,0.5,0.4998,0.49904296875,0.4989875,0.49487421875,0.4999841796875,0.49234296875,0.4995685546875,0.499746875,0.4995310546875,0.49408671875,0.4990154296875,0.49977421875,0.4963341796875,0.4999982421875,0.495,0.4968,0.49996171875,0.48930546875,0.4968498046875,0.4992,0.498871875,0.4748279296875,0.4940185546875,0.499996875,0.4999138671875,0.4993875,0.49924921875,0.4950623046875,0.49649296875,0.4985888671875,0.4942888671875,0.4954279296875,0.4999841796875,0.4986544921875,0.4986544921875,0.4893966796875,0.4938810546875,0.49037421875,0.48699921875,0.49990546875,0.4982373046875,0.4968498046875,0.499921875,0.498871875,0.4962263671875,0.496171875,0.4908029296875,0.4999294921875,0.49971796875,0.4951857421875,0.4989591796875,0.4984875,0.4980076171875,0.49595,0.4993875,0.4968498046875,0.49812421875,0.4978466796875,0.4968,0.4985888671875,0.4975060546875,0.4994919921875,0.4969482421875,0.4992,0.4972341796875,0.4998,0.4998875,0.49943046875,0.49996171875,0.4997029296875,0.4980076171875,0.4983107421875,0.49904296875,0.49728046875,0.4937419921875,0.4984875,0.4977638671875,0.49875,0.4987810546875,0.4987810546875,0.49986796875,0.4850138671875,0.4938810546875,0.4921875,0.49536796875,0.498346875,0.4911388671875,0.4955466796875,0.49827421875,0.4999998046875,0.49914921875,0.49904296875,0.499746875,0.4874982421875,0.49986796875,0.49324296875,0.49995,0.4964404296875,0.4995685546875,0.48875,0.49649296875,0.5,0.4984529296875,0.49264921875,0.49993671875,0.4921875,0.4996716796875,0.49965546875,0.4982,0.4930232421875,0.4993654296875,0.4999435546875,0.4983107421875,0.49595,0.4930232421875,0.499996875,0.499471875,0.494746875,0.4989013671875,0.4988419921875,0.4966482421875,0.4999294921875,0.48533671875,0.4965451171875,0.4884669921875,0.494221875,0.49965546875,0.4998875,0.49998046875,0.4997607421875,0.4997873046875,0.49868671875,0.49595,0.49924921875,0.4995685546875,0.4940185546875,0.4941544921875,0.49649296875,0.4925732421875,0.4978875,0.4968498046875,0.4921091796875,0.4964404296875,0.49995,0.4989013671875,0.49353046875,0.4980076171875,0.493096875,0.4965451171875,0.4999951171875,0.49982421875,0.49998046875,0.4999763671875,0.4998966796875,0.4956638671875,0.49746171875,0.4902873046875,0.4983826171875,0.4989875,0.4996875,0.4978875,0.493671875,0.4993201171875,0.4989013671875,0.4998966796875,0.49408671875,0.49560546875,0.4982,0.49728046875,0.4998123046875,0.49998046875,0.4999669921875,0.49995,0.4969482421875,0.4996044921875,0.4997029296875,0.4990701171875,0.499296875,0.4991232421875,0.49264921875,0.49171171875,0.4999138671875,0.496596875,0.49728046875,0.4997326171875,0.4978875,0.4962263671875,0.4988419921875,0.4973263671875,0.4977638671875,0.4999669921875,0.49914921875,0.49755,0.4989013671875,0.49958671875,0.4989013671875,0.4999904296875,0.4884669921875,0.49996171875,0.49689921875,0.49951171875,0.499096875,0.4999951171875,0.4996388671875,0.49881171875,0.4973263671875,0.4818310546875,0.4990154296875,0.49796796875,0.4985888671875,0.49595,0.49855546875,0.49990546875,0.49998046875,0.4998966796875,0.4958935546875,0.4978466796875,0.49965546875,0.49893046875,0.4999982421875,0.4998357421875,0.4908029296875,0.4999982421875,0.4998,0.499621875,0.4996044921875,0.4979279296875,0.4988419921875,0.4998123046875,0.4982,0.49435546875,0.49965546875,0.4965451171875,0.4994091796875,0.4997873046875,0.4962263671875,0.499846875,0.488371875,0.4897576171875,0.4984529296875,0.4902873046875,0.4963875,0.4995310546875,0.4999951171875,0.499296875,0.4997326171875,0.4996716796875,0.4994513671875,0.492496875,0.4985888671875,0.49841796875,0.4997873046875,0.4979279296875,0.49986796875,0.4825388671875,0.499471875,0.4960060546875,0.49728046875,0.4946826171875,0.4944875,0.499846875,0.4998357421875,0.4983107421875,0.499296875,0.4978466796875,0.495246875,0.4994091796875,0.4960060546875,0.4998966796875,0.4996875,0.4982,0.4992248046875,0.4999763671875,0.498046875,0.4999294921875,0.4996388671875,0.4993201171875,0.4964404296875,0.4854435546875,0.4991232421875,0.49977421875,0.4989875,0.49995,0.49986796875,0.49709296875,0.4954279296875,0.49796796875,0.49294921875,0.4944216796875,0.499746875,0.4996875,0.499921875,0.4999669921875,0.49934296875,0.4928748046875,0.4764826171875,0.4862841796875,0.4994091796875,0.4986544921875,0.49155,0.4985888671875,0.49893046875,0.49996171875,0.49875,0.4894875,0.4984875,0.4984875,0.4993654296875,0.4992,0.4988419921875,0.4996716796875,0.49965546875,0.49934296875,0.496996875,0.4999138671875,0.487596875,0.49965546875,0.4998875,0.4980076171875,0.4986544921875,0.488371875,0.4908875,0.4975935546875,0.4876951171875,0.4987810546875,0.48875,0.493671875,0.4951857421875,0.4997607421875,0.49995,0.4996875,0.4973263671875,0.49628046875,0.4999138671875,0.4996875,0.4991748046875,0.499921875,0.4983107421875,0.4987810546875,0.4836873046875,0.4949373046875,0.49893046875,0.4988419921875,0.4977638671875,0.489846875,0.49943046875,0.4978875,0.4938810546875,0.4994091796875,0.49669921875,0.49461796875,0.4996388671875,0.4945529296875,0.4996388671875,0.49971796875,0.48739921875,0.49395,0.49763671875,0.4995685546875,0.49971796875,0.4998576171875,0.4904607421875,0.4985216796875,0.49999921875,0.4999951171875,0.49999296875,0.4958935546875,0.4996875,0.4901123046875,0.49868671875,0.4847966796875,0.4999904296875,0.4997873046875,0.49881171875,0.498871875,0.49999296875,0.4997607421875,0.4999875,0.49763671875,0.4998779296875,0.4954875,0.4992,0.4990701171875,0.4927248046875,0.4906326171875,0.4995685546875,0.4974169921875,0.499921875,0.49999921875,0.4789875,0.49841796875,0.49395,0.4989875,0.499921875,0.4990701171875,0.49381171875,0.4986544921875,0.4999294921875,0.4949373046875,0.4904607421875,0.4924201171875,0.4989591796875,0.4945529296875,0.499096875,0.495,0.498346875,0.49990546875,0.4970451171875,0.4997873046875,0.4999763671875,0.4999982421875,0.49875,0.4999435546875,0.47607421875,0.49999921875,0.499921875,0.4906326171875,0.49755,0.49986796875,0.4988419921875,0.49649296875,0.49996171875,0.4985216796875,0.49893046875,0.4995310546875,0.4994091796875,0.499921875,0.497371875,0.49628046875,0.4987810546875,0.49998046875,0.49512421875,0.489121875,0.4931701171875,0.4936013671875,0.4965451171875,0.4934591796875,0.49755,0.49408671875,0.49755,0.498621875,0.499471875,0.4985888671875,0.47326171875,0.499096875,0.4997029296875,0.49999296875,0.49999921875,0.4989875,0.4982373046875,0.49904296875,0.4986544921875,0.49709296875,0.4982,0.497371875,0.4992732421875,0.499971875,0.49796796875,0.4997607421875,0.49780546875,0.4986544921875,0.4993875,0.4999998046875,0.4989591796875,0.499971875,0.4998576171875,0.4957794921875,0.496596875,0.4982,0.4995685546875,0.4993201171875,0.49689921875,0.49628046875,0.4980076171875,0.4998,0.4941544921875,0.4992732421875,0.4994513671875,0.4988419921875,0.49037421875,0.49881171875,0.499846875,0.4888435546875,0.49763671875,0.49990546875,0.49998046875,0.4999951171875,0.48966796875,0.4983107421875,0.4991748046875,0.4856560546875,0.4921875,0.49868671875,0.4975935546875,0.4995685546875,0.4993201171875,0.491221875,0.49746171875,0.49951171875,0.49560546875,0.48265546875,0.4991232421875,0.4996875,0.499996875,0.4969482421875,0.4931701171875,0.4987810546875,0.4834607421875,0.49875,0.4999138671875,0.4981623046875,0.49728046875,0.4986544921875,0.4972341796875,0.49982421875,0.4969482421875,0.4999998046875,0.4999763671875,0.4978875,0.48555,0.4874982421875,0.49982421875,0.4978466796875,0.4899357421875,0.4998966796875,0.4983826171875,0.497721875,0.4868982421875,0.4984529296875,0.4945529296875,0.4993201171875,0.4940185546875,0.4989591796875,0.4999841796875,0.498046875,0.4992248046875,0.49583671875,0.49924921875,0.4999560546875,0.499746875,0.4928748046875,0.498046875,0.49408671875,0.4994919921875,0.4995310546875,0.4990154296875,0.4997029296875,0.4921091796875,0.4944875,0.4998576171875,0.4978875,0.4969482421875,0.4999904296875,0.49002421875,0.49827421875,0.4997607421875,0.4980857421875,0.4990154296875,0.49381171875,0.4996044921875,0.4999138671875,0.49855546875,0.4803732421875,0.49628046875,0.49628046875,0.49958671875,0.48446796875,0.49881171875,0.496596875,0.4998123046875,0.4973263671875,0.4904607421875,0.499621875,0.49875,0.4934591796875,0.4985216796875,0.49934296875,0.49669921875,0.4984875,0.49105546875,0.4976794921875,0.4999998046875,0.4996716796875,0.499971875,0.4994513671875,0.499846875,0.4998576171875,0.4971875,0.499096875,0.4971875,0.499971875,0.4984875,0.499746875,0.4999560546875,0.4933154296875,0.49381171875,0.4999435546875,0.49951171875,0.4987185546875,0.4991232421875,0.4967498046875,0.4980857421875,0.4993654296875,0.49855546875,0.4999763671875,0.49998046875,0.4978466796875,0.49875,0.49943046875,0.4990701171875,0.49977421875
0.4995310546875,0.4941544921875,0.49993671875,0.49746171875,0.4788591796875,0.49999921875,0.499996875,0.4989591796875,0.4999982421875,0.4995685546875,0.4924201171875,0.4962263671875,0.4852294921875,0.4991232421875,0.4990701171875,0.4906326171875,0.4987810546875,0.4874982421875,0.4951857421875,0.4996388671875,0.4980076171875,0.4931701171875,0.4985216796875,0.4991748046875,0.499921875,0.4581310546875,0.49990546875,0.4995310546875,0.499996875,0.4772888671875,0.4999560546875,0.4996716796875,0.483346875,0.49982421875,0.4984875,0.4992248046875,0.4999669921875,0.49780546875,0.4940185546875,0.4960060546875,0.49955,0.4911388671875,0.49381171875,0.48533671875,0.4948107421875,0.48576171875,0.49999921875,0.4999669921875,0.4998,0.4999669921875,0.4997873046875,0.499921875,0.4964404296875,0.49746171875,0.4997873046875,0.49780546875,0.49827421875,0.49855546875,0.4979279296875,0.4997029296875,0.49893046875,0.498046875,0.49965546875,0.49755,0.492496875,0.4999875,0.499746875,0.4892138671875,0.4928748046875,0.49996171875,0.49943046875,0.49996171875,0.494221875,0.499846875,0.499971875,0.49395,0.4993875,0.4970451171875,0.491871875,0.4982,0.49996171875,0.49982421875,0.4998123046875,0.4960060546875,0.4987810546875,0.49827421875,0.4999982421875,0.49993671875,0.4990154296875,0.4991232421875,0.499921875,0.48779296875,0.49796796875,0.49728046875,0.4987810546875,0.49606171875,0.4995310546875,0.4941544921875,0.4828875,0.4977638671875,0.4953076171875,0.4999875,0.4990701171875,0.49971796875,0.49875,0.4909716796875,0.4921875,0.49996171875,0.4963875,0.4895779296875,0.4838,0.4999841796875,0.4874982421875,0.4998123046875,0.4989013671875,0.49977421875,0.49971796875,0.4993201171875,0.487596875,0.4994091796875,0.4997607421875,0.4987810546875,0.4969482421875,0.4995685546875,0.4902,0.49995,0.4995685546875,0.4982,0.4909716796875,0.49955,0.4930232421875,0.497721875,0.49294921875,0.4921091796875,0.4933875,0.4980857421875,0.49971796875,0.4998966796875,0.499921875,0.4989013671875,0.4957794921875,0.498046875,0.49986796875,0.4978466796875,0.4980857421875,0.49996171875,0.4914685546875,0.49995,0.499471875,0.4999294921875,0.495246875,0.4957794921875,0.4864904296875,0.499921875,0.4999998046875,0.4975935546875,0.4997873046875,0.491871875,0.4944216796875,0.496596875,0.49827421875,0.4987810546875,0.4998779296875,0.49689921875,0.49999296875,0.49996171875,0.4994919921875,0.4997326171875,0.499921875,0.49995,0.49868671875,0.49689921875,0.4997873046875,0.4992732421875,0.498621875,0.4980857421875,0.49583671875,0.4984529296875,0.4955466796875,0.4942888671875,0.49990546875,0.4999294921875,0.496996875,0.4992248046875,0.4999951171875,0.49995,0.4998123046875,0.49709296875,0.4977638671875,0.499296875,0.4978875,0.4978875,0.49999921875,0.4999951171875,0.4996388671875,0.4917919921875,0.499621875,0.4954875,0.4971404296875,0.499621875,0.4987810546875,0.4973263671875,0.497721875,0.4998875,0.4999294921875,0.4993201171875,0.4997873046875,0.4958935546875,0.4999998046875,0.4983826171875,0.4953076171875,0.4872,0.4783419921875,0.4944216796875,0.49763671875,0.4969482421875,0.4941544921875,0.4993875,0.49536796875,0.49986796875,0.4975060546875,0.4999560546875,0.4999763671875,0.4998875,0.49955,0.4975060546875,0.4979279296875,0.4951857421875,0.4956638671875,0.49955,0.498621875,0.49855546875,0.49071796875,0.482421875,0.4993875,0.49203046875,0.49993671875,0.4940185546875,0.49780546875,0.4884669921875,0.4968,0.4954279296875,0.48265546875,0.4882763671875,0.49977421875,0.4886560546875,0.4975060546875,0.4996388671875,0.4998,0.49755,0.4983826171875,0.499921875,0.4933154296875,0.4832326171875,0.49914921875,0.49868671875,0.49763671875,0.4902,0.4965451171875,0.4924201171875,0.4995310546875,0.4984529296875,0.498871875,0.4994919921875,0.4999763671875,0.497721875,0.4968498046875,0.499746875,0.49881171875,0.4936013671875,0.4991748046875,0.49868671875,0.4996875,0.486796875,0.4981623046875,0.489846875,0.4997607421875,0.49893046875,0.48357421875,0.49999921875,0.4997607421875,0.493671875,0.49628046875,0.49993671875,0.49999296875,0.4996875,0.489846875,0.4999763671875,0.49138671875,0.4993654296875,0.496596875,0.4979279296875,0.4990154296875,0.49971796875,0.49977421875,0.49755,0.4999560546875,0.49955,0.4978875,0.491871875,0.49841796875,0.49998046875,0.49649296875,0.49996171875,0.49487421875,0.499296875,0.499746875,0.4953076171875,0.4937419921875,0.5,0.4962263671875,0.4989013671875,0.49868671875,0.49728046875,0.499296875,0.4985888671875,0.4991748046875,0.4921875,0.4981623046875,0.49986796875,0.4999982421875,0.4944216796875,0.499846875,0.48875,0.49924921875,0.4921875,0.490546875,0.4999294921875,0.4975935546875,0.499746875,0.4948107421875,0.49875,0.4996716796875,0.49986796875,0.4997607421875,0.4993201171875,0.4963341796875,0.4989013671875,0.4970451171875,0.4975935546875,0.4968498046875,0.4999560546875,0.4999841796875,0.4993201171875,0.4999904296875,0.4970451171875,0.494221875,0.4957794921875,0.4992248046875,0.49982421875,0.49881171875,0.49955,0.49995,0.499746875,0.4963875,0.4999875,0.49934296875,0.478471875,0.4998357421875,0.4971404296875,0.4998357421875,0.495721875,0.49324296875,0.4965451171875,0.49943046875,0.4981623046875,0.4994513671875,0.49993671875,0.49583671875,0.4987185546875,0.4999669921875,0.4971404296875,0.4995310546875,0.4925732421875,0.49904296875,0.4884669921875,0.4979279296875,0.4854435546875,0.49996171875,0.4984875,0.4890294921875,0.49998046875,0.5,0.4987185546875,0.47355,0.4966482421875,0.49487421875,0.49986796875,0.49951171875,0.4998,0.49955,0.49977421875,0.4975060546875,0.499621875,0.49234296875,0.4994091796875,0.4998966796875,0.49893046875,0.4931701171875,0.4991748046875,0.4999904296875,0.4987810546875,0.49990546875,0.49395,0.4960060546875,0.4993875,0.48739921875,0.4982,0.4982,0.4993201171875,0.4780810546875,0.49381171875,0.4999998046875,0.4999904296875,0.4991748046875,0.499746875,0.4980857421875,0.494221875,0.499471875,0.4965451171875,0.4957794921875,0.49990546875,0.49855546875,0.4989013671875,0.48699921875,0.492496875,0.48402421875,0.48618046875,0.49893046875,0.4987810546875,0.4966482421875,0.4998123046875,0.49875,0.4972341796875,0.4962263671875,0.4916310546875,0.4999435546875,0.499746875,0.4934591796875,0.4991232421875,0.4997029296875,0.4989591796875,0.4963341796875,0.4995685546875,0.4948107421875,0.49796796875,0.49689921875,0.499471875,0.49951171875,0.4975935546875,0.49982421875,0.4971875,0.4999998046875,0.4944216796875,0.499971875,0.49999296875,0.49965546875,0.4999982421875,0.4982,0.49746171875,0.4988419921875,0.4984875,0.4956638671875,0.49264921875,0.498871875,0.498346875,0.49893046875,0.4994091796875,0.4998,0.4997873046875,0.48659296875,0.494221875,0.49037421875,0.4962263671875,0.4980857421875,0.489121875,0.4983826171875,0.498046875,0.499971875,0.49971796875,0.49875,0.4989591796875,0.4904607421875,0.4999138671875,0.4944216796875,0.4999998046875,0.4964404296875,0.4996875,0.4874982421875,0.4994091796875,0.4999951171875,0.4986544921875,0.4902,0.4991748046875,0.49138671875,0.4995685546875,0.4997607421875,0.4969482421875,0.4946826171875,0.499296875,0.4990154296875,0.4982373046875,0.4961169921875,0.4965451171875,0.49855546875,0.4992732421875,0.49435546875,0.4999951171875,0.498346875,0.4963875,0.499921875,0.48533671875,0.4978875,0.4913044921875,0.4978466796875,0.4990154296875,0.4999982421875,0.4997607421875,0.4985216796875,0.4999435546875,0.4990154296875,0.4963341796875,0.4986544921875,0.4994091796875,0.496596875,0.4940185546875,0.4979279296875,0.49408671875,0.49536796875,0.496996875,0.4924201171875,0.4979279296875,0.49982421875,0.4994919921875,0.495246875,0.4968498046875,0.4914685546875,0.4961169921875,0.4999841796875,0.49990546875,0.5,0.49996171875,0.4999138671875,0.49408671875,0.4966482421875,0.4913044921875,0.4992248046875,0.4985216796875,0.4996875,0.4968,0.4948107421875,0.499471875,0.49881171875,0.4982,0.4927248046875,0.4936013671875,0.49606171875,0.4987185546875,0.49812421875,0.4998357421875,0.4998357421875,0.49998046875,0.49606171875,0.4990701171875,0.4998779296875,0.4965451171875,0.49996171875,0.498871875,0.49408671875,0.49037421875,0.4999435546875,0.49606171875,0.4990154296875,0.4996044921875,0.49812421875,0.4944216796875,0.4998,0.4949373046875,0.49461796875,0.4999841796875,0.49977421875,0.49875,0.4996875,0.49998046875,0.4982,0.4999669921875,0.4832326171875,0.4998966796875,0.49689921875,0.49993671875,0.49796796875,0.5,0.4998875,0.49875,0.4985216796875,0.4841357421875,0.4972341796875,0.49875,0.49595,0.4975935546875,0.49827421875,0.499746875,0.49982421875,0.4996388671875,0.4953076171875,0.496996875,0.4997326171875,0.4991232421875,0.49993671875,0.4999138671875,0.4911388671875,0.4999560546875,0.4994091796875,0.49977421875,0.49951171875,0.4985888671875,0.4992732421875,0.49934296875,0.49868671875,0.4941544921875,0.49958671875,0.49763671875,0.4995310546875,0.4995685546875,0.4968,0.49990546875,0.48490546875,0.4928,0.4989591796875,0.49203046875,0.4971875,0.49977421875,0.499971875,0.49914921875,0.4998875,0.4982373046875,0.49986796875,0.4916310546875,0.4985216796875,0.497371875,0.4998875,0.496596875,0.4994513671875,0.4838,0.49993671875,0.4976794921875,0.4974169921875,0.495,0.49583671875,0.4999294921875,0.4995685546875,0.4983826171875,0.4999841796875,0.4982373046875,0.4963341796875,0.4995310546875,0.4974169921875,0.4999875,0.49955,0.4980076171875,0.4989591796875,0.4999560546875,0.4982373046875,0.499921875,0.4993875,0.4971404296875,0.4978466796875,0.485121875,0.49958671875,0.4999763671875,0.49904296875,0.4999841796875,0.4996388671875,0.4980076171875,0.49395,0.4978875,0.4937419921875,0.4942888671875,0.49951171875,0.4993875,0.49965546875,0.4999982421875,0.4975060546875,0.49171171875,0.4789875,0.4798748046875,0.4967498046875,0.4989013671875,0.48930546875,0.49763671875,0.499471875,0.49986796875,0.4996044921875,0.4928748046875,0.4992248046875,0.49868671875,0.4989013671875,0.49904296875,0.4977638671875,0.49868671875,0.49951171875,0.4998,0.4964404296875,0.49999921875,0.4886560546875,0.4998123046875,0.4999138671875,0.49780546875,0.4970451171875,0.4909716796875,0.4933154296875,0.497721875,0.4924201171875,0.49924921875,0.48875,0.4925732421875,0.49435546875,0.4997029296875,0.49951171875,0.4999560546875,0.49881171875,0.4948107421875,0.4998123046875,0.49943046875,0.4998123046875,0.4994919921875,0.4995310546875,0.4985888671875,0.4839123046875,0.4955466796875,0.4996875,0.4993654296875,0.4946826171875,0.49264921875,0.4995685546875,0.498346875,0.498346875,0.4999560546875,0.4950623046875,0.4965451171875,0.4999294921875,0.4937419921875,0.4983826171875,0.5,0.4872,0.49353046875,0.4985888671875,0.4993201171875,0.4996716796875,0.4998875,0.48893671875,0.4994091796875,0.49995,0.49999296875,0.4999435546875,0.493096875,0.49990546875,0.4904607421875,0.4992248046875,0.4886560546875,0.499996875,0.4992248046875,0.4986544921875,0.49755,0.49990546875,0.499921875,0.49943046875,0.4996716796875,0.4999982421875,0.4962263671875,0.49971796875,0.49934296875,0.4917919921875,0.49264921875,0.49986796875,0.4991232421875,0.4998576171875,0.498871875,0.4767529296875,0.4993654296875,0.4948107421875,0.49943046875,0.49982421875,0.49689921875,0.49487421875,0.4994919921875,0.4999904296875,0.4983107421875,0.4902873046875,0.4921091796875,0.4989875,0.4941544921875,0.4996388671875,0.4977638671875,0.4977638671875,0.4996716796875,0.49875,0.4999875,0.499996875,0.49990546875,0.4978875,0.499846875,0.474121875,0.49995,0.49971796875,0.4908029296875,0.4973263671875,0.4990154296875,0.4994513671875,0.4897576171875,0.4999294921875,0.4968498046875,0.4979279296875,0.4989013671875,0.4998357421875,0.4998779296875,0.4972341796875,0.4956638671875,0.4989875,0.4990154296875,0.49755,0.4860763671875,0.4914685546875,0.4928,0.4925732421875,0.4936013671875,0.4975060546875,0.4940185546875,0.49855546875,0.4983826171875,0.49999296875,0.4994091796875,0.47552421875,0.4993654296875,0.4987810546875,0.4998875,0.4999841796875,0.4987810546875,0.4983826171875,0.49893046875,0.498346875,0.4966482421875,0.4963875,0.4977638671875,0.49999921875,0.4999998046875,0.4962263671875,0.4964404296875,0.49951171875,0.4994091796875,0.4982,0.4993654296875,0.49904296875,0.4999669921875,0.499921875,0.494221875,0.4976794921875,0.4989875,0.49977421875,0.4997326171875,0.4971404296875,0.4971404296875,0.4982373046875,0.4988419921875,0.49628046875,0.499621875,0.4989875,0.49868671875,0.4902873046875,0.498346875,0.499746875,0.4878904296875,0.496596875,0.49998046875,0.49999921875,0.4992,0.4934591796875,0.4983826171875,0.4998123046875,0.4916310546875,0.4950623046875,0.49893046875,0.4971404296875,0.4999982421875,0.49904296875,0.49138671875,0.496996875,0.49914921875,0.4934591796875,0.485121875,0.49868671875,0.4999138671875,0.4999841796875,0.4977638671875,0.4924201171875,0.4983107421875,0.4845779296875,0.4993875,0.4997607421875,0.4979279296875,0.49763671875,0.49893046875,0.496596875,0.4998123046875,0.4957794921875,0.499971875,0.4994919921875,0.4983826171875,0.4843576171875,0.4899357421875,0.4999435546875,0.49904296875,0.4893966796875,0.499971875,0.49780546875,0.4986544921875,0.4872998046875,0.49796796875,0.49796796875,0.499846875,0.49395,0.4997326171875,0.49955,0.4975060546875,0.4989875,0.497721875,0.4992248046875,0.4991748046875,0.4992248046875,0.4948107421875,0.4980857421875,0.4964404296875,0.4999904296875,0.4993654296875,0.49914921875,0.4993201171875,0.4906326171875,0.4973263671875,0.49993671875,0.4938810546875,0.49796796875,0.5,0.4897576171875,0.498346875,0.4998779296875,0.4988419921875,0.49943046875,0.4944216796875,0.4985888671875,0.4999560546875,0.4990701171875,0.4764826171875,0.4960060546875,0.4975935546875,0.499921875,0.4808654296875,0.49709296875,0.4976794921875,0.499921875,0.4953076171875,0.4882763671875,0.4996388671875,0.4989875,0.4938810546875,0.4968,0.4993875,0.4961169921875,0.4972341796875,0.494221875,0.4990154296875,0.4999904296875,0.499921875,0.4999763671875,0.49904296875,0.4996044921875,0.49868671875,0.49881171875,0.499471875,0.4977638671875,0.499846875,0.498046875,0.4999138671875,0.49993671875,0.4953076171875,0.4967498046875,0.49999296875,0.49999296875,0.4982373046875,0.49914921875,0.4989013671875,0.4987185546875,0.49990546875,0.4983107421875,0.4999998046875,0.4999435546875,0.497371875,0.4975935546875,0.4984875,0.4979279296875,0.4999560546875
0.49796796875,0.4917919921875,0.4992248046875,0.49461796875,0.485971875,0.4998966796875,0.4998875,0.49924921875,0.4999875,0.4994513671875,0.4906326171875,0.4958935546875,0.4809875,0.4999982421875,0.499096875,0.4897576171875,0.499746875,0.48779296875,0.496171875,0.4983107421875,0.4983107421875,0.4944216796875,0.49881171875,0.4998357421875,0.4999841796875,0.4613232421875,0.4999435546875,0.4994513671875,0.49971796875,0.477421875,0.499996875,0.4993201171875,0.4828875,0.4999435546875,0.496996875,0.4994091796875,0.4996044921875,0.49649296875,0.4928,0.49755,0.49977421875,0.491221875,0.495721875,0.4830029296875,0.4963875,0.4864904296875,0.49982421875,0.4997326171875,0.49893046875,0.4994919921875,0.499971875,0.49999921875,0.4963341796875,0.4982373046875,0.4994919921875,0.4983107421875,0.49875,0.4982373046875,0.4993654296875,0.499471875,0.4994513671875,0.4996875,0.4992732421875,0.4969482421875,0.49324296875,0.49998046875,0.4997326171875,0.49037421875,0.491221875,0.499921875,0.4996044921875,0.4999875,0.494746875,0.49990546875,0.49965546875,0.4940185546875,0.49924921875,0.4982373046875,0.48739921875,0.49689921875,0.4987810546875,0.49996171875,0.4994091796875,0.4954279296875,0.4982,0.4999560546875,0.49999921875,0.4999904296875,0.4990154296875,0.4994091796875,0.49943046875,0.491221875,0.4987810546875,0.4974169921875,0.4986544921875,0.49649296875,0.4998,0.4936013671875,0.4830029296875,0.4975060546875,0.4904607421875,0.49999296875,0.49924921875,0.4999435546875,0.4978875,0.4911388671875,0.49381171875,0.49982421875,0.498871875,0.49071796875,0.4847966796875,0.4998576171875,0.48856171875,0.4997326171875,0.49763671875,0.49999921875,0.4999904296875,0.49993671875,0.4895779296875,0.49986796875,0.4998875,0.49904296875,0.49512421875,0.4994513671875,0.4884669921875,0.4999841796875,0.4992732421875,0.4989591796875,0.4908029296875,0.49841796875,0.4876951171875,0.4987810546875,0.49264921875,0.4879875,0.4946826171875,0.4984529296875,0.499921875,0.49982421875,0.49971796875,0.4973263671875,0.4970451171875,0.497721875,0.4978875,0.4967498046875,0.49689921875,0.4998576171875,0.4916310546875,0.49993671875,0.49951171875,0.4999875,0.4950623046875,0.4982373046875,0.4904607421875,0.4999998046875,0.4998875,0.49487421875,0.4993875,0.4884669921875,0.494746875,0.498871875,0.498621875,0.496996875,0.4999841796875,0.4973263671875,0.4999294921875,0.4999998046875,0.4999998046875,0.499996875,0.49986796875,0.49993671875,0.497371875,0.49746171875,0.4997029296875,0.4991232421875,0.4963341796875,0.4998123046875,0.4950623046875,0.4984529296875,0.496596875,0.4928,0.49924921875,0.49993671875,0.49746171875,0.498621875,0.4992,0.499846875,0.4992248046875,0.4921875,0.4985888671875,0.4996044921875,0.4955466796875,0.49763671875,0.49977421875,0.499996875,0.49996171875,0.4925732421875,0.499621875,0.4981623046875,0.49746171875,0.49955,0.4989875,0.49669921875,0.4984875,0.4998123046875,0.4992248046875,0.49955,0.4999998046875,0.495,0.4998966796875,0.4975935546875,0.495721875,0.48739921875,0.4796232421875,0.493096875,0.49487421875,0.4967498046875,0.4966482421875,0.49996171875,0.49827421875,0.4998875,0.4945529296875,0.49958671875,0.4999138671875,0.499971875,0.49709296875,0.4963875,0.4963341796875,0.4983107421875,0.4958935546875,0.4995310546875,0.49924921875,0.4984529296875,0.4886560546875,0.482421875,0.49841796875,0.4914685546875,0.499746875,0.4968,0.49875,0.49037421875,0.499471875,0.4909716796875,0.48311796875,0.4893966796875,0.49999921875,0.483346875,0.4978466796875,0.49796796875,0.4991232421875,0.4963875,0.49827421875,0.4991232421875,0.493096875,0.48446796875,0.4996044921875,0.4994513671875,0.4976794921875,0.4854435546875,0.49583671875,0.4904607421875,0.498046875,0.4971404296875,0.49990546875,0.499296875,0.4999669921875,0.4994919921875,0.4985888671875,0.49996171875,0.4992248046875,0.49875,0.49998046875,0.49649296875,0.49998046875,0.48893671875,0.49943046875,0.4906326171875,0.4991232421875,0.49958671875,0.48171171875,0.4999435546875,0.4999982421875,0.4958935546875,0.4956638671875,0.4998576171875,0.4990154296875,0.4991748046875,0.489121875,0.49998046875,0.4892138671875,0.4992732421875,0.49728046875,0.4956638671875,0.4971875,0.499471875,0.4999982421875,0.4987185546875,0.4999763671875,0.4992248046875,0.499296875,0.49171171875,0.4982,0.4998779296875,0.4973263671875,0.49996171875,0.4956638671875,0.4996044921875,0.4992,0.49709296875,0.49512421875,0.4997607421875,0.4950623046875,0.49914921875,0.4996388671875,0.498046875,0.4989591796875,0.4999560546875,0.49943046875,0.4931701171875,0.497721875,0.4997326171875,0.4999669921875,0.4931701171875,0.4998,0.4921875,0.4984875,0.4921091796875,0.4904607421875,0.499971875,0.49583671875,0.4986544921875,0.4971404296875,0.4998123046875,0.499746875,0.49914921875,0.4987810546875,0.4992732421875,0.49583671875,0.499471875,0.495721875,0.497721875,0.4973263671875,0.4998966796875,0.4999560546875,0.4993875,0.4999294921875,0.4992248046875,0.49408671875,0.4971404296875,0.49606171875,0.4988419921875,0.498346875,0.4993201171875,0.499996875,0.49971796875,0.4978466796875,0.4999998046875,0.4975060546875,0.479496875,0.4999669921875,0.49812421875,0.49990546875,0.49841796875,0.49071796875,0.49669921875,0.4991748046875,0.497721875,0.4993654296875,0.49990546875,0.49512421875,0.4992,0.4999875,0.49560546875,0.4981623046875,0.4913044921875,0.4983107421875,0.48311796875,0.4949373046875,0.48739921875,0.4999841796875,0.49812421875,0.48930546875,0.4997029296875,0.4998357421875,0.4997029296875,0.476346875,0.4957794921875,0.493671875,0.49951171875,0.49763671875,0.4988419921875,0.49958671875,0.4999669921875,0.49893046875,0.49986796875,0.49395,0.49971796875,0.4994513671875,0.4997326171875,0.491221875,0.4993654296875,0.499971875,0.4996388671875,0.4992248046875,0.4934591796875,0.49487421875,0.4997607421875,0.485121875,0.499296875,0.4978875,0.4998,0.4808654296875,0.4967498046875,0.4994091796875,0.499971875,0.4998357421875,0.49943046875,0.4990701171875,0.49461796875,0.4992732421875,0.49560546875,0.4937419921875,0.5,0.4968498046875,0.4987185546875,0.4893966796875,0.49381171875,0.4902873046875,0.4892138671875,0.497371875,0.4985216796875,0.497721875,0.4994919921875,0.4989875,0.496171875,0.4951857421875,0.4872998046875,0.499971875,0.4989875,0.4946826171875,0.4989875,0.499746875,0.499096875,0.4944216796875,0.4989013671875,0.4931701171875,0.4933154296875,0.4953076171875,0.4987185546875,0.4996388671875,0.49709296875,0.499746875,0.496996875,0.4998966796875,0.49606171875,0.4999763671875,0.499921875,0.49881171875,0.4999435546875,0.4975935546875,0.4946826171875,0.4973263671875,0.4978466796875,0.49606171875,0.49324296875,0.498046875,0.4980857421875,0.498346875,0.4983107421875,0.49855546875,0.49986796875,0.4868982421875,0.49560546875,0.491221875,0.4964404296875,0.4992,0.4922654296875,0.496996875,0.4997326171875,0.4998779296875,0.49986796875,0.4966482421875,0.4991232421875,0.48818046875,0.4994091796875,0.49408671875,0.4998875,0.4956638671875,0.4996716796875,0.48779296875,0.49827421875,0.4996044921875,0.49669921875,0.49155,0.499921875,0.4892138671875,0.4978466796875,0.4981623046875,0.4991748046875,0.49487421875,0.4998966796875,0.499471875,0.4980857421875,0.49381171875,0.4955466796875,0.4987185546875,0.49951171875,0.4963341796875,0.49998046875,0.4986544921875,0.4953076171875,0.49999296875,0.4827716796875,0.4971875,0.4895779296875,0.4972341796875,0.4975935546875,0.4999998046875,0.4996044921875,0.4986544921875,0.4998875,0.4974169921875,0.4963341796875,0.49512421875,0.4989875,0.4963341796875,0.4925732421875,0.49868671875,0.49461796875,0.49560546875,0.49893046875,0.4949373046875,0.4963875,0.4998357421875,0.4992732421875,0.4872998046875,0.4981623046875,0.4916310546875,0.49595,0.499971875,0.4989875,0.4998875,0.4998576171875,0.499921875,0.49264921875,0.49294921875,0.48699921875,0.49971796875,0.4980857421875,0.49955,0.49868671875,0.49408671875,0.4985216796875,0.49780546875,0.49841796875,0.49353046875,0.496596875,0.4972341796875,0.4987810546875,0.4990701171875,0.4999669921875,0.49951171875,0.4996388671875,0.4968,0.4998357421875,0.4995310546875,0.4974169921875,0.49986796875,0.4992248046875,0.4922654296875,0.4933154296875,0.4997029296875,0.4979279296875,0.49796796875,0.4991232421875,0.4969482421875,0.4963875,0.4998779296875,0.4966482421875,0.4949373046875,0.49993671875,0.4993875,0.4986544921875,0.4996044921875,0.49999921875,0.49875,0.4999951171875,0.4841357421875,0.49982421875,0.49628046875,0.4999294921875,0.4982,0.49943046875,0.4994513671875,0.496996875,0.4993654296875,0.48533671875,0.4970451171875,0.4986544921875,0.49536796875,0.4973263671875,0.4964404296875,0.4994513671875,0.49943046875,0.4996875,0.4968498046875,0.4981623046875,0.49958671875,0.49965546875,0.4997326171875,0.49998046875,0.4902,0.4997029296875,0.499846875,0.49827421875,0.4991748046875,0.4966482421875,0.49982421875,0.4983107421875,0.4991232421875,0.4930232421875,0.4989875,0.4966482421875,0.49893046875,0.499996875,0.4967498046875,0.4999435546875,0.4852294921875,0.4894875,0.4985216796875,0.4906326171875,0.49780546875,0.4993875,0.4994513671875,0.4996716796875,0.4998779296875,0.4986544921875,0.4992,0.49234296875,0.498871875,0.4991232421875,0.4999998046875,0.4969482421875,0.4983107421875,0.4838,0.49977421875,0.4948107421875,0.49669921875,0.4916310546875,0.4962263671875,0.4989875,0.4998123046875,0.4978875,0.49995,0.4992248046875,0.4966482421875,0.4989013671875,0.4983826171875,0.49998046875,0.4998357421875,0.498871875,0.49955,0.499471875,0.49780546875,0.4998966796875,0.4998357421875,0.49763671875,0.4971404296875,0.48357421875,0.4993201171875,0.4991232421875,0.4987185546875,0.4998875,0.4992732421875,0.49841796875,0.4954279296875,0.4967498046875,0.4954279296875,0.4965451171875,0.49986796875,0.4993201171875,0.4999875,0.49999296875,0.4983826171875,0.4924201171875,0.47496796875,0.48576171875,0.4965451171875,0.4983826171875,0.4897576171875,0.4971404296875,0.4994919921875,0.49999921875,0.4993654296875,0.49294921875,0.49971796875,0.4973263671875,0.4981623046875,0.49812421875,0.4969482421875,0.4992248046875,0.4998875,0.49881171875,0.4956638671875,0.499296875,0.49138671875,0.49993671875,0.4999841796875,0.4975935546875,0.49669921875,0.49171171875,0.4924201171875,0.49628046875,0.492496875,0.49971796875,0.4894875,0.49037421875,0.49560546875,0.4998,0.5,0.4999998046875,0.4985216796875,0.4965451171875,0.4997607421875,0.49990546875,0.4998576171875,0.499846875,0.4996044921875,0.49780546875,0.4902873046875,0.491871875,0.4988419921875,0.49827421875,0.4963875,0.4925732421875,0.49971796875,0.49914921875,0.4989591796875,0.4998966796875,0.4966482421875,0.495721875,0.4998357421875,0.491221875,0.49990546875,0.49855546875,0.48357421875,0.4944875,0.49855546875,0.4997873046875,0.499921875,0.49982421875,0.485971875,0.4994091796875,0.49881171875,0.4999294921875,0.4997326171875,0.49294921875,0.49977421875,0.48779296875,0.49977421875,0.485971875,0.4999138671875,0.4997607421875,0.49827421875,0.49536796875,0.4999982421875,0.49999921875,0.4989875,0.4994919921875,0.4999435546875,0.4976794921875,0.4988419921875,0.4984529296875,0.4884669921875,0.4950623046875,0.49982421875,0.4988419921875,0.49958671875,0.4991232421875,0.4778185546875,0.4997607421875,0.49628046875,0.499096875,0.4997873046875,0.498621875,0.494221875,0.4999951171875,0.4999951171875,0.4963875,0.4863875,0.4897576171875,0.4996044921875,0.4954875,0.4999763671875,0.4989013671875,0.4975060546875,0.4999763671875,0.49868671875,0.49971796875,0.4997873046875,0.4998,0.4989591796875,0.49924921875,0.4698341796875,0.4997873046875,0.4998779296875,0.4911388671875,0.4980857421875,0.49998046875,0.4999982421875,0.4911388671875,0.4998576171875,0.4977638671875,0.4965451171875,0.49812421875,0.4996875,0.4998576171875,0.4953076171875,0.49763671875,0.4991232421875,0.499296875,0.49583671875,0.4884669921875,0.49461796875,0.49381171875,0.49435546875,0.4951857421875,0.4968498046875,0.4927248046875,0.49914921875,0.4993654296875,0.4997873046875,0.4993875,0.4719451171875,0.4989013671875,0.4992732421875,0.4999763671875,0.49998046875,0.49755,0.49914921875,0.49746171875,0.498346875,0.4955466796875,0.49868671875,0.496171875,0.499296875,0.49971796875,0.4976794921875,0.4983826171875,0.4993654296875,0.498871875,0.499846875,0.49958671875,0.49934296875,0.49982421875,0.4998576171875,0.4942888671875,0.4965451171875,0.4997029296875,0.4991748046875,0.49999921875,0.4979279296875,0.4963875,0.4975060546875,0.499296875,0.4968498046875,0.4998779296875,0.498621875,0.4995685546875,0.48875,0.499296875,0.49986796875,0.4827716796875,0.4975935546875,0.499921875,0.5,0.499746875,0.495246875,0.499096875,0.4996875,0.48779296875,0.4944875,0.4992,0.49709296875,0.4999435546875,0.4994091796875,0.49002421875,0.4985216796875,0.498046875,0.4936013671875,0.4863875,0.4993201171875,0.4999763671875,0.4997607421875,0.4975060546875,0.4927248046875,0.4985216796875,0.4879875,0.4995685546875,0.4998966796875,0.4971404296875,0.49512421875,0.49780546875,0.4983826171875,0.49965546875,0.49536796875,0.499746875,0.4996044921875,0.499296875,0.4854435546875,0.4890294921875,0.5,0.4985216796875,0.49002421875,0.49914921875,0.4969482421875,0.4975060546875,0.4866951171875,0.4974169921875,0.4964404296875,0.49904296875,0.49689921875,0.4996716796875,0.4980857421875,0.4992,0.49958671875,0.49536796875,0.4993654296875,0.49965546875,0.4991232421875,0.49461796875,0.4989013671875,0.49560546875,0.4999138671875,0.49796796875,0.49982421875,0.4963341796875,0.4884669921875,0.49812421875,0.4998779296875,0.49649296875,0.4982,0.4999435546875,0.4933875,0.49669921875,0.4997607421875,0.4990154296875,0.4996875,0.49435546875,0.49893046875,0.4999982421875,0.4982373046875,0.4751076171875,0.49763671875,0.4966482421875,0.4999138671875,0.47821171875,0.49560546875,0.4980076171875,0.4999998046875,0.49649296875,0.4919513671875,0.49995,0.49982421875,0.4957794921875,0.4972341796875,0.4997029296875,0.4964404296875,0.49755,0.4934591796875,0.4994513671875,0.4999138671875,0.4999435546875,0.499746875,0.4992248046875,0.49990546875,0.4995685546875,0.4968,0.499296875,0.496171875,0.4999982421875,0.4981623046875,0.4999435546875,0.49958671875,0.49435546875,0.4958935546875,0.49958671875,0.4999951171875,0.4990701171875,0.497721875,0.4975060546875,0.499296875,0.4997326171875,0.49943046875,0.499971875,0.4999294921875,0.4955466796875,0.496171875,0.499746875,0.4989013671875,0.49995
0.498871875,0.4914685546875,0.4999138671875,0.497721875,0.4872,0.499996875,0.499096875,0.4998576171875,0.4998779296875,0.49934296875,0.48856171875,0.490546875,0.4866951171875,0.4996044921875,0.49868671875,0.4872,0.4998576171875,0.4872,0.49512421875,0.49924921875,0.49755,0.4922654296875,0.49904296875,0.499621875,0.49995,0.46652421875,0.49986796875,0.4999841796875,0.4999841796875,0.4828875,0.499921875,0.4998,0.4846875,0.499921875,0.4972341796875,0.49893046875,0.499621875,0.4954875,0.4921875,0.4980076171875,0.4993875,0.4839123046875,0.4962263671875,0.4803732421875,0.4964404296875,0.4791154296875,0.4999294921875,0.49999296875,0.4986544921875,0.499296875,0.499996875,0.499971875,0.4963875,0.4995685546875,0.49996171875,0.4981623046875,0.4993654296875,0.49780546875,0.4996875,0.4994091796875,0.49958671875,0.4985888671875,0.4977638671875,0.4972341796875,0.49512421875,0.4999435546875,0.4997873046875,0.4933154296875,0.48966796875,0.499621875,0.5,0.4994513671875,0.4945529296875,0.49995,0.4998123046875,0.49264921875,0.4998123046875,0.499296875,0.4908875,0.49512421875,0.4995685546875,0.49951171875,0.4999875,0.4961169921875,0.49763671875,0.49982421875,0.4995310546875,0.4999763671875,0.4986544921875,0.498621875,0.49993671875,0.4858669921875,0.4963341796875,0.4983107421875,0.4979279296875,0.494746875,0.4998357421875,0.4958935546875,0.4836873046875,0.4973263671875,0.49171171875,0.49995,0.498346875,0.4998357421875,0.49841796875,0.4899357421875,0.49294921875,0.499971875,0.49827421875,0.491871875,0.4895779296875,0.4999998046875,0.488371875,0.4999998046875,0.4975060546875,0.499996875,0.4999841796875,0.49977421875,0.4941544921875,0.4998,0.4996044921875,0.498621875,0.4911388671875,0.499621875,0.4874982421875,0.49904296875,0.4983107421875,0.4984875,0.4879875,0.4975935546875,0.4951857421875,0.49904296875,0.4944875,0.49294921875,0.49264921875,0.4977638671875,0.49827421875,0.4997607421875,0.4980857421875,0.49728046875,0.49649296875,0.4985216796875,0.49875,0.4954279296875,0.4957794921875,0.499996875,0.4937419921875,0.4999435546875,0.4991748046875,0.4996044921875,0.4937419921875,0.49855546875,0.49037421875,0.4998966796875,0.4998576171875,0.4968498046875,0.499921875,0.486796875,0.4922654296875,0.49914921875,0.4989875,0.498346875,0.4999138671875,0.49763671875,0.49996171875,0.49999921875,0.4999294921875,0.4993201171875,0.49951171875,0.49999921875,0.4971875,0.4993201171875,0.49971796875,0.4992,0.4960060546875,0.49993671875,0.4961169921875,0.4983826171875,0.49689921875,0.4908875,0.49986796875,0.4997873046875,0.4971875,0.4977638671875,0.4992732421875,0.4999138671875,0.4984875,0.49628046875,0.4978466796875,0.4987185546875,0.4978466796875,0.4985888671875,0.4994091796875,0.49982421875,0.499846875,0.49264921875,0.49914921875,0.4975935546875,0.4974169921875,0.4980076171875,0.4996044921875,0.49755,0.4968,0.499471875,0.4993201171875,0.49977421875,0.4999138671875,0.492496875,0.49996171875,0.496596875,0.496171875,0.4882763671875,0.475246875,0.4954279296875,0.4969482421875,0.496171875,0.4956638671875,0.4999763671875,0.4986544921875,0.4999763671875,0.49689921875,0.49990546875,0.4999560546875,0.4998875,0.4956638671875,0.4965451171875,0.49763671875,0.4982373046875,0.49689921875,0.49990546875,0.497371875,0.49965546875,0.4813513671875,0.48074296875,0.49993671875,0.490546875,0.4999841796875,0.4958935546875,0.4986544921875,0.48818046875,0.4983826171875,0.4924201171875,0.48618046875,0.48739921875,0.4999138671875,0.4872998046875,0.4957794921875,0.49893046875,0.4979279296875,0.49780546875,0.4992,0.49965546875,0.49324296875,0.4880841796875,0.4984875,0.499846875,0.4955466796875,0.485971875,0.49595,0.4862841796875,0.4969482421875,0.4963875,0.4999998046875,0.4987810546875,0.4998576171875,0.4983107421875,0.4993875,0.4998,0.498346875,0.4989591796875,0.49986796875,0.495246875,0.4998966796875,0.4876951171875,0.4997873046875,0.491221875,0.4977638671875,0.4993201171875,0.485121875,0.4999982421875,0.4999435546875,0.4982,0.49595,0.499471875,0.49965546875,0.4992732421875,0.49002421875,0.499921875,0.49171171875,0.49904296875,0.49536796875,0.495721875,0.4968498046875,0.4992248046875,0.4999763671875,0.4995310546875,0.4999904296875,0.499621875,0.49763671875,0.493096875,0.49755,0.49841796875,0.495246875,0.4989591796875,0.49746171875,0.4999841796875,0.4987810546875,0.499096875,0.4928,0.499746875,0.4967498046875,0.49955,0.4985216796875,0.4980076171875,0.4971875,0.4998966796875,0.499471875,0.4868982421875,0.4978466796875,0.4999982421875,0.4998779296875,0.4982373046875,0.49934296875,0.4897576171875,0.49841796875,0.4930232421875,0.4911388671875,0.499846875,0.4973263671875,0.4985888671875,0.4955466796875,0.4999669921875,0.4999138671875,0.499296875,0.4995310546875,0.4986544921875,0.4951857421875,0.4991232421875,0.4968498046875,0.4960060546875,0.49649296875,0.49990546875,0.4998966796875,0.4998875,0.4999982421875,0.4985216796875,0.4916310546875,0.496996875,0.4968498046875,0.499971875,0.4965451171875,0.499746875,0.49943046875,0.4998966796875,0.4966482421875,0.4997029296875,0.49827421875,0.47795,0.4997326171875,0.4989591796875,0.4999560546875,0.49924921875,0.49595,0.4963875,0.49904296875,0.4986544921875,0.498046875,0.4999998046875,0.4950623046875,0.49955,0.4999982421875,0.49583671875,0.4987810546875,0.48856171875,0.4972341796875,0.4856560546875,0.49435546875,0.4872,0.4998966796875,0.4992248046875,0.49138671875,0.49998046875,0.499846875,0.4999669921875,0.4820685546875,0.49649296875,0.4925732421875,0.4999669921875,0.49958671875,0.4997029296875,0.49955,0.4994513671875,0.499096875,0.4999841796875,0.4904607421875,0.4999951171875,0.4997873046875,0.49965546875,0.491221875,0.4993201171875,0.49998046875,0.4993201171875,0.4995310546875,0.49560546875,0.495,0.4998966796875,0.48659296875,0.4973263671875,0.49868671875,0.49796796875,0.482421875,0.49649296875,0.4991232421875,0.4998576171875,0.4991748046875,0.49986796875,0.49995,0.494746875,0.4995310546875,0.49560546875,0.4971404296875,0.4999560546875,0.4933154296875,0.4996044921875,0.4880841796875,0.4933154296875,0.48856171875,0.48195,0.49709296875,0.498346875,0.4996875,0.4999998046875,0.49812421875,0.497371875,0.4955466796875,0.49002421875,0.49993671875,0.4979279296875,0.49171171875,0.49955,0.49995,0.49904296875,0.4928748046875,0.4984529296875,0.49487421875,0.49669921875,0.49583671875,0.4965451171875,0.4985216796875,0.4944216796875,0.4997607421875,0.4981623046875,0.4992732421875,0.4971404296875,0.4998576171875,0.49999921875,0.49934296875,0.4999841796875,0.4966482421875,0.4962263671875,0.4981623046875,0.4972341796875,0.4962263671875,0.49155,0.4950623046875,0.4982373046875,0.498346875,0.4982373046875,0.4971875,0.4998966796875,0.48446796875,0.49649296875,0.4921091796875,0.4968498046875,0.4999138671875,0.485971875,0.4985888671875,0.497721875,0.49955,0.49977421875,0.4963341796875,0.49958671875,0.4872,0.4999763671875,0.49435546875,0.49993671875,0.49560546875,0.4999138671875,0.48818046875,0.49868671875,0.499471875,0.493671875,0.489121875,0.4998966796875,0.4911388671875,0.4986544921875,0.49934296875,0.4994513671875,0.49353046875,0.499971875,0.49934296875,0.4989875,0.495,0.4962263671875,0.4998779296875,0.499471875,0.49395,0.4991232421875,0.4982373046875,0.4933875,0.4998779296875,0.4843576171875,0.4987810546875,0.4866951171875,0.49881171875,0.4973263671875,0.49996171875,0.4992732421875,0.4984875,0.4999875,0.49755,0.49669921875,0.49755,0.4983107421875,0.49408671875,0.49395,0.4989013671875,0.4921875,0.4976794921875,0.4984875,0.4921875,0.4982,0.4997326171875,0.49904296875,0.4892138671875,0.499296875,0.49037421875,0.49649296875,0.4999435546875,0.4995685546875,0.49982421875,0.4998357421875,0.4999998046875,0.49155,0.495246875,0.48659296875,0.49875,0.4940185546875,0.4999841796875,0.498621875,0.49353046875,0.4998966796875,0.49728046875,0.499296875,0.48893671875,0.4936013671875,0.49746171875,0.4990701171875,0.49904296875,0.49995,0.49955,0.4994919921875,0.4963875,0.4993875,0.4999875,0.496996875,0.499846875,0.4999138671875,0.4927248046875,0.4936013671875,0.4996716796875,0.4944216796875,0.4996875,0.4985888671875,0.49512421875,0.4969482421875,0.4998123046875,0.49461796875,0.49606171875,0.49943046875,0.49986796875,0.49812421875,0.4998,0.49998046875,0.49958671875,0.4999875,0.4878904296875,0.4999138671875,0.4978875,0.4998357421875,0.49755,0.4993201171875,0.49996171875,0.49780546875,0.4993654296875,0.4828875,0.4971875,0.4981623046875,0.49560546875,0.4987185546875,0.4984529296875,0.4997326171875,0.4985888671875,0.499746875,0.4968498046875,0.49689921875,0.49971796875,0.4998357421875,0.4999435546875,0.4999841796875,0.4913044921875,0.499996875,0.4985216796875,0.4997873046875,0.4993654296875,0.4928,0.4994919921875,0.498871875,0.499746875,0.492496875,0.49958671875,0.49755,0.4998,0.49995,0.4960060546875,0.49990546875,0.4878904296875,0.4872998046875,0.49924921875,0.4913044921875,0.49728046875,0.49943046875,0.4992732421875,0.499296875,0.49995,0.4996044921875,0.4998875,0.4919513671875,0.4983826171875,0.49904296875,0.4999998046875,0.49583671875,0.49955,0.4862841796875,0.4999560546875,0.49669921875,0.497371875,0.4895779296875,0.49461796875,0.49955,0.499921875,0.4977638671875,0.49993671875,0.49893046875,0.49628046875,0.49951171875,0.499471875,0.49999921875,0.4999998046875,0.49755,0.4994919921875,0.49996171875,0.49669921875,0.4997873046875,0.499096875,0.49763671875,0.49746171875,0.4827716796875,0.497721875,0.499296875,0.4990154296875,0.4998357421875,0.4995685546875,0.4986544921875,0.49536796875,0.49763671875,0.4937419921875,0.4933875,0.4999841796875,0.4999294921875,0.4998966796875,0.4999875,0.496596875,0.4956638671875,0.4768875,0.48024921875,0.4984875,0.49868671875,0.489846875,0.4976794921875,0.49914921875,0.49993671875,0.4992,0.4892138671875,0.4999138671875,0.4974169921875,0.4991232421875,0.4995685546875,0.4976794921875,0.49827421875,0.4998,0.4982373046875,0.4954875,0.4999904296875,0.49138671875,0.4994919921875,0.499996875,0.4980857421875,0.49812421875,0.4933154296875,0.4895779296875,0.49669921875,0.49105546875,0.4994919921875,0.4897576171875,0.4913044921875,0.4968,0.4998576171875,0.4998966796875,0.49993671875,0.498871875,0.4941544921875,0.4998779296875,0.499746875,0.49965546875,0.4990154296875,0.49855546875,0.496596875,0.4899357421875,0.489846875,0.4979279296875,0.498871875,0.4949373046875,0.4934591796875,0.4997326171875,0.4998357421875,0.4961169921875,0.4999294921875,0.4976794921875,0.49536796875,0.4993875,0.491871875,0.4998875,0.49875,0.485121875,0.4940185546875,0.49669921875,0.4992732421875,0.49993671875,0.4996388671875,0.4852294921875,0.499746875,0.49955,0.49971796875,0.4999294921875,0.4936013671875,0.4995310546875,0.48618046875,0.4994091796875,0.48533671875,0.49955,0.498871875,0.49934296875,0.49709296875,0.4998966796875,0.49999296875,0.4993201171875,0.4991748046875,0.4998123046875,0.4983107421875,0.4976794921875,0.499096875,0.4902,0.49408671875,0.4996388671875,0.4987185546875,0.49924921875,0.4976794921875,0.4778185546875,0.49986796875,0.4968,0.4996875,0.49965546875,0.4972341796875,0.4937419921875,0.49999296875,0.49996171875,0.4973263671875,0.4866951171875,0.48856171875,0.4982373046875,0.4974169921875,0.4999875,0.4980857421875,0.498346875,0.4999982421875,0.4979279296875,0.49971796875,0.4996716796875,0.499846875,0.4980857421875,0.49986796875,0.47149921875,0.49943046875,0.49998046875,0.489121875,0.4961169921875,0.4999998046875,0.49996171875,0.4911388671875,0.4999435546875,0.4968,0.4978466796875,0.4990701171875,0.4999435546875,0.499921875,0.4971404296875,0.4983107421875,0.4985888671875,0.4996875,0.49487421875,0.4843576171875,0.49324296875,0.495721875,0.495,0.496171875,0.4990154296875,0.49353046875,0.4997607421875,0.4978466796875,0.4996044921875,0.4977638671875,0.4786013671875,0.4991748046875,0.4997326171875,0.4999763671875,0.4998966796875,0.49812421875,0.49971796875,0.4977638671875,0.4973263671875,0.49649296875,0.4978875,0.4967498046875,0.4996875,0.4999669921875,0.4955466796875,0.4965451171875,0.4990701171875,0.4986544921875,0.4997607421875,0.4998357421875,0.4993875,0.49998046875,0.4999669921875,0.49812421875,0.4963341796875,0.4993875,0.4991748046875,0.49982421875,0.49780546875,0.4963875,0.4969482421875,0.4987185546875,0.49893046875,0.4994091796875,0.499296875,0.499621875,0.49071796875,0.499746875,0.4998576171875,0.4838,0.4982373046875,0.49996171875,0.4999841796875,0.49990546875,0.49353046875,0.4989875,0.4998,0.485971875,0.4934591796875,0.4991232421875,0.4969482421875,0.4999875,0.4975935546875,0.493671875,0.4991748046875,0.498046875,0.4961169921875,0.48171171875,0.4997029296875,0.49999296875,0.4996388671875,0.496996875,0.489121875,0.4988419921875,0.48966796875,0.49934296875,0.49995,0.496596875,0.4954875,0.49841796875,0.4971875,0.4999875,0.49709296875,0.49977421875,0.4992248046875,0.499096875,0.4890294921875,0.49002421875,0.4999982421875,0.4989591796875,0.489846875,0.4990154296875,0.49868671875,0.4968498046875,0.48856171875,0.496596875,0.4953076171875,0.4995310546875,0.4989875,0.4993654296875,0.4951857421875,0.4994091796875,0.499471875,0.4955466796875,0.49924921875,0.4998779296875,0.4989875,0.4916310546875,0.49924921875,0.4968,0.4999763671875,0.49934296875,0.4999763671875,0.496596875,0.48966796875,0.496996875,0.4999875,0.496596875,0.4980857421875,0.4999982421875,0.4902873046875,0.4967498046875,0.49958671875,0.49796796875,0.4994091796875,0.4944875,0.4997029296875,0.4998357421875,0.4998576171875,0.483346875,0.4960060546875,0.4961169921875,0.4999294921875,0.48311796875,0.4974169921875,0.4985888671875,0.4997029296875,0.4957794921875,0.4886560546875,0.4999763671875,0.4991748046875,0.4960060546875,0.4968,0.49977421875,0.4951857421875,0.4957794921875,0.49071796875,0.4991232421875,0.4999951171875,0.4994919921875,0.4999435546875,0.49841796875,0.4997873046875,0.49958671875,0.4967498046875,0.4995310546875,0.4972341796875,0.4997873046875,0.49689921875,0.4996388671875,0.4996875,0.495721875,0.4927248046875,0.49958671875,0.4997029296875,0.4975060546875,0.498621875,0.4974169921875,0.49955,0.4998123046875,0.4984875,0.4998576171875,0.4998123046875,0.4938810546875,0.497721875,0.4988419921875,0.4984875,0.49986796875
0.49855546875,0.4917919921875,0.4996388671875,0.4978875,0.4858669921875,0.4997873046875,0.4999138671875,0.4999998046875,0.49986796875,0.49755,0.490546875,0.4924201171875,0.4921091796875,0.4993875,0.4974169921875,0.487596875,0.4996388671875,0.4916310546875,0.4937419921875,0.498621875,0.4990154296875,0.4927248046875,0.4985888671875,0.4992732421875,0.49990546875,0.4609748046875,0.4998779296875,0.4999763671875,0.49993671875,0.48576171875,0.49996171875,0.498871875,0.4780810546875,0.499996875,0.4994513671875,0.4994091796875,0.49951171875,0.49324296875,0.4936013671875,0.4962263671875,0.4998966796875,0.4862841796875,0.4958935546875,0.4850138671875,0.498046875,0.486796875,0.5,0.4998576171875,0.498346875,0.498046875,0.4995685546875,0.4999763671875,0.4964404296875,0.499971875,0.499296875,0.4990701171875,0.49924921875,0.49827421875,0.4980076171875,0.4999763671875,0.4995310546875,0.4980857421875,0.4992248046875,0.4980857421875,0.4946826171875,0.4998875,0.4999982421875,0.493671875,0.4925732421875,0.498871875,0.49986796875,0.4998357421875,0.4938810546875,0.49990546875,0.4995310546875,0.49395,0.499621875,0.4998576171875,0.4899357421875,0.4964404296875,0.499746875,0.4999294921875,0.4991748046875,0.4950623046875,0.49512421875,0.4994919921875,0.4997873046875,0.499996875,0.49755,0.49875,0.499921875,0.4928,0.49943046875,0.49763671875,0.4965451171875,0.4940185546875,0.4997326171875,0.4976794921875,0.48533671875,0.49780546875,0.486796875,0.499996875,0.4989591796875,0.4999998046875,0.4989875,0.4890294921875,0.4902,0.4998,0.49746171875,0.4909716796875,0.4872998046875,0.499846875,0.4854435546875,0.499921875,0.4974169921875,0.4999138671875,0.4999763671875,0.4993875,0.4911388671875,0.4990154296875,0.49904296875,0.4990701171875,0.48875,0.49934296875,0.4908029296875,0.49955,0.4991232421875,0.496171875,0.4940185546875,0.4985216796875,0.4930232421875,0.49955,0.4962263671875,0.4925732421875,0.49512421875,0.498046875,0.4976794921875,0.4998,0.4964404296875,0.4992732421875,0.4983826171875,0.4982,0.49943046875,0.4973263671875,0.4958935546875,0.4997873046875,0.49002421875,0.4999763671875,0.4993201171875,0.4989875,0.4944875,0.4987810546875,0.48818046875,0.499921875,0.5,0.4963875,0.4998357421875,0.4884669921875,0.4908875,0.4978875,0.4972341796875,0.4983826171875,0.4998875,0.4954875,0.4999998046875,0.4999435546875,0.4998779296875,0.4996716796875,0.49977421875,0.4998123046875,0.49512421875,0.49796796875,0.499971875,0.499296875,0.4971404296875,0.4999138671875,0.493671875,0.499471875,0.4976794921875,0.49071796875,0.49998046875,0.4987810546875,0.4976794921875,0.49934296875,0.49943046875,0.4998875,0.4980857421875,0.4964404296875,0.49881171875,0.4975060546875,0.498346875,0.4984529296875,0.4985888671875,0.49986796875,0.4997326171875,0.493096875,0.499096875,0.496171875,0.4942888671875,0.4971404296875,0.49881171875,0.49595,0.497371875,0.49982421875,0.4998,0.498871875,0.499971875,0.4946826171875,0.499846875,0.49628046875,0.496596875,0.489121875,0.47496796875,0.4970451171875,0.496596875,0.495721875,0.4978875,0.49958671875,0.49841796875,0.4998779296875,0.4958935546875,0.4995685546875,0.4999875,0.4997029296875,0.4975935546875,0.4972341796875,0.49536796875,0.499921875,0.496596875,0.499471875,0.49812421875,0.49965546875,0.484246875,0.47873046875,0.49924921875,0.4917919921875,0.4999998046875,0.49408671875,0.4996875,0.4886560546875,0.49827421875,0.4922654296875,0.4858669921875,0.489121875,0.499746875,0.486796875,0.4954875,0.4990701171875,0.496996875,0.498346875,0.4998779296875,0.49990546875,0.49381171875,0.48446796875,0.4976794921875,0.4995310546875,0.4960060546875,0.4868982421875,0.493096875,0.4928,0.498046875,0.4968,0.4991748046875,0.4990701171875,0.49977421875,0.49875,0.4993654296875,0.49999296875,0.49934296875,0.4983826171875,0.4999138671875,0.4980076171875,0.49996171875,0.48739921875,0.4997607421875,0.4901123046875,0.4977638671875,0.49995,0.4838,0.4999560546875,0.4999294921875,0.4944216796875,0.49755,0.4991232421875,0.4997326171875,0.4981623046875,0.4949373046875,0.49965546875,0.4902,0.4990154296875,0.4981623046875,0.4960060546875,0.499296875,0.4997326171875,0.499746875,0.4988419921875,0.49990546875,0.499296875,0.49796796875,0.4954875,0.4961169921875,0.49868671875,0.495721875,0.4995310546875,0.4933154296875,0.49868671875,0.4997607421875,0.4990154296875,0.4951857421875,0.49855546875,0.4965451171875,0.496996875,0.49881171875,0.4975935546875,0.4967498046875,0.49914921875,0.49955,0.4908029296875,0.49669921875,0.499846875,0.4999982421875,0.4975060546875,0.49965546875,0.4916310546875,0.4968,0.491221875,0.4901123046875,0.4999763671875,0.4971404296875,0.4980857421875,0.4963875,0.5,0.4997873046875,0.498621875,0.498621875,0.4982,0.4971404296875,0.49924921875,0.495246875,0.4951857421875,0.49709296875,0.499846875,0.4999669921875,0.4999951171875,0.4999904296875,0.4954875,0.4902873046875,0.4964404296875,0.4993201171875,0.4997326171875,0.4977638671875,0.4993201171875,0.4993875,0.4998779296875,0.49796796875,0.4999951171875,0.49951171875,0.46780546875,0.49995,0.4986544921875,0.4996875,0.497721875,0.49487421875,0.49689921875,0.499096875,0.4981623046875,0.49893046875,0.499471875,0.49728046875,0.4989013671875,0.4999669921875,0.498346875,0.49780546875,0.491221875,0.4961169921875,0.4866951171875,0.49353046875,0.48930546875,0.4997873046875,0.49868671875,0.490546875,0.499971875,0.4999841796875,0.4996388671875,0.48074296875,0.49746171875,0.4944216796875,0.4998779296875,0.4992248046875,0.4996044921875,0.49965546875,0.4999560546875,0.49904296875,0.49965546875,0.4876951171875,0.4999560546875,0.4989591796875,0.499096875,0.4940185546875,0.4991748046875,0.4999998046875,0.49763671875,0.4999560546875,0.4946826171875,0.49560546875,0.4999669921875,0.481471875,0.49689921875,0.49827421875,0.4983826171875,0.4843576171875,0.49461796875,0.4998,0.4995310546875,0.499296875,0.4998,0.4988419921875,0.4960060546875,0.4990154296875,0.4950623046875,0.4980857421875,0.4998123046875,0.49155,0.4996388671875,0.4892138671875,0.4921875,0.489846875,0.4813513671875,0.49435546875,0.4989591796875,0.49904296875,0.49999296875,0.49746171875,0.4950623046875,0.4919513671875,0.4815919921875,0.4998875,0.49943046875,0.4933154296875,0.4986544921875,0.4995685546875,0.4994091796875,0.4936013671875,0.4988419921875,0.4940185546875,0.49461796875,0.4955466796875,0.49868671875,0.4995310546875,0.4966482421875,0.4998779296875,0.4976794921875,0.4996875,0.49583671875,0.499846875,0.49958671875,0.49934296875,0.499621875,0.497721875,0.4948107421875,0.4982,0.4944875,0.49408671875,0.49560546875,0.495721875,0.4965451171875,0.4975060546875,0.498046875,0.49827421875,0.4999875,0.4830029296875,0.4963341796875,0.49381171875,0.49628046875,0.49943046875,0.487596875,0.49893046875,0.4971875,0.4980076171875,0.49998046875,0.4962263671875,0.4975935546875,0.48533671875,0.4999435546875,0.4955466796875,0.4993201171875,0.4931701171875,0.49982421875,0.486796875,0.4988419921875,0.4998966796875,0.4961169921875,0.492496875,0.4987185546875,0.49381171875,0.4988419921875,0.499996875,0.498621875,0.4946826171875,0.4996388671875,0.4994091796875,0.4978875,0.49487421875,0.4946826171875,0.4999435546875,0.4997873046875,0.4916310546875,0.499971875,0.4994091796875,0.4925732421875,0.4995310546875,0.47795,0.4992732421875,0.4886560546875,0.49755,0.49728046875,0.499996875,0.49746171875,0.4993875,0.4998576171875,0.49893046875,0.4972341796875,0.49746171875,0.4995685546875,0.4902873046875,0.493671875,0.4998,0.4942888671875,0.4985888671875,0.49971796875,0.4879875,0.4997326171875,0.4983107421875,0.5,0.486796875,0.49796796875,0.4924201171875,0.4963341796875,0.49996171875,0.499621875,0.499621875,0.4998966796875,0.4998779296875,0.4862841796875,0.4953076171875,0.4933154296875,0.4981623046875,0.4953076171875,0.4999138671875,0.4978875,0.49171171875,0.4987810546875,0.4983107421875,0.49965546875,0.4938810546875,0.4930232421875,0.49628046875,0.4989875,0.49934296875,0.4995310546875,0.49924921875,0.4999875,0.4933154296875,0.49875,0.49986796875,0.4972341796875,0.49998046875,0.499846875,0.491871875,0.4917919921875,0.4997029296875,0.4955466796875,0.499921875,0.4966482421875,0.4971875,0.49435546875,0.4997607421875,0.49105546875,0.496996875,0.49999296875,0.499921875,0.4975935546875,0.4997873046875,0.4999841796875,0.4998,0.4999998046875,0.4856560546875,0.4998875,0.49780546875,0.4996875,0.4968,0.4999982421875,0.499921875,0.49934296875,0.4999560546875,0.4803732421875,0.4983107421875,0.498871875,0.4927248046875,0.498346875,0.4976794921875,0.4989591796875,0.49904296875,0.4995685546875,0.4968,0.49812421875,0.4999841796875,0.4996044921875,0.49977421875,0.49999296875,0.493096875,0.4998123046875,0.4990154296875,0.49965546875,0.49868671875,0.49408671875,0.4986544921875,0.4994919921875,0.4993875,0.4968,0.4987185546875,0.49536796875,0.4996875,0.49999921875,0.4967498046875,0.4999904296875,0.493671875,0.4862841796875,0.49855546875,0.489846875,0.4953076171875,0.499971875,0.4993654296875,0.4995310546875,0.4998779296875,0.499096875,0.4993201171875,0.4909716796875,0.4995685546875,0.4991232421875,0.4998966796875,0.4966482421875,0.497371875,0.4854435546875,0.49943046875,0.4934591796875,0.4973263671875,0.495,0.4921091796875,0.4998,0.49990546875,0.4961169921875,0.4999669921875,0.4995310546875,0.49827421875,0.4990154296875,0.497371875,0.49999296875,0.4994513671875,0.4980857421875,0.4989013671875,0.49982421875,0.4998357421875,0.4994513671875,0.4978875,0.49649296875,0.4976794921875,0.48,0.4991748046875,0.4995310546875,0.4968498046875,0.4999763671875,0.49999296875,0.4983107421875,0.49763671875,0.498346875,0.4980857421875,0.4969482421875,0.4999763671875,0.4993875,0.499846875,0.4997607421875,0.4982,0.4973263671875,0.477421875,0.47873046875,0.4989013671875,0.4994091796875,0.4931701171875,0.4972341796875,0.4990701171875,0.4999435546875,0.4979279296875,0.49071796875,0.49990546875,0.49689921875,0.49951171875,0.49924921875,0.4962263671875,0.49875,0.4984875,0.4980076171875,0.4972341796875,0.4999841796875,0.4917919921875,0.4993654296875,0.499846875,0.4983107421875,0.4985216796875,0.4933875,0.4876951171875,0.4976794921875,0.4893966796875,0.49965546875,0.4924201171875,0.48930546875,0.49395,0.49986796875,0.4999435546875,0.4996716796875,0.49881171875,0.4922654296875,0.4998576171875,0.4989875,0.4999669921875,0.4985216796875,0.49881171875,0.49780546875,0.48930546875,0.4890294921875,0.49689921875,0.4991748046875,0.4913044921875,0.4927248046875,0.4960060546875,0.499746875,0.495246875,0.4997873046875,0.49709296875,0.49512421875,0.4998576171875,0.49435546875,0.4997873046875,0.498621875,0.4809875,0.4958935546875,0.4978875,0.4980076171875,0.4992732421875,0.49998046875,0.4858669921875,0.4999560546875,0.499096875,0.4999435546875,0.4996044921875,0.4917919921875,0.4997873046875,0.4815919921875,0.4998357421875,0.4852294921875,0.4990701171875,0.4995310546875,0.49904296875,0.4968498046875,0.4998576171875,0.49998046875,0.499096875,0.49914921875,0.49958671875,0.4987185546875,0.49606171875,0.4994091796875,0.4902,0.49512421875,0.4998779296875,0.4981623046875,0.49924921875,0.4987810546875,0.47974921875,0.4999763671875,0.4904607421875,0.498871875,0.49982421875,0.4982373046875,0.49755,0.4999875,0.49955,0.4976794921875,0.48618046875,0.48875,0.4989013671875,0.4963875,0.5,0.49943046875,0.49965546875,0.4999982421875,0.4987810546875,0.499746875,0.4997029296875,0.4999982421875,0.49709296875,0.49998046875,0.4662,0.49965546875,0.49982421875,0.4892138671875,0.498621875,0.4994091796875,0.49977421875,0.48966796875,0.49990546875,0.49746171875,0.4963875,0.4994919921875,0.49868671875,0.4998966796875,0.4984529296875,0.49689921875,0.49709296875,0.4985216796875,0.4958935546875,0.4845779296875,0.49395,0.4938810546875,0.49353046875,0.49461796875,0.4975060546875,0.49395,0.4983826171875,0.498046875,0.49996171875,0.498046875,0.478471875,0.49934296875,0.4998966796875,0.4999951171875,0.4999763671875,0.4977638671875,0.4997607421875,0.4982,0.4993875,0.4938810546875,0.4976794921875,0.4950623046875,0.49934296875,0.4999875,0.4954875,0.4972341796875,0.499471875,0.49812421875,0.49996171875,0.4993201171875,0.4982373046875,0.49999921875,0.49998046875,0.49893046875,0.4953076171875,0.4985888671875,0.499846875,0.4999560546875,0.498871875,0.4985888671875,0.49763671875,0.49914921875,0.49855546875,0.499746875,0.4994091796875,0.49943046875,0.4850138671875,0.49965546875,0.5,0.48357421875,0.4977638671875,0.499296875,0.49996171875,0.4999875,0.489121875,0.4990154296875,0.49971796875,0.488371875,0.4908875,0.49977421875,0.49689921875,0.49993671875,0.49827421875,0.49002421875,0.49904296875,0.498621875,0.4972341796875,0.48818046875,0.4995310546875,0.499971875,0.4994091796875,0.4975935546875,0.49138671875,0.4984529296875,0.48446796875,0.4980857421875,0.4992732421875,0.4984529296875,0.4970451171875,0.4983826171875,0.4967498046875,0.4998875,0.4961169921875,0.4996388671875,0.49999296875,0.499846875,0.4882763671875,0.4876951171875,0.4999763671875,0.499621875,0.4899357421875,0.49827421875,0.4985888671875,0.49875,0.48699921875,0.4990701171875,0.495246875,0.49971796875,0.49796796875,0.4993201171875,0.4933154296875,0.498871875,0.4994513671875,0.4964404296875,0.4998779296875,0.4998779296875,0.4998966796875,0.492496875,0.49934296875,0.4973263671875,0.49995,0.499471875,0.49971796875,0.49875,0.4888435546875,0.495,0.4996875,0.4963875,0.49881171875,0.49990546875,0.4886560546875,0.4988419921875,0.49951171875,0.4971404296875,0.49982421875,0.4953076171875,0.4992732421875,0.49995,0.4999138671875,0.4739794921875,0.493671875,0.4982373046875,0.4989875,0.4854435546875,0.4968498046875,0.4976794921875,0.4989591796875,0.4904607421875,0.4874982421875,0.4999951171875,0.4999138671875,0.4949373046875,0.4984875,0.4999294921875,0.4973263671875,0.49914921875,0.494746875,0.4989591796875,0.4998875,0.49996171875,0.4999763671875,0.4977638671875,0.4998966796875,0.4996388671875,0.4982,0.4993875,0.49841796875,0.4989875,0.496171875,0.49993671875,0.4999875,0.49689921875,0.49037421875,0.4999875,0.4998966796875,0.4983107421875,0.4976794921875,0.49746171875,0.4985888671875,0.4999138671875,0.49855546875,0.4999294921875,0.4996875,0.4946826171875,0.4969482421875,0.4986544921875,0.4978875,0.4995685546875
0.49881171875,0.49002421875,0.49982421875,0.499096875,0.4922654296875,0.4999951171875,0.49998046875,0.49995,0.4999951171875,0.497721875,0.48875,0.4944875,0.4931701171875,0.4993201171875,0.4978466796875,0.49037421875,0.4997607421875,0.4906326171875,0.4919513671875,0.49812421875,0.4989591796875,0.4954875,0.4995685546875,0.4991748046875,0.49999296875,0.4581310546875,0.49999296875,0.499746875,0.499921875,0.48311796875,0.49999921875,0.4999763671875,0.4803732421875,0.49971796875,0.4999904296875,0.4988419921875,0.499746875,0.492496875,0.4876951171875,0.4970451171875,0.49958671875,0.48618046875,0.49395,0.4791154296875,0.4985216796875,0.4872998046875,0.4999435546875,0.49977421875,0.4991232421875,0.4971875,0.4999763671875,0.4999904296875,0.4972341796875,0.4996875,0.4997607421875,0.4978875,0.4966482421875,0.49855546875,0.4982373046875,0.499746875,0.4999138671875,0.496996875,0.49763671875,0.4983826171875,0.4931701171875,0.49993671875,0.49999296875,0.49461796875,0.4936013671875,0.49914921875,0.499996875,0.4996716796875,0.49512421875,0.4999951171875,0.499096875,0.49264921875,0.499746875,0.4994091796875,0.4897576171875,0.495721875,0.4994091796875,0.499996875,0.4999875,0.494221875,0.4984875,0.49943046875,0.4999138671875,0.499921875,0.4954279296875,0.4999875,0.4998576171875,0.49002421875,0.4989875,0.49755,0.4969482421875,0.4940185546875,0.499996875,0.49628046875,0.4811091796875,0.498621875,0.48311796875,0.49999921875,0.49875,0.4987185546875,0.499096875,0.4878904296875,0.4908029296875,0.4998875,0.4983107421875,0.485121875,0.482421875,0.499096875,0.4852294921875,0.49990546875,0.4962263671875,0.4998,0.49998046875,0.4996716796875,0.49171171875,0.499996875,0.4994513671875,0.4984875,0.4916310546875,0.4990701171875,0.49138671875,0.49924921875,0.49934296875,0.4953076171875,0.4941544921875,0.49951171875,0.49536796875,0.499471875,0.49595,0.4921875,0.4956638671875,0.49812421875,0.4980076171875,0.4998779296875,0.4985216796875,0.4983826171875,0.4966482421875,0.4988419921875,0.49841796875,0.4962263671875,0.4938810546875,0.4999904296875,0.4908029296875,0.499921875,0.49924921875,0.4978466796875,0.4950623046875,0.49986796875,0.4863875,0.4998357421875,0.49977421875,0.49728046875,0.499996875,0.4914685546875,0.489846875,0.4983826171875,0.4975935546875,0.4968498046875,0.499621875,0.49709296875,0.4999841796875,0.49990546875,0.49995,0.4998966796875,0.4989013671875,0.4993875,0.4971875,0.49875,0.4999294921875,0.49955,0.4967498046875,0.4999951171875,0.4927248046875,0.49796796875,0.497721875,0.489121875,0.4999951171875,0.49986796875,0.4983107421875,0.4990701171875,0.4999138671875,0.4998966796875,0.4997029296875,0.4961169921875,0.499846875,0.4980857421875,0.499096875,0.4978466796875,0.498621875,0.49995,0.4998576171875,0.490546875,0.4989013671875,0.4964404296875,0.4962263671875,0.49689921875,0.49965546875,0.49709296875,0.4960060546875,0.4995685546875,0.4997873046875,0.4991232421875,0.49951171875,0.4950623046875,0.499621875,0.495,0.49649296875,0.48576171875,0.4789875,0.4954875,0.4954875,0.4976794921875,0.4973263671875,0.4994919921875,0.49955,0.49999296875,0.49628046875,0.4993201171875,0.4998,0.49996171875,0.4977638671875,0.4967498046875,0.4961169921875,0.49977421875,0.4955466796875,0.498871875,0.49780546875,0.49943046875,0.48265546875,0.47661796875,0.4983107421875,0.4906326171875,0.4999998046875,0.4944216796875,0.4996875,0.4892138671875,0.49904296875,0.4951857421875,0.4906326171875,0.48930546875,0.4999875,0.4846875,0.4950623046875,0.499621875,0.49763671875,0.4983826171875,0.49999921875,0.499746875,0.4971404296875,0.4786013671875,0.49841796875,0.499621875,0.4969482421875,0.489846875,0.49324296875,0.49264921875,0.4985888671875,0.4965451171875,0.4996875,0.499746875,0.4998875,0.4963875,0.4996716796875,0.49955,0.498346875,0.49628046875,0.4997326171875,0.49827421875,0.49904296875,0.48739921875,0.499296875,0.4921875,0.49875,0.49904296875,0.485121875,0.4999294921875,0.4997029296875,0.494746875,0.4945529296875,0.4998,0.49955,0.499096875,0.49461796875,0.49990546875,0.48875,0.49914921875,0.49796796875,0.4963875,0.4996044921875,0.4999138671875,0.4989013671875,0.4996044921875,0.4998966796875,0.4949373046875,0.4989013671875,0.49536796875,0.4966482421875,0.4996388671875,0.49746171875,0.49904296875,0.4954279296875,0.49827421875,0.499971875,0.499296875,0.4949373046875,0.4987810546875,0.49649296875,0.49536796875,0.499096875,0.49855546875,0.4970451171875,0.4991232421875,0.4991748046875,0.4948107421875,0.4974169921875,0.4999951171875,0.499921875,0.4971875,0.49971796875,0.4909716796875,0.4976794921875,0.49155,0.489846875,0.4993201171875,0.49746171875,0.4978875,0.4955466796875,0.49998046875,0.49996171875,0.49796796875,0.4987810546875,0.49875,0.495721875,0.4989591796875,0.4983826171875,0.4941544921875,0.4980076171875,0.4999904296875,0.4998123046875,0.4999875,0.49998046875,0.4954875,0.490546875,0.496171875,0.49875,0.4995310546875,0.4960060546875,0.4999435546875,0.4993654296875,0.4996875,0.49628046875,0.4997029296875,0.49893046875,0.47383671875,0.4994513671875,0.49746171875,0.49951171875,0.4975060546875,0.493671875,0.4962263671875,0.4993875,0.49841796875,0.4994091796875,0.499096875,0.498621875,0.499096875,0.4998966796875,0.4998,0.498621875,0.4928,0.49583671875,0.48699921875,0.4928748046875,0.4908029296875,0.4999763671875,0.49827421875,0.49294921875,0.4999982421875,0.4999294921875,0.49993671875,0.4798748046875,0.4948107421875,0.4951857421875,0.49999921875,0.4991748046875,0.49943046875,0.49924921875,0.4995685546875,0.49924921875,0.49982421875,0.48966796875,0.4999875,0.4992,0.49955,0.49628046875,0.49943046875,0.499971875,0.4958935546875,0.4998123046875,0.4925732421875,0.49560546875,0.49999921875,0.4780810546875,0.4976794921875,0.49904296875,0.499096875,0.48123046875,0.4957794921875,0.4999982421875,0.4997607421875,0.4987810546875,0.4998123046875,0.499296875,0.49171171875,0.4978875,0.4944216796875,0.496596875,0.4985216796875,0.493671875,0.49965546875,0.49002421875,0.4956638671875,0.489121875,0.4767529296875,0.49689921875,0.4981623046875,0.4997326171875,0.499471875,0.496596875,0.4980076171875,0.4930232421875,0.4801248046875,0.499921875,0.49951171875,0.4928748046875,0.4994513671875,0.4999763671875,0.4992248046875,0.495246875,0.49755,0.496996875,0.4951857421875,0.4982373046875,0.49763671875,0.4997029296875,0.4978875,0.49924921875,0.49669921875,0.49999921875,0.4975935546875,0.4999951171875,0.49998046875,0.4984875,0.4997029296875,0.49943046875,0.4941544921875,0.4995685546875,0.498346875,0.4971875,0.4942888671875,0.4940185546875,0.4937419921875,0.4987185546875,0.4996716796875,0.4981623046875,0.4999841796875,0.48739921875,0.4970451171875,0.4940185546875,0.4946826171875,0.49965546875,0.48875,0.4993654296875,0.4950623046875,0.4994513671875,0.49955,0.4972341796875,0.49904296875,0.4834607421875,0.4998875,0.49353046875,0.4992732421875,0.4949373046875,0.49934296875,0.48893671875,0.4985888671875,0.4997607421875,0.4976794921875,0.4933875,0.49982421875,0.4944216796875,0.4999435546875,0.499471875,0.4983826171875,0.4958935546875,0.49986796875,0.49924921875,0.498871875,0.4981623046875,0.49395,0.4996716796875,0.4999904296875,0.48818046875,0.49965546875,0.4984875,0.4946826171875,0.4999435546875,0.4793701171875,0.49868671875,0.49105546875,0.49689921875,0.49689921875,0.49999921875,0.49875,0.4998357421875,0.5,0.4993201171875,0.4974169921875,0.49669921875,0.49924921875,0.4931701171875,0.4901123046875,0.4992248046875,0.4951857421875,0.4974169921875,0.49812421875,0.4914685546875,0.49893046875,0.4990701171875,0.499621875,0.48357421875,0.4974169921875,0.49264921875,0.4973263671875,0.49996171875,0.49924921875,0.4999982421875,0.4997029296875,0.499846875,0.4890294921875,0.4955466796875,0.4908029296875,0.497721875,0.496596875,0.4999435546875,0.49669921875,0.4928,0.4997029296875,0.4963875,0.4987810546875,0.49353046875,0.49595,0.4977638671875,0.4978875,0.4999560546875,0.49951171875,0.4961169921875,0.4997029296875,0.49203046875,0.49924921875,0.49998046875,0.4971404296875,0.4999951171875,0.4995310546875,0.49234296875,0.49381171875,0.4992248046875,0.4956638671875,0.49934296875,0.4954875,0.49628046875,0.49689921875,0.49943046875,0.4917919921875,0.4951857421875,0.49924921875,0.49995,0.4973263671875,0.4990154296875,0.49999921875,0.4997326171875,0.49999921875,0.4922654296875,0.4998,0.498871875,0.49965546875,0.498621875,0.49999296875,0.49982421875,0.4992,0.4993654296875,0.4756623046875,0.4983107421875,0.49709296875,0.4936013671875,0.49855546875,0.4971404296875,0.4996044921875,0.4999138671875,0.4993875,0.49606171875,0.4993654296875,0.49999296875,0.49955,0.4999763671875,0.49996171875,0.4933875,0.4993654296875,0.497371875,0.49955,0.49904296875,0.4944216796875,0.49955,0.4987185546875,0.4996716796875,0.49796796875,0.498346875,0.498046875,0.49971796875,0.4993654296875,0.4974169921875,0.49982421875,0.4921091796875,0.487596875,0.49924921875,0.48930546875,0.4945529296875,0.499746875,0.498346875,0.49924921875,0.49999921875,0.49934296875,0.499846875,0.4908029296875,0.49893046875,0.49971796875,0.4999904296875,0.4982373046875,0.4992732421875,0.4858669921875,0.4985888671875,0.4930232421875,0.4974169921875,0.4944216796875,0.4921091796875,0.4991748046875,0.4997326171875,0.4951857421875,0.49999296875,0.4998,0.49841796875,0.4980076171875,0.4985216796875,0.4995310546875,0.4990701171875,0.4958935546875,0.498346875,0.4995685546875,0.49982421875,0.49955,0.4984529296875,0.496171875,0.4981623046875,0.48195,0.49875,0.499921875,0.499096875,0.4998357421875,0.49999921875,0.4989875,0.4987185546875,0.4988419921875,0.4968498046875,0.4975935546875,0.4996875,0.4999138671875,0.4999875,0.4998123046875,0.4986544921875,0.4973263671875,0.4753857421875,0.4823044921875,0.498346875,0.49990546875,0.4899357421875,0.4966482421875,0.4980857421875,0.499471875,0.4989875,0.4922654296875,0.4996388671875,0.4964404296875,0.4997029296875,0.49669921875,0.4982373046875,0.4977638671875,0.497371875,0.4977638671875,0.4990701171875,0.4999841796875,0.49171171875,0.4999669921875,0.4999669921875,0.49868671875,0.497721875,0.4927248046875,0.48930546875,0.49395,0.4908875,0.4999294921875,0.49606171875,0.491871875,0.49395,0.49993671875,0.4997873046875,0.4998779296875,0.4997326171875,0.49171171875,0.49990546875,0.49971796875,0.499296875,0.4997029296875,0.49982421875,0.4978875,0.48966796875,0.49353046875,0.4980076171875,0.4990154296875,0.4909716796875,0.4944216796875,0.49536796875,0.499846875,0.4958935546875,0.49995,0.4963875,0.4969482421875,0.49999921875,0.4921091796875,0.4997029296875,0.4971404296875,0.48123046875,0.4924201171875,0.4987810546875,0.4989875,0.4980076171875,0.49977421875,0.4882763671875,0.499621875,0.4992,0.4999951171875,0.49990546875,0.4941544921875,0.49995,0.4820685546875,0.49990546875,0.4838,0.4987185546875,0.49893046875,0.4987810546875,0.4964404296875,0.4996716796875,0.4999138671875,0.4985888671875,0.498621875,0.4998966796875,0.49841796875,0.4963341796875,0.4996388671875,0.4852294921875,0.4949373046875,0.4999875,0.49881171875,0.499296875,0.4995310546875,0.48195,0.4999875,0.4913044921875,0.4989013671875,0.49881171875,0.4994091796875,0.4978466796875,0.49993671875,0.4987810546875,0.4990154296875,0.48930546875,0.48856171875,0.4993654296875,0.494746875,0.49999921875,0.4994091796875,0.4991748046875,0.49995,0.4972341796875,0.4998357421875,0.4995685546875,0.4999138671875,0.49536796875,0.4999138671875,0.46780546875,0.4995310546875,0.49977421875,0.489846875,0.4978466796875,0.4993654296875,0.4999669921875,0.49105546875,0.4998875,0.495,0.4964404296875,0.4995685546875,0.4996044921875,0.4984875,0.4975935546875,0.4944875,0.49841796875,0.4990701171875,0.4965451171875,0.47715546875,0.4919513671875,0.49649296875,0.4941544921875,0.494746875,0.49728046875,0.4944875,0.4996716796875,0.4969482421875,0.4996875,0.4993654296875,0.48659296875,0.499971875,0.4998875,0.499471875,0.4996716796875,0.4944875,0.4998123046875,0.4995310546875,0.49855546875,0.4955466796875,0.4984529296875,0.49536796875,0.4992,0.4999998046875,0.49728046875,0.4963341796875,0.49893046875,0.4991232421875,0.499921875,0.4993875,0.4997607421875,0.4998875,0.5,0.49868671875,0.4968498046875,0.496996875,0.49995,0.49990546875,0.498046875,0.49780546875,0.4946826171875,0.49951171875,0.4961169921875,0.4994513671875,0.49982421875,0.49993671875,0.48265546875,0.4999841796875,0.499746875,0.4828875,0.4978466796875,0.49881171875,0.4999982421875,0.5,0.49037421875,0.4991232421875,0.499921875,0.4836873046875,0.486796875,0.4986544921875,0.4981623046875,0.4995685546875,0.4983826171875,0.49071796875,0.499096875,0.49977421875,0.4979279296875,0.4838,0.49986796875,0.49977421875,0.4998123046875,0.4976794921875,0.49294921875,0.4998357421875,0.4832326171875,0.49812421875,0.4985216796875,0.4993875,0.49583671875,0.499471875,0.49796796875,0.4998875,0.4942888671875,0.4999294921875,0.499746875,0.4997607421875,0.48311796875,0.485971875,0.4999294921875,0.4993654296875,0.4919513671875,0.4971875,0.4989875,0.4993875,0.4858669921875,0.49841796875,0.495246875,0.498621875,0.498046875,0.4984529296875,0.49353046875,0.4989591796875,0.4996875,0.4968498046875,0.4999669921875,0.4998779296875,0.4997326171875,0.48856171875,0.49868671875,0.4982373046875,0.49993671875,0.49998046875,0.4993875,0.4992,0.4886560546875,0.49669921875,0.49996171875,0.49746171875,0.4986544921875,0.4999763671875,0.4899357421875,0.4992,0.4999875,0.49875,0.49995,0.49536796875,0.4988419921875,0.49951171875,0.4999998046875,0.4759373046875,0.491221875,0.49951171875,0.49780546875,0.4868982421875,0.498871875,0.4985888671875,0.49965546875,0.4906326171875,0.487596875,0.4996875,0.49996171875,0.4908875,0.49812421875,0.4996716796875,0.495721875,0.49875,0.4931701171875,0.5,0.4999904296875,0.4996388671875,0.499921875,0.4980076171875,0.4997873046875,0.4996875,0.4956638671875,0.4999763671875,0.498046875,0.4983107421875,0.4946826171875,0.4999982421875,0.4997607421875,0.4967498046875,0.491221875,0.49977421875,0.4996716796875,0.4967498046875,0.49875,0.4963875,0.4973263671875,0.4999560546875,0.4991748046875,0.4999982421875,0.497371875,0.4966482421875,0.4980076171875,0.4980076171875,0.4987185546875,0.4998966796875
0.4991232421875,0.4902873046875,0.4998576171875,0.49924921875,0.4846875,0.499746875,0.49995,0.499621875,0.4998,0.4940185546875,0.49037421875,0.4942888671875,0.49408671875,0.49881171875,0.4962263671875,0.4922654296875,0.49943046875,0.4917919921875,0.49381171875,0.49841796875,0.4992248046875,0.4953076171875,0.49914921875,0.49868671875,0.49995,0.45310546875,0.49914921875,0.499971875,0.49995,0.489121875,0.4999669921875,0.499471875,0.475246875,0.4999998046875,0.499971875,0.499296875,0.4999294921875,0.49203046875,0.49324296875,0.49395,0.49958671875,0.48739921875,0.496171875,0.4823044921875,0.4988419921875,0.4827716796875,0.49914921875,0.4999138671875,0.4982373046875,0.4977638671875,0.499971875,0.4999841796875,0.4971875,0.4989875,0.4998123046875,0.497721875,0.4972341796875,0.4980076171875,0.4962263671875,0.49893046875,0.4999998046875,0.49755,0.4971875,0.49924921875,0.49649296875,0.49999296875,0.4997607421875,0.494746875,0.4950623046875,0.4998779296875,0.49998046875,0.4995685546875,0.4933154296875,0.499996875,0.4992248046875,0.4894875,0.4992732421875,0.4995310546875,0.4880841796875,0.4968498046875,0.499921875,0.4999904296875,0.499921875,0.49203046875,0.498621875,0.4985216796875,0.4999982421875,0.4994919921875,0.49381171875,0.4999763671875,0.4998,0.4906326171875,0.4988419921875,0.49746171875,0.49728046875,0.495,0.4998966796875,0.4974169921875,0.47821171875,0.49780546875,0.4818310546875,0.499971875,0.4992,0.4985216796875,0.4990701171875,0.4902,0.4928748046875,0.4996875,0.4962263671875,0.4866951171875,0.4811091796875,0.4994091796875,0.483346875,0.499921875,0.49234296875,0.49951171875,0.4999875,0.4999560546875,0.4908875,0.49986796875,0.4992,0.4986544921875,0.49138671875,0.4990701171875,0.49037421875,0.4998779296875,0.4989591796875,0.4960060546875,0.49324296875,0.4989013671875,0.4942888671875,0.4997029296875,0.49649296875,0.496171875,0.498346875,0.49904296875,0.498346875,0.49971796875,0.4994091796875,0.4991232421875,0.4976794921875,0.4980076171875,0.49958671875,0.495246875,0.4933875,0.4999294921875,0.4913044921875,0.4999875,0.4993201171875,0.4995685546875,0.4965451171875,0.4998779296875,0.4890294921875,0.498621875,0.49996171875,0.49689921875,0.498871875,0.4931701171875,0.48779296875,0.49827421875,0.49755,0.49780546875,0.4996388671875,0.4958935546875,0.4999763671875,0.4985888671875,0.49995,0.4999435546875,0.4992732421875,0.4989875,0.4941544921875,0.4980857421875,0.499846875,0.4992732421875,0.4967498046875,0.49999296875,0.4948107421875,0.4987185546875,0.493096875,0.4852294921875,0.49990546875,0.4992248046875,0.497721875,0.49924921875,0.4998123046875,0.499971875,0.49965546875,0.49408671875,0.4999998046875,0.4981623046875,0.49934296875,0.498046875,0.4976794921875,0.499971875,0.4999951171875,0.493096875,0.49796796875,0.4978875,0.496171875,0.49755,0.49958671875,0.49755,0.49487421875,0.4999982421875,0.49986796875,0.4986544921875,0.4997873046875,0.49560546875,0.4990701171875,0.495,0.4991232421875,0.480496875,0.477421875,0.4957794921875,0.4967498046875,0.4970451171875,0.496596875,0.4995685546875,0.49943046875,0.4997326171875,0.4983107421875,0.4990154296875,0.4998966796875,0.499996875,0.4978875,0.49763671875,0.4960060546875,0.49998046875,0.495721875,0.4993201171875,0.49560546875,0.4991748046875,0.48,0.47209296875,0.498046875,0.4964404296875,0.4997029296875,0.49595,0.4995685546875,0.4863875,0.4992248046875,0.4941544921875,0.4879875,0.48659296875,0.4999763671875,0.4852294921875,0.4990701171875,0.4993201171875,0.49728046875,0.49763671875,0.4998966796875,0.49943046875,0.494746875,0.4775544921875,0.4995685546875,0.4982,0.4957794921875,0.4888435546875,0.491221875,0.4897576171875,0.4993201171875,0.4970451171875,0.499471875,0.4993875,0.4998966796875,0.498046875,0.4998875,0.4996875,0.4996388671875,0.4968,0.49998046875,0.4968498046875,0.49841796875,0.4858669921875,0.4995310546875,0.49408671875,0.4983826171875,0.49990546875,0.48659296875,0.4999904296875,0.4995310546875,0.4913044921875,0.4976794921875,0.4999763671875,0.4999763671875,0.4973263671875,0.495,0.4993654296875,0.4886560546875,0.4992732421875,0.4984529296875,0.49461796875,0.49965546875,0.4998576171875,0.4992732421875,0.499846875,0.499621875,0.498046875,0.4993875,0.4951857421875,0.49875,0.4989013671875,0.4967498046875,0.4986544921875,0.4934591796875,0.49951171875,0.49995,0.499096875,0.49628046875,0.49924921875,0.4967498046875,0.49560546875,0.4997873046875,0.4992732421875,0.4969482421875,0.4991748046875,0.49998046875,0.4956638671875,0.4975060546875,0.4998123046875,0.4998779296875,0.4963875,0.499296875,0.4911388671875,0.4992732421875,0.4904607421875,0.490546875,0.49965546875,0.4979279296875,0.49855546875,0.4975060546875,0.499996875,0.4996875,0.4982373046875,0.4990154296875,0.4978875,0.494221875,0.4997029296875,0.4985216796875,0.49294921875,0.49746171875,0.4999294921875,0.49990546875,0.4998576171875,0.4998357421875,0.49583671875,0.493096875,0.4955466796875,0.49755,0.499096875,0.49649296875,0.499621875,0.4997029296875,0.49986796875,0.4992248046875,0.4989875,0.4993654296875,0.47326171875,0.49999296875,0.4961169921875,0.49958671875,0.4962263671875,0.49461796875,0.4973263671875,0.4997326171875,0.4963875,0.4985888671875,0.4996716796875,0.4984875,0.49841796875,0.499971875,0.49881171875,0.4989591796875,0.49105546875,0.49560546875,0.485971875,0.49294921875,0.48875,0.49998046875,0.4938810546875,0.4936013671875,0.4995310546875,0.4998576171875,0.4998779296875,0.4767529296875,0.4946826171875,0.4945529296875,0.4999763671875,0.4988419921875,0.499746875,0.49868671875,0.4997607421875,0.49999296875,0.4997029296875,0.4864904296875,0.4999669921875,0.4984875,0.4998875,0.4960060546875,0.4996875,0.4997029296875,0.497371875,0.4989875,0.4927248046875,0.4937419921875,0.4999435546875,0.4786013671875,0.49606171875,0.4989591796875,0.4988419921875,0.48930546875,0.4965451171875,0.499921875,0.4998,0.4986544921875,0.4994091796875,0.499621875,0.4917919921875,0.4980857421875,0.4961169921875,0.4973263671875,0.4993201171875,0.4908029296875,0.4998966796875,0.4921091796875,0.49512421875,0.4919513671875,0.4813513671875,0.4962263671875,0.498046875,0.4999875,0.4989591796875,0.497371875,0.4972341796875,0.49002421875,0.4825388671875,0.4998966796875,0.4995310546875,0.4913044921875,0.49924921875,0.49990546875,0.4999669921875,0.4957794921875,0.4969482421875,0.4971875,0.4949373046875,0.4967498046875,0.4992,0.49965546875,0.4972341796875,0.49904296875,0.4980857421875,0.499846875,0.4945529296875,0.49999296875,0.49999296875,0.4965451171875,0.4989591796875,0.498621875,0.4946826171875,0.4998779296875,0.4971875,0.49628046875,0.493671875,0.49560546875,0.4966482421875,0.4980857421875,0.4998,0.498346875,0.4999294921875,0.48533671875,0.4948107421875,0.4908875,0.4953076171875,0.499746875,0.4893966796875,0.4989591796875,0.4941544921875,0.49755,0.49955,0.495721875,0.4980076171875,0.4823044921875,0.4996388671875,0.4957794921875,0.49993671875,0.4954279296875,0.4999998046875,0.489846875,0.4994091796875,0.4998875,0.495721875,0.4936013671875,0.4998123046875,0.489846875,0.4984875,0.4991748046875,0.49881171875,0.4960060546875,0.4999841796875,0.4989013671875,0.4975935546875,0.49606171875,0.4958935546875,0.499921875,0.4999138671875,0.4911388671875,0.499921875,0.49958671875,0.49763671875,0.4997029296875,0.4758,0.49893046875,0.4870998046875,0.49536796875,0.4965451171875,0.4996388671875,0.49855546875,0.4999904296875,0.49965546875,0.49955,0.4980857421875,0.4960060546875,0.4992,0.4924201171875,0.49264921875,0.499846875,0.49669921875,0.49827421875,0.49934296875,0.49583671875,0.4993875,0.4977638671875,0.499746875,0.48659296875,0.4971875,0.4945529296875,0.4964404296875,0.4995685546875,0.4991232421875,0.4998576171875,0.49982421875,0.4989013671875,0.4913044921875,0.4963341796875,0.4880841796875,0.4978875,0.49583671875,0.4999669921875,0.49689921875,0.49234296875,0.4998,0.49583671875,0.4978466796875,0.49155,0.4954279296875,0.49763671875,0.4975060546875,0.4999982421875,0.4999560546875,0.4967498046875,0.4998779296875,0.4934591796875,0.4990154296875,0.49995,0.497371875,0.4998576171875,0.49993671875,0.4937419921875,0.4953076171875,0.4996875,0.4940185546875,0.49881171875,0.49536796875,0.496996875,0.4975060546875,0.49993671875,0.4936013671875,0.49487421875,0.49943046875,0.4996716796875,0.4971404296875,0.4989013671875,0.4999998046875,0.4999294921875,0.49977421875,0.4909716796875,0.49951171875,0.49868671875,0.4996875,0.498046875,0.4999904296875,0.4994513671875,0.497371875,0.4991748046875,0.4731169921875,0.4979279296875,0.4950623046875,0.49171171875,0.49796796875,0.494746875,0.498046875,0.4998357421875,0.4996875,0.4968498046875,0.4987185546875,0.4997607421875,0.49993671875,0.4999294921875,0.4999998046875,0.493096875,0.4998779296875,0.4992732421875,0.49999921875,0.4992248046875,0.4953076171875,0.498621875,0.4991748046875,0.499471875,0.4976794921875,0.49841796875,0.4963341796875,0.49763671875,0.4993201171875,0.49709296875,0.4995685546875,0.489846875,0.48311796875,0.49924921875,0.4927248046875,0.4967498046875,0.4999875,0.4992732421875,0.499096875,0.4999669921875,0.4989875,0.499621875,0.4937419921875,0.49755,0.49996171875,0.49999921875,0.4989013671875,0.4996388671875,0.48446796875,0.499921875,0.49583671875,0.49536796875,0.493096875,0.4936013671875,0.4992,0.4982,0.4954875,0.4998779296875,0.4994091796875,0.4987810546875,0.4977638671875,0.499471875,0.4999763671875,0.49780546875,0.4962263671875,0.4984875,0.498346875,0.49982421875,0.49965546875,0.496996875,0.4968498046875,0.4969482421875,0.4856560546875,0.4972341796875,0.499471875,0.4977638671875,0.4999138671875,0.4999669921875,0.499746875,0.4976794921875,0.497371875,0.4965451171875,0.4980857421875,0.4992,0.4999294921875,0.49995,0.49965546875,0.4994091796875,0.4968,0.4716482421875,0.48265546875,0.4974169921875,0.4999841796875,0.4909716796875,0.497371875,0.4992248046875,0.49914921875,0.49796796875,0.4902,0.4999875,0.49689921875,0.4992248046875,0.4978466796875,0.4946826171875,0.4967498046875,0.4982373046875,0.4993201171875,0.4963341796875,0.4995685546875,0.4914685546875,0.4998576171875,0.49971796875,0.497721875,0.4972341796875,0.4902,0.4850138671875,0.4949373046875,0.489121875,0.4995310546875,0.4921091796875,0.4925732421875,0.4955466796875,0.4999435546875,0.4999763671875,0.4999841796875,0.49955,0.49294921875,0.49982421875,0.4992732421875,0.4993875,0.499846875,0.4999904296875,0.496996875,0.4860763671875,0.49002421875,0.49934296875,0.4983826171875,0.487596875,0.489121875,0.49487421875,0.4996044921875,0.496996875,0.4998357421875,0.4966482421875,0.49461796875,0.4998875,0.4921091796875,0.4999904296875,0.498621875,0.4783419921875,0.4930232421875,0.4964404296875,0.49728046875,0.49868671875,0.4995685546875,0.48490546875,0.4991748046875,0.4981623046875,0.4997607421875,0.4993201171875,0.4980076171875,0.49951171875,0.4894875,0.49998046875,0.4854435546875,0.49881171875,0.4989875,0.4977638671875,0.4975935546875,0.49955,0.499471875,0.4987185546875,0.49868671875,0.49958671875,0.49881171875,0.498046875,0.49955,0.48533671875,0.4921875,0.49996171875,0.4998,0.4987810546875,0.49914921875,0.47873046875,0.4990701171875,0.4924201171875,0.499621875,0.4969482421875,0.4995310546875,0.4974169921875,0.4999841796875,0.49780546875,0.4974169921875,0.4902873046875,0.4895779296875,0.49951171875,0.493671875,0.4999875,0.499296875,0.49996171875,0.4998779296875,0.4981623046875,0.4987810546875,0.4998576171875,0.49934296875,0.495721875,0.4999560546875,0.4701404296875,0.4996044921875,0.4998123046875,0.4862841796875,0.49827421875,0.49841796875,0.49998046875,0.494221875,0.4997873046875,0.4950623046875,0.496996875,0.4996044921875,0.4999294921875,0.4991232421875,0.4961169921875,0.4949373046875,0.49955,0.49628046875,0.49689921875,0.4839123046875,0.4963341796875,0.4940185546875,0.49324296875,0.4968498046875,0.49746171875,0.4946826171875,0.49955,0.4960060546875,0.49965546875,0.49827421875,0.4768875,0.4999875,0.499096875,0.49965546875,0.4999435546875,0.49763671875,0.499921875,0.4975935546875,0.4979279296875,0.4963341796875,0.4994919921875,0.4980076171875,0.499471875,0.499996875,0.49868671875,0.4971404296875,0.4989591796875,0.49924921875,0.499621875,0.49977421875,0.4995310546875,0.4997873046875,0.4999669921875,0.4951857421875,0.4956638671875,0.4971875,0.4999904296875,0.49955,0.4994091796875,0.4963341796875,0.49171171875,0.499471875,0.49595,0.4992248046875,0.49951171875,0.4992248046875,0.4823044921875,0.4999998046875,0.49990546875,0.4847966796875,0.498621875,0.4974169921875,0.4999294921875,0.4999841796875,0.4928,0.49977421875,0.499921875,0.4899357421875,0.4856560546875,0.4989013671875,0.49728046875,0.49868671875,0.4973263671875,0.487596875,0.4984529296875,0.49955,0.49827421875,0.4832326171875,0.49943046875,0.499621875,0.499096875,0.49780546875,0.4958935546875,0.4991232421875,0.4823044921875,0.498621875,0.49924921875,0.4998357421875,0.49294921875,0.4994919921875,0.4962263671875,0.4999669921875,0.4925732421875,0.4997029296875,0.4998357421875,0.4992732421875,0.4876951171875,0.4850138671875,0.49996171875,0.4982,0.4904607421875,0.4983107421875,0.4985216796875,0.49971796875,0.48265546875,0.49924921875,0.4936013671875,0.4999904296875,0.4978466796875,0.4984875,0.4956638671875,0.4997873046875,0.49955,0.497371875,0.4999669921875,0.49958671875,0.4997326171875,0.4902,0.499296875,0.4984529296875,0.49996171875,0.4999138671875,0.499096875,0.49924921875,0.48739921875,0.4960060546875,0.4994513671875,0.4977638671875,0.4985888671875,0.4999982421875,0.48930546875,0.49855546875,0.499996875,0.4994091796875,0.49999921875,0.4967498046875,0.4991232421875,0.4993201171875,0.499921875,0.4753857421875,0.4945529296875,0.49955,0.4982373046875,0.486796875,0.4968,0.4969482421875,0.4999982421875,0.4933154296875,0.4894875,0.49986796875,0.49999296875,0.493096875,0.497371875,0.49995,0.4973263671875,0.49881171875,0.4958935546875,0.4999435546875,0.499921875,0.4992,0.4999951171875,0.498346875,0.49982421875,0.4999875,0.4975935546875,0.49993671875,0.4988419921875,0.4987185546875,0.49512421875,0.49971796875,0.499971875,0.49628046875,0.4927248046875,0.49995,0.4996388671875,0.4968,0.4984529296875,0.4960060546875,0.4980857421875,0.499846875,0.4982,0.49999296875,0.498871875,0.4968,0.49628046875,0.4971875,0.4980076171875,0.49990546875
0.49904296875,0.48930546875,0.49977421875,0.4998576171875,0.485971875,0.49998046875,0.4995685546875,0.499746875,0.4997607421875,0.4972341796875,0.4858669921875,0.4938810546875,0.49408671875,0.4984529296875,0.495721875,0.4868982421875,0.49995,0.4876951171875,0.4955466796875,0.49855546875,0.49965546875,0.4940185546875,0.49746171875,0.49875,0.49951171875,0.45156171875,0.4998,0.49977421875,0.49924921875,0.485121875,0.49982421875,0.49951171875,0.4723875,0.4999875,0.4999904296875,0.4978466796875,0.498621875,0.4954875,0.49487421875,0.49512421875,0.4986544921875,0.48856171875,0.4961169921875,0.4786013671875,0.49669921875,0.4866951171875,0.4976794921875,0.4999951171875,0.4978875,0.4976794921875,0.4999875,0.49971796875,0.4973263671875,0.4985888671875,0.4996875,0.498346875,0.4978466796875,0.4989591796875,0.49583671875,0.49951171875,0.4999841796875,0.4982373046875,0.4973263671875,0.499096875,0.495721875,0.4999560546875,0.499996875,0.49487421875,0.49583671875,0.499996875,0.4999294921875,0.49855546875,0.4927248046875,0.49965546875,0.4980857421875,0.4911388671875,0.499096875,0.4999294921875,0.488371875,0.4951857421875,0.4999669921875,0.4999435546875,0.4999435546875,0.4902,0.4957794921875,0.4998357421875,0.4996388671875,0.4999998046875,0.4961169921875,0.4999669921875,0.4998779296875,0.4908875,0.4992248046875,0.49709296875,0.4954279296875,0.4934591796875,0.4997607421875,0.4968498046875,0.4820685546875,0.498046875,0.4793701171875,0.49999296875,0.4996388671875,0.4987185546875,0.4992248046875,0.48659296875,0.49408671875,0.4993875,0.49763671875,0.4886560546875,0.4806201171875,0.4997029296875,0.47821171875,0.499746875,0.4927248046875,0.4997873046875,0.4989013671875,0.49993671875,0.4928748046875,0.4985216796875,0.4998966796875,0.4986544921875,0.4908875,0.4978466796875,0.4884669921875,0.49971796875,0.49827421875,0.49595,0.49155,0.49943046875,0.4934591796875,0.499621875,0.496596875,0.49669921875,0.496171875,0.4998875,0.4982,0.4992732421875,0.4992,0.49875,0.4978466796875,0.4956638671875,0.49914921875,0.49649296875,0.4892138671875,0.4992248046875,0.4904607421875,0.49986796875,0.49996171875,0.4989591796875,0.495721875,0.49958671875,0.4882763671875,0.49796796875,0.4999435546875,0.496171875,0.49827421875,0.4897576171875,0.4886560546875,0.4989013671875,0.4962263671875,0.49709296875,0.4990154296875,0.49408671875,0.4999875,0.4991232421875,0.4987185546875,0.49996171875,0.4993654296875,0.4998576171875,0.4963875,0.498871875,0.4994513671875,0.49955,0.49709296875,0.4998966796875,0.4954279296875,0.498346875,0.49709296875,0.4801248046875,0.499996875,0.4989875,0.49755,0.4994513671875,0.4996388671875,0.499971875,0.4996716796875,0.4928748046875,0.49998046875,0.49812421875,0.499296875,0.4999435546875,0.4971875,0.4999875,0.4999875,0.4954279296875,0.4979279296875,0.498046875,0.4964404296875,0.4980076171875,0.498046875,0.497721875,0.4908029296875,0.49990546875,0.49999921875,0.4993654296875,0.4999904296875,0.4933875,0.4999998046875,0.4940185546875,0.4983826171875,0.4838,0.4710498046875,0.49583671875,0.4957794921875,0.4964404296875,0.4965451171875,0.49995,0.499096875,0.49914921875,0.4984529296875,0.4994513671875,0.4998875,0.4999841796875,0.498871875,0.4973263671875,0.4946826171875,0.49993671875,0.4963341796875,0.49934296875,0.49560546875,0.49943046875,0.47768671875,0.4701404296875,0.4978466796875,0.49595,0.499971875,0.49606171875,0.4982,0.4880841796875,0.4983107421875,0.491871875,0.49234296875,0.4858669921875,0.499971875,0.483346875,0.49855546875,0.4994091796875,0.4953076171875,0.4972341796875,0.4999138671875,0.4989875,0.4953076171875,0.4809875,0.4992732421875,0.4996388671875,0.4922654296875,0.4913044921875,0.4904607421875,0.4913044921875,0.4987810546875,0.4966482421875,0.4999669921875,0.499996875,0.4999904296875,0.4982373046875,0.498621875,0.4997029296875,0.4992732421875,0.4976794921875,0.49986796875,0.4989591796875,0.49780546875,0.4830029296875,0.4996044921875,0.4925732421875,0.4978875,0.4996875,0.48893671875,0.4999560546875,0.4991748046875,0.4931701171875,0.4981623046875,0.4998576171875,0.49977421875,0.49628046875,0.4954279296875,0.499096875,0.4938810546875,0.49780546875,0.497371875,0.4968,0.499296875,0.4992,0.499296875,0.499921875,0.49965546875,0.49855546875,0.49893046875,0.4963341796875,0.49868671875,0.49934296875,0.4968498046875,0.4980857421875,0.49606171875,0.4996875,0.4996716796875,0.4996044921875,0.4945529296875,0.49955,0.49763671875,0.4960060546875,0.4992248046875,0.49914921875,0.4990701171875,0.49943046875,0.499971875,0.49264921875,0.4972341796875,0.4998875,0.4998576171875,0.4954875,0.4993875,0.4893966796875,0.4962263671875,0.4902873046875,0.49002421875,0.4998779296875,0.49649296875,0.499921875,0.4974169921875,0.4999435546875,0.4994091796875,0.4976794921875,0.4993875,0.4963341796875,0.4970451171875,0.49958671875,0.4977638671875,0.4953076171875,0.4982,0.4997607421875,0.4997029296875,0.4999982421875,0.499621875,0.49583671875,0.4936013671875,0.4925732421875,0.49583671875,0.499846875,0.4946826171875,0.4998123046875,0.4997029296875,0.4998123046875,0.4993201171875,0.4997607421875,0.4999669921875,0.4699875,0.4999294921875,0.495246875,0.4995310546875,0.4968,0.4938810546875,0.495721875,0.4999841796875,0.4965451171875,0.4985888671875,0.4996044921875,0.4960060546875,0.4987185546875,0.4992248046875,0.49855546875,0.4999294921875,0.48818046875,0.4941544921875,0.4847966796875,0.495246875,0.4899357421875,0.4999669921875,0.4962263671875,0.49595,0.49999296875,0.4996388671875,0.4996044921875,0.4780810546875,0.491221875,0.4963341796875,0.49990546875,0.498871875,0.49986796875,0.496996875,0.4998875,0.4992248046875,0.4999560546875,0.49171171875,0.4999763671875,0.4976794921875,0.49955,0.4938810546875,0.4997873046875,0.4999875,0.4949373046875,0.49914921875,0.4933875,0.49105546875,0.4999998046875,0.47873046875,0.4957794921875,0.4993201171875,0.49649296875,0.4846875,0.49512421875,0.4999435546875,0.4993875,0.4992,0.49875,0.4998779296875,0.4899357421875,0.4984529296875,0.4969482421875,0.4946826171875,0.4997326171875,0.49155,0.4999763671875,0.4874982421875,0.497371875,0.48930546875,0.4880841796875,0.49560546875,0.4977638671875,0.49924921875,0.4994513671875,0.4963875,0.49746171875,0.49071796875,0.477421875,0.4998,0.4975060546875,0.4866951171875,0.4996388671875,0.4999138671875,0.4996875,0.49512421875,0.4976794921875,0.4971404296875,0.496996875,0.4971875,0.4987810546875,0.4989875,0.4961169921875,0.498346875,0.4975060546875,0.4999763671875,0.4941544921875,0.499971875,0.49977421875,0.4938810546875,0.4982373046875,0.4992,0.4969482421875,0.4989013671875,0.49796796875,0.495,0.4937419921875,0.4948107421875,0.49796796875,0.498871875,0.49993671875,0.4982,0.499921875,0.4841357421875,0.4967498046875,0.49138671875,0.495721875,0.499846875,0.4938810546875,0.4974169921875,0.494221875,0.4987810546875,0.49904296875,0.49689921875,0.4968,0.4876951171875,0.4995310546875,0.4949373046875,0.4999560546875,0.495,0.4999875,0.48966796875,0.49583671875,0.499846875,0.4975060546875,0.4928748046875,0.49999921875,0.4888435546875,0.49812421875,0.49827421875,0.4996044921875,0.4956638671875,0.49924921875,0.4976794921875,0.4989591796875,0.4944216796875,0.4962263671875,0.499921875,0.4998,0.4948107421875,0.49982421875,0.49971796875,0.4965451171875,0.4999841796875,0.4801248046875,0.49755,0.49002421875,0.4951857421875,0.4963341796875,0.499921875,0.49893046875,0.49999921875,0.49998046875,0.4995310546875,0.49924921875,0.4974169921875,0.4996044921875,0.49408671875,0.4913044921875,0.4997607421875,0.4968,0.4949373046875,0.49827421875,0.495246875,0.4997029296875,0.49595,0.498871875,0.4909716796875,0.49914921875,0.4922654296875,0.495721875,0.4998357421875,0.49746171875,0.49995,0.4997029296875,0.4987185546875,0.4906326171875,0.49583671875,0.4856560546875,0.4993875,0.49353046875,0.4997873046875,0.49796796875,0.4911388671875,0.4999982421875,0.49408671875,0.4987810546875,0.4921875,0.495,0.4985888671875,0.49709296875,0.49958671875,0.4992248046875,0.4958935546875,0.4990701171875,0.4916310546875,0.4983107421875,0.499471875,0.4975935546875,0.4999294921875,0.4998,0.4946826171875,0.4966482421875,0.4994091796875,0.4977638671875,0.49893046875,0.49487421875,0.4944216796875,0.4993654296875,0.499971875,0.491871875,0.4944216796875,0.4998966796875,0.4996875,0.4984875,0.4996044921875,0.49993671875,0.4996716796875,0.4999982421875,0.48966796875,0.49995,0.4980076171875,0.4980857421875,0.49649296875,0.49993671875,0.4999669921875,0.4984529296875,0.49955,0.4728263671875,0.49408671875,0.4927248046875,0.4922654296875,0.496171875,0.496996875,0.497371875,0.4997607421875,0.49951171875,0.49353046875,0.49796796875,0.4998875,0.4999875,0.4999982421875,0.49996171875,0.4901123046875,0.4994513671875,0.4998875,0.4996716796875,0.4992,0.496996875,0.4996875,0.4999138671875,0.4999841796875,0.4976794921875,0.49512421875,0.4955466796875,0.4980857421875,0.49971796875,0.49536796875,0.4991232421875,0.4913044921875,0.48966796875,0.4991748046875,0.4914685546875,0.4970451171875,0.4998123046875,0.499096875,0.498871875,0.4999294921875,0.49875,0.4997029296875,0.4944216796875,0.49728046875,0.499921875,0.49965546875,0.49763671875,0.49958671875,0.4825388671875,0.4997607421875,0.4960060546875,0.4966482421875,0.4934591796875,0.4938810546875,0.4988419921875,0.4998123046875,0.4970451171875,0.4992,0.49855546875,0.4996716796875,0.4971875,0.4996875,0.4999763671875,0.497371875,0.495721875,0.4990701171875,0.4963875,0.4999138671875,0.49855546875,0.49669921875,0.49583671875,0.49780546875,0.48357421875,0.4945529296875,0.4993201171875,0.499621875,0.4985888671875,0.4996875,0.49875,0.4983107421875,0.4996044921875,0.4964404296875,0.4978466796875,0.4995310546875,0.499921875,0.4989591796875,0.49995,0.4992732421875,0.49689921875,0.47383671875,0.4850138671875,0.4978466796875,0.4998779296875,0.4908875,0.4974169921875,0.4998576171875,0.4992,0.498346875,0.4880841796875,0.4999998046875,0.4986544921875,0.4984875,0.49649296875,0.4984529296875,0.4967498046875,0.49709296875,0.498346875,0.4973263671875,0.499746875,0.4931701171875,0.4998123046875,0.49990546875,0.4971875,0.4981623046875,0.4884669921875,0.4916310546875,0.4986544921875,0.489121875,0.4994513671875,0.4909716796875,0.494746875,0.4944216796875,0.49780546875,0.49999296875,0.49971796875,0.499096875,0.4928748046875,0.4981623046875,0.49986796875,0.4997326171875,0.4990701171875,0.4997607421875,0.4974169921875,0.48446796875,0.491221875,0.498621875,0.498346875,0.4928,0.4863875,0.4978875,0.4993201171875,0.496171875,0.499996875,0.4987185546875,0.49037421875,0.499846875,0.489846875,0.4999669921875,0.49606171875,0.47209296875,0.49435546875,0.49583671875,0.4938810546875,0.4994513671875,0.4992,0.481471875,0.4991232421875,0.497371875,0.4999998046875,0.49986796875,0.4985888671875,0.4990701171875,0.4892138671875,0.499971875,0.48818046875,0.4984529296875,0.497371875,0.4966482421875,0.4975935546875,0.49904296875,0.4997607421875,0.4990701171875,0.49965546875,0.4999435546875,0.4981623046875,0.4983826171875,0.4998,0.4866951171875,0.4946826171875,0.49999921875,0.499096875,0.4997326171875,0.4991232421875,0.477421875,0.499746875,0.49408671875,0.499621875,0.4980857421875,0.4996044921875,0.4942888671875,0.4999294921875,0.49709296875,0.4968498046875,0.48875,0.4862841796875,0.4994513671875,0.494746875,0.4998576171875,0.499621875,0.4999138671875,0.4999669921875,0.4980857421875,0.498346875,0.4999138671875,0.4982373046875,0.498621875,0.4998875,0.4637185546875,0.4996875,0.5,0.48446796875,0.49780546875,0.4998875,0.499846875,0.4922654296875,0.49914921875,0.49755,0.496996875,0.49999921875,0.49934296875,0.498871875,0.4950623046875,0.4964404296875,0.4990701171875,0.49606171875,0.4955466796875,0.4813513671875,0.4962263671875,0.4953076171875,0.49536796875,0.495721875,0.4975060546875,0.49595,0.4984875,0.4989013671875,0.4968,0.4976794921875,0.47821171875,0.4999138671875,0.49958671875,0.4997607421875,0.4998123046875,0.49904296875,0.49986796875,0.4960060546875,0.49868671875,0.49881171875,0.499746875,0.4965451171875,0.4996388671875,0.4999875,0.49763671875,0.4989875,0.4983107421875,0.4981623046875,0.4999998046875,0.499746875,0.499921875,0.4997029296875,0.4998966796875,0.49606171875,0.49649296875,0.4983107421875,0.4999841796875,0.4993201171875,0.4974169921875,0.4950623046875,0.48856171875,0.49943046875,0.4970451171875,0.49934296875,0.4999763671875,0.4996875,0.479496875,0.4996044921875,0.49998046875,0.48402421875,0.4984529296875,0.4978466796875,0.4999951171875,0.4997029296875,0.49461796875,0.4992248046875,0.4999998046875,0.4890294921875,0.4845779296875,0.4992732421875,0.4949373046875,0.49796796875,0.4919513671875,0.4879875,0.498871875,0.4996388671875,0.49628046875,0.483346875,0.4997607421875,0.4999294921875,0.499971875,0.4944875,0.4928,0.4997326171875,0.482421875,0.4982,0.4984529296875,0.4999904296875,0.49560546875,0.49893046875,0.4956638671875,0.4999294921875,0.49763671875,0.4999904296875,0.499746875,0.4990154296875,0.4876951171875,0.48265546875,0.49924921875,0.496171875,0.491871875,0.4982,0.4992,0.4994091796875,0.4839123046875,0.4996388671875,0.49264921875,0.4998576171875,0.497371875,0.49855546875,0.4933154296875,0.499096875,0.4998357421875,0.49689921875,0.4996875,0.499621875,0.49977421875,0.4922654296875,0.4997029296875,0.4985888671875,0.4998779296875,0.49995,0.4991748046875,0.4987185546875,0.4888435546875,0.4949373046875,0.4994919921875,0.4996875,0.49924921875,0.49998046875,0.49171171875,0.49958671875,0.499746875,0.4990701171875,0.49999921875,0.49728046875,0.49943046875,0.49868671875,0.4987185546875,0.4768875,0.49294921875,0.4993875,0.4987185546875,0.4854435546875,0.4950623046875,0.4984529296875,0.499846875,0.49264921875,0.4901123046875,0.4999951171875,0.4998576171875,0.4934591796875,0.4977638671875,0.49996171875,0.4984875,0.4982,0.493096875,0.499996875,0.4998966796875,0.49965546875,0.4998966796875,0.4994091796875,0.49990546875,0.49993671875,0.49827421875,0.4999998046875,0.4978875,0.4978875,0.497371875,0.49999921875,0.4999982421875,0.4957794921875,0.4942888671875,0.49986796875,0.4994091796875,0.4970451171875,0.49408671875,0.4972341796875,0.4992248046875,0.4999875,0.4972341796875,0.4999763671875,0.4992248046875,0.49746171875,0.4962263671875,0.4944216796875,0.4957794921875,0.4993201171875
0.4990701171875,0.48779296875,0.4993201171875,0.4980076171875,0.485971875,0.4998576171875,0.499996875,0.4995310546875,0.49904296875,0.4968,0.48779296875,0.49435546875,0.4971875,0.4993201171875,0.4962263671875,0.48856171875,0.4999904296875,0.4921091796875,0.4937419921875,0.49875,0.49943046875,0.49755,0.4994091796875,0.4997029296875,0.499921875,0.4477951171875,0.4994919921875,0.499096875,0.4987810546875,0.4828875,0.4998779296875,0.4999560546875,0.4775544921875,0.499971875,0.499996875,0.4961169921875,0.4992248046875,0.4944875,0.49353046875,0.4975935546875,0.49536796875,0.488371875,0.49689921875,0.4739794921875,0.4967498046875,0.483346875,0.4973263671875,0.49999921875,0.49689921875,0.4963875,0.4997607421875,0.4997607421875,0.49324296875,0.4996875,0.49982421875,0.49924921875,0.4976794921875,0.4974169921875,0.4954875,0.49971796875,0.49955,0.4982373046875,0.4970451171875,0.4975935546875,0.49841796875,0.4997607421875,0.4998875,0.4944216796875,0.49435546875,0.49999296875,0.49996171875,0.498621875,0.4924201171875,0.49904296875,0.49796796875,0.4908875,0.4999951171875,0.49999921875,0.48490546875,0.4957794921875,0.49827421875,0.4999998046875,0.49955,0.49155,0.4956638671875,0.4995310546875,0.49943046875,0.4998875,0.4971404296875,0.4993654296875,0.4998123046875,0.48555,0.49827421875,0.49595,0.4937419921875,0.49487421875,0.4998875,0.49606171875,0.4815919921875,0.499846875,0.4838,0.49996171875,0.4995310546875,0.4999669921875,0.4994919921875,0.4882763671875,0.49234296875,0.4997873046875,0.498621875,0.4909716796875,0.48265546875,0.4991748046875,0.474121875,0.49943046875,0.4944875,0.4998357421875,0.4999998046875,0.499921875,0.49071796875,0.4991232421875,0.5,0.498621875,0.4860763671875,0.4991232421875,0.4909716796875,0.4993875,0.49855546875,0.4958935546875,0.4961169921875,0.498046875,0.49395,0.4994091796875,0.4974169921875,0.49487421875,0.4964404296875,0.4995310546875,0.4986544921875,0.4999841796875,0.4992,0.498621875,0.49881171875,0.49709296875,0.4989013671875,0.4982,0.4894875,0.4998875,0.4919513671875,0.4998966796875,0.49993671875,0.49755,0.4950623046875,0.4985888671875,0.485971875,0.49689921875,0.4999998046875,0.49487421875,0.4993201171875,0.4904607421875,0.48893671875,0.4995685546875,0.4981623046875,0.497721875,0.4987185546875,0.495721875,0.4999560546875,0.49971796875,0.499846875,0.4996716796875,0.49998046875,0.4982373046875,0.498871875,0.4987185546875,0.4998,0.4989591796875,0.4960060546875,0.499296875,0.493096875,0.4994919921875,0.4983826171875,0.4791154296875,0.4999435546875,0.4988419921875,0.4954875,0.49977421875,0.4991748046875,0.49996171875,0.499971875,0.4945529296875,0.499971875,0.49868671875,0.4983107421875,0.49868671875,0.4976794921875,0.499996875,0.49965546875,0.4968498046875,0.497371875,0.49796796875,0.495721875,0.49868671875,0.4973263671875,0.49381171875,0.48966796875,0.4998875,0.4998875,0.4993875,0.499996875,0.49536796875,0.49993671875,0.4974169921875,0.49841796875,0.4856560546875,0.47440546875,0.49536796875,0.49461796875,0.4992,0.4944216796875,0.4997873046875,0.4992,0.4985216796875,0.4992,0.49998046875,0.4995685546875,0.4997029296875,0.4974169921875,0.4936013671875,0.4963875,0.4998966796875,0.49780546875,0.49990546875,0.49812421875,0.49955,0.4780810546875,0.4739794921875,0.49875,0.4957794921875,0.49993671875,0.49914921875,0.4981623046875,0.48779296875,0.49780546875,0.4940185546875,0.489846875,0.476346875,0.4996388671875,0.481471875,0.4995310546875,0.4993654296875,0.4965451171875,0.4989875,0.4994919921875,0.4989875,0.491871875,0.48171171875,0.4988419921875,0.49951171875,0.4940185546875,0.4879875,0.49395,0.4892138671875,0.4979279296875,0.4942888671875,0.4994091796875,0.4990154296875,0.4999669921875,0.4965451171875,0.4994091796875,0.499971875,0.4982,0.4957794921875,0.4998966796875,0.4972341796875,0.49628046875,0.485971875,0.49934296875,0.49105546875,0.49855546875,0.4992248046875,0.489121875,0.4997326171875,0.49995,0.49689921875,0.4985216796875,0.49977421875,0.4995685546875,0.4983826171875,0.4978875,0.498871875,0.4945529296875,0.4981623046875,0.4985888671875,0.49746171875,0.4991748046875,0.49934296875,0.499846875,0.49965546875,0.4990701171875,0.4980857421875,0.49943046875,0.4953076171875,0.4975060546875,0.4994919921875,0.4973263671875,0.4987810546875,0.49512421875,0.49934296875,0.499996875,0.4997607421875,0.49560546875,0.49971796875,0.4951857421875,0.494746875,0.499746875,0.4984529296875,0.4992,0.4994091796875,0.49999921875,0.4933875,0.49583671875,0.5,0.4999560546875,0.4976794921875,0.497721875,0.4901123046875,0.4982373046875,0.4928,0.49105546875,0.4999763671875,0.49560546875,0.49868671875,0.4972341796875,0.49993671875,0.4994513671875,0.49971796875,0.4986544921875,0.497721875,0.49461796875,0.49924921875,0.4954875,0.4934591796875,0.499471875,0.4998576171875,0.4999435546875,0.4999904296875,0.4993654296875,0.4968,0.4917919921875,0.49294921875,0.4969482421875,0.4995685546875,0.496996875,0.4997873046875,0.4993201171875,0.499296875,0.4989013671875,0.4998875,0.4994919921875,0.4719451171875,0.4999763671875,0.4955466796875,0.4994919921875,0.49841796875,0.4930232421875,0.4950623046875,0.4996388671875,0.4981623046875,0.49965546875,0.4997873046875,0.4967498046875,0.49796796875,0.4998779296875,0.49934296875,0.49893046875,0.4888435546875,0.4928748046875,0.486796875,0.49435546875,0.488371875,0.4997873046875,0.49746171875,0.4969482421875,0.4998966796875,0.4999763671875,0.4980076171875,0.4798748046875,0.4968,0.4949373046875,0.49986796875,0.4995310546875,0.4992,0.49855546875,0.49951171875,0.49998046875,0.49999921875,0.4880841796875,0.4998779296875,0.4973263671875,0.4999841796875,0.49487421875,0.4991748046875,0.499746875,0.49746171875,0.4994513671875,0.4955466796875,0.4902,0.4999951171875,0.4775544921875,0.49827421875,0.4995685546875,0.4975060546875,0.485971875,0.49512421875,0.49999296875,0.4991232421875,0.49868671875,0.4963875,0.4999763671875,0.48818046875,0.4979279296875,0.497721875,0.49628046875,0.4990154296875,0.49002421875,0.49995,0.4890294921875,0.49812421875,0.4916310546875,0.4879875,0.49583671875,0.4974169921875,0.4996388671875,0.499996875,0.49746171875,0.497371875,0.4913044921875,0.48856171875,0.49982421875,0.49294921875,0.4902,0.4989013671875,0.4998875,0.4997029296875,0.4963875,0.4954875,0.4955466796875,0.4971404296875,0.4986544921875,0.49855546875,0.4994513671875,0.49669921875,0.4967498046875,0.4978466796875,0.499971875,0.49606171875,0.4999982421875,0.4999763671875,0.4933154296875,0.49796796875,0.4987185546875,0.49606171875,0.4980076171875,0.4999138671875,0.49595,0.4965451171875,0.49583671875,0.4961169921875,0.49977421875,0.49977421875,0.498346875,0.49971796875,0.4863875,0.49709296875,0.4940185546875,0.4944875,0.499971875,0.49264921875,0.49812421875,0.4960060546875,0.4962263671875,0.49934296875,0.4979279296875,0.4971875,0.4838,0.4987810546875,0.4970451171875,0.4999294921875,0.4970451171875,0.49998046875,0.48739921875,0.4960060546875,0.4999875,0.4985216796875,0.4916310546875,0.4999982421875,0.48930546875,0.4981623046875,0.499296875,0.4989591796875,0.4940185546875,0.49914921875,0.49875,0.49855546875,0.48966796875,0.49512421875,0.49990546875,0.4989013671875,0.4904607421875,0.4998966796875,0.4994091796875,0.4974169921875,0.4992732421875,0.4820685546875,0.4985216796875,0.488371875,0.49512421875,0.49812421875,0.4999875,0.49893046875,0.4999669921875,0.49993671875,0.49868671875,0.497721875,0.4971404296875,0.4994919921875,0.495246875,0.4895779296875,0.499621875,0.49649296875,0.49812421875,0.4980857421875,0.49324296875,0.49943046875,0.4968,0.499471875,0.4880841796875,0.4971404296875,0.49071796875,0.49560546875,0.4994919921875,0.4980076171875,0.4998966796875,0.4998123046875,0.4983826171875,0.4902873046875,0.496996875,0.4847966796875,0.4987810546875,0.4956638671875,0.4999841796875,0.4985888671875,0.49155,0.49999921875,0.49536796875,0.4963875,0.4908029296875,0.494221875,0.499621875,0.49841796875,0.4998123046875,0.49841796875,0.49649296875,0.499096875,0.492496875,0.49904296875,0.4999841796875,0.4982373046875,0.4999904296875,0.49990546875,0.49512421875,0.4976794921875,0.4999904296875,0.4966482421875,0.49965546875,0.49536796875,0.4951857421875,0.4991748046875,0.499921875,0.4925732421875,0.49435546875,0.4998576171875,0.49924921875,0.49812421875,0.4996716796875,0.4998779296875,0.4998875,0.4998,0.4878904296875,0.4994091796875,0.49755,0.49868671875,0.4968498046875,0.499921875,0.4995310546875,0.497721875,0.4993875,0.46652421875,0.49746171875,0.4919513671875,0.4960060546875,0.4938810546875,0.49689921875,0.496596875,0.4995685546875,0.4996716796875,0.49560546875,0.498871875,0.4996875,0.4999875,0.49868671875,0.5,0.491221875,0.4994919921875,0.4999904296875,0.4996044921875,0.49914921875,0.4945529296875,0.49934296875,0.49982421875,0.49965546875,0.4982,0.495246875,0.4946826171875,0.4983826171875,0.4999294921875,0.495721875,0.4995685546875,0.4858669921875,0.4854435546875,0.49755,0.48966796875,0.4933154296875,0.498871875,0.4989013671875,0.4998576171875,0.4999982421875,0.4982,0.499996875,0.49435546875,0.4964404296875,0.49990546875,0.4996044921875,0.4982373046875,0.499296875,0.4838,0.4997873046875,0.4961169921875,0.49649296875,0.494221875,0.492496875,0.49955,0.49965546875,0.4978875,0.498346875,0.49881171875,0.49986796875,0.49904296875,0.4996044921875,0.4998875,0.4980076171875,0.4946826171875,0.4989875,0.49914921875,0.4998779296875,0.4993654296875,0.4963875,0.49408671875,0.4979279296875,0.48893671875,0.4955466796875,0.49904296875,0.4994513671875,0.49965546875,0.49881171875,0.49990546875,0.4955466796875,0.4987810546875,0.496596875,0.49827421875,0.49995,0.49999296875,0.4995685546875,0.49999296875,0.4998875,0.4969482421875,0.47661796875,0.4894875,0.496996875,0.4999294921875,0.49264921875,0.49893046875,0.4991748046875,0.4989591796875,0.4985888671875,0.4886560546875,0.4996875,0.49606171875,0.499296875,0.4961169921875,0.49812421875,0.498346875,0.49606171875,0.4986544921875,0.4983826171875,0.4999138671875,0.4921875,0.49999921875,0.4997326171875,0.49796796875,0.49875,0.4868982421875,0.4908029296875,0.4982,0.4906326171875,0.4997029296875,0.4906326171875,0.4925732421875,0.4936013671875,0.499096875,0.499971875,0.4999560546875,0.4998576171875,0.49606171875,0.498621875,0.4991232421875,0.4999951171875,0.49855546875,0.4992732421875,0.4954279296875,0.4798748046875,0.489846875,0.4983107421875,0.4982,0.49353046875,0.4880841796875,0.4971404296875,0.4987810546875,0.4951857421875,0.4998779296875,0.49982421875,0.4927248046875,0.4999904296875,0.4902,0.4999998046875,0.49606171875,0.4768875,0.49689921875,0.4973263671875,0.4940185546875,0.4993875,0.4994513671875,0.4806201171875,0.4986544921875,0.4963875,0.499996875,0.4998966796875,0.4981623046875,0.499471875,0.491871875,0.4999669921875,0.4838,0.4981623046875,0.496596875,0.498871875,0.49560546875,0.4987810546875,0.4999951171875,0.498346875,0.4996044921875,0.4998576171875,0.4998779296875,0.49628046875,0.499471875,0.49105546875,0.4975060546875,0.4998875,0.4967498046875,0.4995685546875,0.49780546875,0.4748279296875,0.4997873046875,0.496996875,0.49971796875,0.49780546875,0.49868671875,0.49780546875,0.49986796875,0.4987810546875,0.4974169921875,0.48875,0.48171171875,0.49965546875,0.496171875,0.4997029296875,0.499296875,0.4994919921875,0.499746875,0.49841796875,0.49855546875,0.499921875,0.4980076171875,0.4970451171875,0.49999296875,0.46521796875,0.4996388671875,0.4999560546875,0.48265546875,0.4983107421875,0.49881171875,0.49904296875,0.49171171875,0.4996716796875,0.4968,0.4974169921875,0.49995,0.4997029296875,0.4996875,0.4965451171875,0.4937419921875,0.4996716796875,0.4940185546875,0.49395,0.4759373046875,0.496596875,0.4919513671875,0.49353046875,0.4941544921875,0.4972341796875,0.4969482421875,0.49977421875,0.49841796875,0.4964404296875,0.496996875,0.4767529296875,0.4999982421875,0.4985216796875,0.4998357421875,0.4999560546875,0.4986544921875,0.49943046875,0.4938810546875,0.4987810546875,0.496596875,0.4998357421875,0.4968,0.4993201171875,0.49990546875,0.4980076171875,0.4985216796875,0.4996716796875,0.49855546875,0.4997326171875,0.4994919921875,0.49977421875,0.4997326171875,0.499971875,0.497371875,0.49628046875,0.49875,0.499746875,0.499471875,0.497371875,0.4961169921875,0.49203046875,0.4990154296875,0.4976794921875,0.49868671875,0.4998875,0.4999951171875,0.48618046875,0.4999138671875,0.4999294921875,0.480496875,0.4996388671875,0.4950623046875,0.4996716796875,0.49982421875,0.4942888671875,0.499621875,0.4998779296875,0.4888435546875,0.48490546875,0.4983107421875,0.496171875,0.49780546875,0.4922654296875,0.48779296875,0.4996875,0.4994091796875,0.49755,0.47873046875,0.4998875,0.4997326171875,0.4993875,0.4957794921875,0.491871875,0.4995685546875,0.4847966796875,0.4945529296875,0.4987810546875,0.4998875,0.4961169921875,0.4987185546875,0.4963875,0.4994919921875,0.4968498046875,0.499846875,0.4999435546875,0.49796796875,0.4868982421875,0.48195,0.4993201171875,0.493671875,0.4901123046875,0.4988419921875,0.4983107421875,0.4988419921875,0.4808654296875,0.4992,0.4958935546875,0.4999951171875,0.49893046875,0.4985216796875,0.4919513671875,0.4991232421875,0.4995310546875,0.49595,0.4994091796875,0.49965546875,0.498871875,0.49037421875,0.499296875,0.49904296875,0.4992,0.4999294921875,0.49904296875,0.4970451171875,0.4872998046875,0.493671875,0.4999138671875,0.4985888671875,0.4992,0.499971875,0.4895779296875,0.49965546875,0.4999138671875,0.499621875,0.49998046875,0.49812421875,0.4998,0.4994513671875,0.4978466796875,0.4746875,0.49037421875,0.4982,0.499971875,0.48265546875,0.4948107421875,0.49977421875,0.49993671875,0.49536796875,0.4872,0.499096875,0.4996044921875,0.4916310546875,0.49868671875,0.499971875,0.4978466796875,0.4982,0.49264921875,0.4994919921875,0.4999982421875,0.49951171875,0.49958671875,0.4985216796875,0.4999435546875,0.4999294921875,0.498621875,0.4999560546875,0.49728046875,0.4969482421875,0.4967498046875,0.49986796875,0.4999982421875,0.4951857421875,0.4954279296875,0.4999951171875,0.4998123046875,0.4958935546875,0.49780546875,0.4963875,0.49955,0.4996875,0.4963875,0.4999904296875,0.4987185546875,0.49689921875,0.49728046875,0.4955466796875,0.4958935546875,0.4993201171875
0.4989591796875,0.4852294921875,0.4990701171875,0.4976794921875,0.4815919921875,0.498871875,0.4999982421875,0.4990701171875,0.4994513671875,0.49728046875,0.48490546875,0.4964404296875,0.494746875,0.49943046875,0.4965451171875,0.4886560546875,0.4999904296875,0.4901123046875,0.4961169921875,0.497721875,0.4997607421875,0.4961169921875,0.499296875,0.4993654296875,0.4999982421875,0.44555,0.49924921875,0.499996875,0.4999138671875,0.4756623046875,0.4998966796875,0.499971875,0.4770216796875,0.4997607421875,0.49998046875,0.49560546875,0.4997029296875,0.492496875,0.4934591796875,0.49746171875,0.4940185546875,0.4893966796875,0.4945529296875,0.46843671875,0.4979279296875,0.4825388671875,0.4983826171875,0.49996171875,0.49914921875,0.495246875,0.4998779296875,0.49995,0.493096875,0.49996171875,0.49996171875,0.497371875,0.49796796875,0.4967498046875,0.4954279296875,0.4991232421875,0.49998046875,0.499621875,0.49796796875,0.49780546875,0.49606171875,0.4999951171875,0.4995685546875,0.4944216796875,0.49105546875,0.4999669921875,0.4989875,0.4984875,0.4948107421875,0.4999904296875,0.4985216796875,0.4868982421875,0.49951171875,0.49999296875,0.4852294921875,0.4928,0.49763671875,0.4999982421875,0.4992248046875,0.4914685546875,0.4942888671875,0.49868671875,0.49990546875,0.4994513671875,0.4950623046875,0.4997029296875,0.4998779296875,0.4870998046875,0.49875,0.4953076171875,0.4948107421875,0.4944216796875,0.4999763671875,0.4955466796875,0.49037421875,0.4997607421875,0.48195,0.49999921875,0.4999875,0.4998,0.498871875,0.4838,0.49234296875,0.49924921875,0.4982,0.48875,0.4791154296875,0.4998123046875,0.4793701171875,0.4998576171875,0.495,0.5,0.4999904296875,0.4998875,0.4916310546875,0.49951171875,0.4999435546875,0.4984529296875,0.487596875,0.4966482421875,0.4909716796875,0.49924921875,0.49755,0.4960060546875,0.4968,0.4996716796875,0.4908875,0.4987810546875,0.4981623046875,0.4968,0.49689921875,0.499746875,0.4968498046875,0.4999669921875,0.49990546875,0.4963341796875,0.49914921875,0.49689921875,0.498871875,0.49893046875,0.48966796875,0.49958671875,0.49138671875,0.4996388671875,0.49995,0.4980857421875,0.4933875,0.4971404296875,0.4847966796875,0.4982,0.499296875,0.4960060546875,0.4989591796875,0.4945529296875,0.4882763671875,0.4978466796875,0.4974169921875,0.4970451171875,0.4998875,0.4961169921875,0.499921875,0.4999138671875,0.4999763671875,0.4997326171875,0.4999138671875,0.4982373046875,0.49924921875,0.499296875,0.49934296875,0.4995310546875,0.49606171875,0.499996875,0.495246875,0.4989013671875,0.4960060546875,0.47924296875,0.4998,0.4991232421875,0.4975935546875,0.499746875,0.49934296875,0.4999560546875,0.4999560546875,0.4957794921875,0.49999921875,0.49904296875,0.49893046875,0.49971796875,0.49924921875,0.499846875,0.4999435546875,0.49728046875,0.49628046875,0.49763671875,0.4957794921875,0.4984875,0.4961169921875,0.4971404296875,0.4911388671875,0.49943046875,0.49999296875,0.49827421875,0.4998,0.4941544921875,0.4998779296875,0.4937419921875,0.49755,0.4793701171875,0.4789875,0.4945529296875,0.496596875,0.4989591796875,0.4921091796875,0.4994513671875,0.49875,0.4960060546875,0.49955,0.499471875,0.4999841796875,0.49986796875,0.49746171875,0.4944216796875,0.49461796875,0.49993671875,0.49669921875,0.4994919921875,0.4984875,0.49943046875,0.480496875,0.47496796875,0.4994919921875,0.4955466796875,0.4996716796875,0.4963875,0.4978466796875,0.48893671875,0.4981623046875,0.49294921875,0.4908875,0.4796232421875,0.4998,0.4801248046875,0.4985888671875,0.49986796875,0.497371875,0.4977638671875,0.4999904296875,0.4983107421875,0.491871875,0.4866951171875,0.4971875,0.49951171875,0.4940185546875,0.48739921875,0.48779296875,0.4902873046875,0.498871875,0.495246875,0.49995,0.4988419921875,0.4992,0.4972341796875,0.49958671875,0.49977421875,0.498046875,0.4969482421875,0.499096875,0.4980076171875,0.4950623046875,0.48402421875,0.4970451171875,0.48893671875,0.49868671875,0.4989875,0.4909716796875,0.4995685546875,0.49934296875,0.4949373046875,0.4980857421875,0.49996171875,0.4993875,0.496996875,0.49461796875,0.4989591796875,0.49395,0.4973263671875,0.4981623046875,0.49841796875,0.4979279296875,0.4997607421875,0.4993201171875,0.49986796875,0.4986544921875,0.4969482421875,0.4992248046875,0.4968498046875,0.4978466796875,0.499471875,0.4972341796875,0.499621875,0.4990701171875,0.4991748046875,0.49924921875,0.49893046875,0.4969482421875,0.49999921875,0.49595,0.49294921875,0.49982421875,0.4987185546875,0.49893046875,0.4994091796875,0.49965546875,0.4949373046875,0.4976794921875,0.4999904296875,0.4992248046875,0.4968498046875,0.49628046875,0.48779296875,0.4991748046875,0.4911388671875,0.4897576171875,0.4998357421875,0.49669921875,0.497721875,0.496171875,0.49971796875,0.5,0.4996388671875,0.49958671875,0.49875,0.49709296875,0.49755,0.4928,0.49583671875,0.49943046875,0.4999998046875,0.4985888671875,0.4994091796875,0.4998875,0.4963875,0.4944875,0.4919513671875,0.4954279296875,0.4996044921875,0.4981623046875,0.4989013671875,0.49881171875,0.4998,0.49951171875,0.499921875,0.49996171875,0.472971875,0.4999875,0.49264921875,0.499471875,0.498621875,0.4953076171875,0.4950623046875,0.4995310546875,0.4971875,0.499096875,0.4998875,0.4992,0.4992732421875,0.4999982421875,0.49649296875,0.4994091796875,0.4892138671875,0.4968,0.4860763671875,0.4950623046875,0.49002421875,0.499746875,0.493671875,0.49728046875,0.49971796875,0.4996875,0.4983826171875,0.48555,0.49628046875,0.4949373046875,0.4999294921875,0.49993671875,0.4988419921875,0.4980076171875,0.49881171875,0.49914921875,0.49995,0.4863875,0.4998875,0.4977638671875,0.4999669921875,0.4982373046875,0.4999763671875,0.4996388671875,0.4983826171875,0.4993654296875,0.4964404296875,0.49324296875,0.49999921875,0.4838,0.49583671875,0.4986544921875,0.4975935546875,0.486796875,0.4956638671875,0.4997873046875,0.4986544921875,0.4974169921875,0.49709296875,0.49996171875,0.49105546875,0.4981623046875,0.49583671875,0.497721875,0.4996388671875,0.489846875,0.499846875,0.4911388671875,0.49827421875,0.4886560546875,0.4886560546875,0.4983826171875,0.49934296875,0.4987810546875,0.4990701171875,0.4974169921875,0.4962263671875,0.49294921875,0.49037421875,0.49971796875,0.49536796875,0.49002421875,0.4997607421875,0.4999138671875,0.49996171875,0.4980857421875,0.4928748046875,0.4979279296875,0.49536796875,0.49881171875,0.497721875,0.4994091796875,0.4955466796875,0.496996875,0.49755,0.4997873046875,0.49606171875,0.4999435546875,0.4999998046875,0.49324296875,0.49893046875,0.49955,0.4963875,0.4997607421875,0.4989013671875,0.49536796875,0.495,0.495721875,0.4950623046875,0.498621875,0.499996875,0.4993654296875,0.4999982421875,0.4864904296875,0.4968,0.49071796875,0.4940185546875,0.499746875,0.49155,0.4975060546875,0.4960060546875,0.4969482421875,0.4993654296875,0.49606171875,0.498621875,0.4827716796875,0.4989013671875,0.49536796875,0.49996171875,0.498046875,0.4999138671875,0.4904607421875,0.49746171875,0.4999294921875,0.49893046875,0.4868982421875,0.49982421875,0.4902,0.49755,0.4989875,0.4984529296875,0.4944216796875,0.4992732421875,0.498871875,0.497371875,0.4886560546875,0.4941544921875,0.49958671875,0.4994513671875,0.48779296875,0.49990546875,0.4996716796875,0.4954875,0.49986796875,0.479496875,0.499846875,0.4856560546875,0.4975935546875,0.4971875,0.4998875,0.4969482421875,0.499996875,0.49999296875,0.4980857421875,0.4980857421875,0.4965451171875,0.49868671875,0.49628046875,0.4902873046875,0.49881171875,0.4975935546875,0.49841796875,0.4991748046875,0.49234296875,0.4994919921875,0.4970451171875,0.49934296875,0.48779296875,0.49689921875,0.48930546875,0.4950623046875,0.499846875,0.4972341796875,0.5,0.4994091796875,0.4975935546875,0.4874982421875,0.490546875,0.4924201171875,0.49914921875,0.49395,0.4997029296875,0.49881171875,0.4916310546875,0.49999921875,0.49560546875,0.4944216796875,0.48966796875,0.4940185546875,0.4999560546875,0.4992248046875,0.4997029296875,0.49951171875,0.4928748046875,0.4988419921875,0.4914685546875,0.49763671875,0.499971875,0.4968498046875,0.4996044921875,0.49999296875,0.4931701171875,0.49893046875,0.4997326171875,0.4951857421875,0.49990546875,0.4960060546875,0.4946826171875,0.4978875,0.49990546875,0.4890294921875,0.49461796875,0.49995,0.4991748046875,0.4967498046875,0.49995,0.4980857421875,0.4999904296875,0.4999951171875,0.4942888671875,0.4991748046875,0.49746171875,0.4971404296875,0.4979279296875,0.49982421875,0.4999669921875,0.49709296875,0.4997326171875,0.4676466796875,0.4971404296875,0.4944875,0.4954279296875,0.4968,0.4958935546875,0.4973263671875,0.4999904296875,0.49998046875,0.495721875,0.49875,0.4971875,0.4999904296875,0.498621875,0.49996171875,0.4955466796875,0.4992,0.4999560546875,0.4985216796875,0.4983826171875,0.49669921875,0.4991748046875,0.4996388671875,0.49982421875,0.4980076171875,0.49780546875,0.496996875,0.49855546875,0.4984529296875,0.4942888671875,0.49995,0.4908029296875,0.4893966796875,0.4981623046875,0.4913044921875,0.4942888671875,0.4989875,0.499296875,0.49999296875,0.49999921875,0.4993201171875,0.4998576171875,0.4882763671875,0.493671875,0.4998357421875,0.4999904296875,0.4981623046875,0.4996388671875,0.4892138671875,0.499096875,0.495721875,0.4977638671875,0.4931701171875,0.4933154296875,0.4998357421875,0.499746875,0.498046875,0.4970451171875,0.4993875,0.49998046875,0.4993654296875,0.4992732421875,0.49999296875,0.4984529296875,0.49487421875,0.4996716796875,0.4965451171875,0.4993875,0.4995685546875,0.49827421875,0.4946826171875,0.49583671875,0.4880841796875,0.49487421875,0.4990701171875,0.49965546875,0.49965546875,0.49763671875,0.49993671875,0.49780546875,0.4982,0.498046875,0.49841796875,0.49999921875,0.499621875,0.4994919921875,0.49999296875,0.4998357421875,0.49796796875,0.472971875,0.4874982421875,0.4970451171875,0.4997326171875,0.49461796875,0.4986544921875,0.4984875,0.49934296875,0.4976794921875,0.490546875,0.49990546875,0.4944216796875,0.4991748046875,0.4958935546875,0.4985888671875,0.49827421875,0.4988419921875,0.49796796875,0.498046875,0.49995,0.49353046875,0.49998046875,0.499996875,0.4976794921875,0.4985888671875,0.4858669921875,0.4902873046875,0.4965451171875,0.4886560546875,0.49812421875,0.4950623046875,0.49395,0.4965451171875,0.499296875,0.4999875,0.49999296875,0.4998966796875,0.4962263671875,0.4996388671875,0.4999138671875,0.4999294921875,0.4992,0.4997873046875,0.4968,0.482421875,0.488371875,0.4981623046875,0.4989013671875,0.4937419921875,0.4919513671875,0.4966482421875,0.4995685546875,0.494746875,0.499846875,0.4993875,0.49002421875,0.4999138671875,0.4880841796875,0.4999982421875,0.49461796875,0.47795,0.498046875,0.4989591796875,0.4958935546875,0.4989013671875,0.49993671875,0.48490546875,0.4993201171875,0.4953076171875,0.4999904296875,0.4999560546875,0.4966482421875,0.4997326171875,0.4899357421875,0.49999921875,0.4845779296875,0.49868671875,0.498346875,0.4980076171875,0.4993201171875,0.4983826171875,0.49951171875,0.4992732421875,0.4995685546875,0.499921875,0.49998046875,0.4963341796875,0.4990154296875,0.4902873046875,0.4970451171875,0.49993671875,0.49595,0.49943046875,0.4992732421875,0.4764826171875,0.498871875,0.494746875,0.4995310546875,0.4963875,0.4989591796875,0.4941544921875,0.4998966796875,0.4983826171875,0.497721875,0.4895779296875,0.4783419921875,0.499096875,0.4958935546875,0.4999138671875,0.49971796875,0.4994919921875,0.499746875,0.4969482421875,0.4980857421875,0.49996171875,0.49728046875,0.49780546875,0.498621875,0.46355,0.4992732421875,0.499746875,0.4796232421875,0.4960060546875,0.499621875,0.49914921875,0.48875,0.4997607421875,0.49669921875,0.4961169921875,0.49993671875,0.4997873046875,0.4997029296875,0.49435546875,0.48856171875,0.499746875,0.4968,0.494746875,0.4748279296875,0.495246875,0.491871875,0.4980857421875,0.4954279296875,0.497721875,0.4975060546875,0.4983107421875,0.4970451171875,0.4980076171875,0.4957794921875,0.4758,0.49995,0.4997873046875,0.4998779296875,0.5,0.4967498046875,0.4997607421875,0.4938810546875,0.499921875,0.49746171875,0.4997326171875,0.4961169921875,0.4992,0.49999296875,0.4978466796875,0.49855546875,0.4992732421875,0.4994091796875,0.4994919921875,0.4999982421875,0.4999294921875,0.4995310546875,0.49982421875,0.49583671875,0.496171875,0.4968498046875,0.49943046875,0.4998,0.49294921875,0.4989875,0.4906326171875,0.49914921875,0.49746171875,0.498871875,0.4999763671875,0.4999875,0.4872,0.49986796875,0.4998966796875,0.48555,0.499296875,0.4954875,0.49998046875,0.4999904296875,0.4919513671875,0.4994513671875,0.4995310546875,0.4892138671875,0.48930546875,0.4992,0.49796796875,0.49728046875,0.49353046875,0.48893671875,0.49955,0.4997326171875,0.4963875,0.4772888671875,0.4999841796875,0.49995,0.4999841796875,0.4944216796875,0.49324296875,0.5,0.48699921875,0.49324296875,0.4992,0.49999921875,0.4957794921875,0.49893046875,0.4973263671875,0.4994513671875,0.4960060546875,0.4999763671875,0.4999669921875,0.49875,0.48856171875,0.4813513671875,0.4998966796875,0.4957794921875,0.486796875,0.498621875,0.49827421875,0.49881171875,0.482421875,0.4993875,0.494746875,0.49998046875,0.49868671875,0.4983826171875,0.4904607421875,0.49971796875,0.49924921875,0.49669921875,0.4992248046875,0.49934296875,0.49993671875,0.4901123046875,0.4992248046875,0.4992,0.49904296875,0.4999669921875,0.499096875,0.49606171875,0.4880841796875,0.49395,0.4997873046875,0.4987185546875,0.4974169921875,0.49990546875,0.49353046875,0.49995,0.4997326171875,0.4998875,0.4999982421875,0.4984529296875,0.4993654296875,0.4992248046875,0.49763671875,0.47355,0.4866951171875,0.4975060546875,0.4989875,0.48779296875,0.49138671875,0.49914921875,0.4999998046875,0.4930232421875,0.4902873046875,0.4993654296875,0.49965546875,0.49487421875,0.4988419921875,0.4999294921875,0.4985216796875,0.4989013671875,0.48930546875,0.496596875,0.4999294921875,0.4996716796875,0.4996716796875,0.49875,0.499746875,0.49990546875,0.49875,0.4999138671875,0.4965451171875,0.4956638671875,0.4973263671875,0.4998,0.499971875,0.495,0.49560546875,0.49999921875,0.498346875,0.49461796875,0.4975060546875,0.4980857421875,0.4997029296875,0.4996388671875,0.49763671875,0.5,0.49755,0.495721875,0.4976794921875,0.49395,0.4954279296875,0.49990546875
0.4979279296875,0.4872998046875,0.4987185546875,0.4979279296875,0.48218671875,0.4994513671875,0.4996044921875,0.4985888671875,0.4999982421875,0.4944875,0.4838,0.4922654296875,0.495721875,0.49971796875,0.49780546875,0.49155,0.4999669921875,0.49155,0.4946826171875,0.4982,0.4989591796875,0.4954875,0.4985216796875,0.49965546875,0.49965546875,0.43831171875,0.4983826171875,0.4999998046875,0.49999296875,0.483346875,0.4999435546875,0.49999921875,0.480496875,0.49971796875,0.4998779296875,0.4945529296875,0.4997326171875,0.49595,0.49138671875,0.49353046875,0.49583671875,0.4868982421875,0.496171875,0.4608,0.4999294921875,0.48123046875,0.4994919921875,0.4996875,0.4981623046875,0.49689921875,0.4998966796875,0.4999841796875,0.4944875,0.499746875,0.4999875,0.4989591796875,0.49728046875,0.4986544921875,0.4928,0.49763671875,0.49993671875,0.49958671875,0.49841796875,0.4982373046875,0.49669921875,0.4999435546875,0.498346875,0.4963875,0.48618046875,0.4998,0.4984875,0.49780546875,0.495721875,0.4999841796875,0.4965451171875,0.48739921875,0.4994513671875,0.49977421875,0.487596875,0.4921875,0.499471875,0.49958671875,0.49881171875,0.4864904296875,0.496996875,0.4996875,0.499746875,0.49982421875,0.4928,0.49999296875,0.4997873046875,0.4931701171875,0.4982,0.4975060546875,0.49536796875,0.4963341796875,0.499996875,0.497371875,0.4843576171875,0.4999904296875,0.4793701171875,0.49995,0.49990546875,0.49924921875,0.49868671875,0.485121875,0.4937419921875,0.49934296875,0.49755,0.4908029296875,0.4809875,0.498621875,0.48311796875,0.4994091796875,0.4922654296875,0.4999841796875,0.4995310546875,0.4999998046875,0.4922654296875,0.4999669921875,0.49995,0.496996875,0.4909716796875,0.4951857421875,0.4917919921875,0.49855546875,0.49763671875,0.4961169921875,0.497371875,0.4997873046875,0.49037421875,0.4994919921875,0.4989875,0.4941544921875,0.4954875,0.499621875,0.49628046875,0.4999875,0.49998046875,0.49780546875,0.4968,0.4963875,0.4987185546875,0.4996044921875,0.4886560546875,0.4999841796875,0.4931701171875,0.49999921875,0.499971875,0.4974169921875,0.4936013671875,0.49812421875,0.4882763671875,0.498346875,0.4996044921875,0.49755,0.498621875,0.495,0.4876951171875,0.4964404296875,0.498346875,0.49649296875,0.4983826171875,0.4971875,0.49982421875,0.4991748046875,0.4996044921875,0.4998357421875,0.4995310546875,0.4990701171875,0.49881171875,0.4992732421875,0.4994513671875,0.49995,0.49560546875,0.499846875,0.4970451171875,0.4997029296875,0.497371875,0.4751076171875,0.4998779296875,0.499996875,0.4964404296875,0.4996716796875,0.49999921875,0.4998779296875,0.499621875,0.49649296875,0.4997607421875,0.49827421875,0.499621875,0.4995685546875,0.4995310546875,0.4999763671875,0.4999998046875,0.4968498046875,0.4984529296875,0.49763671875,0.4941544921875,0.4987185546875,0.4982,0.4975935546875,0.4878904296875,0.49982421875,0.4999294921875,0.4970451171875,0.4992248046875,0.4956638671875,0.4997326171875,0.49435546875,0.4991748046875,0.4803732421875,0.476346875,0.4954875,0.49408671875,0.49934296875,0.495,0.4993654296875,0.4984529296875,0.49461796875,0.499621875,0.4990701171875,0.4999841796875,0.49958671875,0.4982,0.49408671875,0.49755,0.4998966796875,0.4978466796875,0.4992,0.4996044921875,0.4990154296875,0.4801248046875,0.47268046875,0.4991232421875,0.49560546875,0.49971796875,0.4963875,0.49796796875,0.48533671875,0.4993875,0.48930546875,0.4921875,0.48074296875,0.499921875,0.4745466796875,0.49649296875,0.4998357421875,0.4973263671875,0.4985216796875,0.49998046875,0.49763671875,0.4931701171875,0.4874982421875,0.49689921875,0.499471875,0.4908029296875,0.489846875,0.4863875,0.48699921875,0.49669921875,0.4953076171875,0.49995,0.4984875,0.4992,0.497371875,0.4998576171875,0.4997326171875,0.4991232421875,0.49461796875,0.4993875,0.49812421875,0.495721875,0.4884669921875,0.4977638671875,0.48818046875,0.4949373046875,0.498871875,0.4908029296875,0.4996875,0.4998,0.49381171875,0.498871875,0.499921875,0.499471875,0.4985888671875,0.4980076171875,0.49755,0.4914685546875,0.4972341796875,0.49893046875,0.499471875,0.49780546875,0.499846875,0.499746875,0.4999982421875,0.49728046875,0.496996875,0.4996044921875,0.495721875,0.4994513671875,0.4999294921875,0.49709296875,0.4992732421875,0.4995310546875,0.4991232421875,0.49995,0.49914921875,0.49689921875,0.4998779296875,0.49595,0.4928,0.4999669921875,0.4997607421875,0.4979279296875,0.4999841796875,0.4994513671875,0.49487421875,0.4978466796875,0.5,0.49982421875,0.498046875,0.4980857421875,0.4880841796875,0.4989013671875,0.4922654296875,0.489846875,0.49924921875,0.4978875,0.4969482421875,0.4972341796875,0.499621875,0.4999560546875,0.4993875,0.49855546875,0.4979279296875,0.4953076171875,0.49709296875,0.49628046875,0.4933154296875,0.49958671875,0.4999435546875,0.4990701171875,0.49990546875,0.4998357421875,0.49512421875,0.494746875,0.4940185546875,0.4963875,0.4992248046875,0.4958935546875,0.4993654296875,0.4992248046875,0.4995685546875,0.4999998046875,0.4996044921875,0.4999875,0.4701404296875,0.4997873046875,0.4937419921875,0.49986796875,0.49763671875,0.4942888671875,0.4954279296875,0.4994919921875,0.49728046875,0.49934296875,0.499921875,0.4982,0.49951171875,0.49999296875,0.4961169921875,0.498871875,0.4901123046875,0.49746171875,0.4839123046875,0.4940185546875,0.4909716796875,0.49986796875,0.49071796875,0.4955466796875,0.4998966796875,0.49999296875,0.49812421875,0.48818046875,0.4968498046875,0.4963875,0.499996875,0.49995,0.4968,0.4961169921875,0.4989591796875,0.4984875,0.499996875,0.4888435546875,0.49999921875,0.4996875,0.4999982421875,0.4969482421875,0.49990546875,0.4999294921875,0.4965451171875,0.4998,0.4968498046875,0.4938810546875,0.4998576171875,0.4838,0.495721875,0.49868671875,0.497721875,0.4852294921875,0.49796796875,0.4995685546875,0.4990154296875,0.49796796875,0.4957794921875,0.499971875,0.4902,0.499296875,0.4977638671875,0.4978466796875,0.4995685546875,0.4870998046875,0.4997607421875,0.4934591796875,0.4989013671875,0.49353046875,0.4893966796875,0.498046875,0.4978466796875,0.4996716796875,0.497371875,0.4992248046875,0.4973263671875,0.48856171875,0.4895779296875,0.4998,0.4941544921875,0.4872998046875,0.4998875,0.4992,0.49904296875,0.49536796875,0.4944216796875,0.49827421875,0.49649296875,0.4994091796875,0.4982373046875,0.4991748046875,0.4960060546875,0.4963875,0.4983107421875,0.49971796875,0.49649296875,0.49999296875,0.4999294921875,0.4944216796875,0.4983826171875,0.49841796875,0.4948107421875,0.49977421875,0.4993201171875,0.495721875,0.4970451171875,0.49583671875,0.498046875,0.4985216796875,0.499921875,0.4999560546875,0.4996044921875,0.4870998046875,0.49560546875,0.4901123046875,0.4944216796875,0.4999875,0.492496875,0.49763671875,0.4948107421875,0.497371875,0.4982,0.4944216796875,0.4987810546875,0.4870998046875,0.49951171875,0.495246875,0.49924921875,0.498621875,0.49995,0.49234296875,0.49709296875,0.4999669921875,0.4989013671875,0.4886560546875,0.49998046875,0.4878904296875,0.49977421875,0.4973263671875,0.4989013671875,0.4949373046875,0.49999921875,0.4980076171875,0.4921875,0.4906326171875,0.4941544921875,0.49904296875,0.49868671875,0.4888435546875,0.4998123046875,0.4995310546875,0.498346875,0.4986544921875,0.47924296875,0.4999763671875,0.4908875,0.49868671875,0.4969482421875,0.499996875,0.4977638671875,0.49996171875,0.4999875,0.4987185546875,0.4985216796875,0.4958935546875,0.4979279296875,0.4963341796875,0.48446796875,0.49855546875,0.4958935546875,0.4963875,0.4996875,0.49381171875,0.4999904296875,0.49755,0.49868671875,0.48893671875,0.4972341796875,0.49203046875,0.4977638671875,0.4996716796875,0.4954279296875,0.4999951171875,0.49990546875,0.49796796875,0.49037421875,0.492496875,0.4892138671875,0.4990154296875,0.49155,0.4987185546875,0.4969482421875,0.4902873046875,0.4999998046875,0.4945529296875,0.4955466796875,0.4902,0.493096875,0.4998576171875,0.499621875,0.499921875,0.49943046875,0.4933154296875,0.4997029296875,0.4946826171875,0.498871875,0.4999763671875,0.4968498046875,0.4997607421875,0.49965546875,0.4964404296875,0.498046875,0.49958671875,0.4922654296875,0.49996171875,0.49461796875,0.49155,0.49855546875,0.4996388671875,0.49203046875,0.49487421875,0.4990154296875,0.4997873046875,0.496171875,0.4999435546875,0.498046875,0.4999998046875,0.499996875,0.49171171875,0.4992732421875,0.4960060546875,0.49875,0.497721875,0.4999904296875,0.4999875,0.49649296875,0.4994919921875,0.4637185546875,0.4954875,0.49709296875,0.4951857421875,0.497371875,0.4956638671875,0.496171875,0.4999875,0.4999294921875,0.49780546875,0.4987810546875,0.4975060546875,0.4999841796875,0.4988419921875,0.4999763671875,0.4924201171875,0.499621875,0.4998875,0.4988419921875,0.4985888671875,0.496171875,0.4997607421875,0.49827421875,0.4998966796875,0.499921875,0.497371875,0.4958935546875,0.49709296875,0.4992,0.4924201171875,0.49958671875,0.4868982421875,0.483346875,0.499746875,0.48875,0.49408671875,0.4980857421875,0.49998046875,0.499971875,0.49999296875,0.498621875,0.4997029296875,0.4880841796875,0.4940185546875,0.49914921875,0.49904296875,0.49780546875,0.4996044921875,0.4917919921875,0.49924921875,0.4963341796875,0.49755,0.4928748046875,0.4942888671875,0.4997607421875,0.4986544921875,0.49855546875,0.4978466796875,0.499471875,0.499971875,0.4991748046875,0.4996388671875,0.4994919921875,0.4990154296875,0.4963341796875,0.4989013671875,0.497371875,0.49943046875,0.49955,0.496596875,0.4911388671875,0.4986544921875,0.48659296875,0.4930232421875,0.499971875,0.498871875,0.4990701171875,0.49812421875,0.4999875,0.49628046875,0.4966482421875,0.49855546875,0.4966482421875,0.4999669921875,0.4988419921875,0.4991232421875,0.4999138671875,0.4994919921875,0.4968,0.4739794921875,0.4902873046875,0.4963875,0.4988419921875,0.4933875,0.498346875,0.4979279296875,0.4993654296875,0.49628046875,0.48659296875,0.4999875,0.49536796875,0.499296875,0.4938810546875,0.4997607421875,0.4989591796875,0.49780546875,0.4983107421875,0.49812421875,0.49999921875,0.49071796875,0.4999560546875,0.5,0.4937419921875,0.4985888671875,0.4856560546875,0.49234296875,0.49868671875,0.4872998046875,0.49965546875,0.4925732421875,0.4917919921875,0.4957794921875,0.4995685546875,0.49982421875,0.4995310546875,0.499746875,0.4976794921875,0.4998576171875,0.49995,0.4999875,0.499296875,0.4997607421875,0.4957794921875,0.4874982421875,0.4894875,0.4978875,0.4993201171875,0.4902,0.49171171875,0.4982373046875,0.4982,0.493671875,0.4996044921875,0.4984875,0.489121875,0.49943046875,0.4864904296875,0.499846875,0.49606171875,0.4828875,0.4975060546875,0.4978875,0.4953076171875,0.49924921875,0.49993671875,0.48195,0.499746875,0.4925732421875,0.49998046875,0.4998966796875,0.49914921875,0.4997029296875,0.4919513671875,0.4999294921875,0.4836873046875,0.4983107421875,0.4966482421875,0.49628046875,0.4989875,0.49982421875,0.4998576171875,0.4992248046875,0.4993875,0.499996875,0.4999998046875,0.4946826171875,0.4994091796875,0.4854435546875,0.4958935546875,0.49990546875,0.4963341796875,0.4998966796875,0.4988419921875,0.474121875,0.4994513671875,0.49669921875,0.498621875,0.49395,0.4983826171875,0.496996875,0.49993671875,0.499746875,0.49669921875,0.4862841796875,0.4872,0.4993201171875,0.4975935546875,0.49995,0.499921875,0.4999138671875,0.4991232421875,0.496596875,0.498346875,0.49986796875,0.4987185546875,0.49780546875,0.4972341796875,0.471796875,0.4977638671875,0.49982421875,0.4796232421875,0.4989013671875,0.4993875,0.4982,0.4913044921875,0.49934296875,0.49812421875,0.49595,0.4999875,0.4996716796875,0.4998357421875,0.49812421875,0.48875,0.4996716796875,0.4970451171875,0.4966482421875,0.4811091796875,0.4957794921875,0.4928,0.49728046875,0.4965451171875,0.4969482421875,0.49943046875,0.49934296875,0.49689921875,0.4996716796875,0.49381171875,0.4786013671875,0.49914921875,0.4996716796875,0.5,0.49995,0.4977638671875,0.4998,0.4948107421875,0.4991748046875,0.49780546875,0.4990154296875,0.4954875,0.499296875,0.4999875,0.4974169921875,0.49934296875,0.4989013671875,0.49875,0.4982373046875,0.4998875,0.49914921875,0.4991232421875,0.4999669921875,0.4960060546875,0.4928748046875,0.4976794921875,0.499996875,0.49965546875,0.4902873046875,0.49855546875,0.4937419921875,0.49965546875,0.4962263671875,0.4992732421875,0.4997607421875,0.4997873046875,0.481471875,0.499746875,0.4997029296875,0.48311796875,0.4994919921875,0.495,0.4997607421875,0.4999951171875,0.4933875,0.4990154296875,0.4996875,0.48576171875,0.4880841796875,0.4983107421875,0.4986544921875,0.49812421875,0.4933154296875,0.4872998046875,0.4999435546875,0.49986796875,0.4963875,0.4748279296875,0.499921875,0.4993875,0.499921875,0.491871875,0.4948107421875,0.49998046875,0.4876951171875,0.4930232421875,0.498871875,0.4996044921875,0.4963875,0.4996716796875,0.4958935546875,0.4998875,0.4979279296875,0.49993671875,0.4998779296875,0.4996875,0.489846875,0.4843576171875,0.4993201171875,0.4978466796875,0.4862841796875,0.4986544921875,0.49812421875,0.49924921875,0.4818310546875,0.49965546875,0.4954875,0.4999435546875,0.49827421875,0.49875,0.4895779296875,0.4994091796875,0.49881171875,0.49709296875,0.4998576171875,0.4995310546875,0.499996875,0.4913044921875,0.4989875,0.4987810546875,0.4993201171875,0.4999875,0.4985888671875,0.49728046875,0.48490546875,0.4971875,0.4996044921875,0.49709296875,0.4982373046875,0.4998357421875,0.4902873046875,0.4999875,0.4999560546875,0.49993671875,0.5,0.4994513671875,0.4994091796875,0.4988419921875,0.4998123046875,0.4719451171875,0.4890294921875,0.4980076171875,0.498046875,0.4894875,0.49381171875,0.4998576171875,0.49924921875,0.4876951171875,0.49002421875,0.4985216796875,0.4996875,0.49560546875,0.498346875,0.4998875,0.4992732421875,0.4996716796875,0.4901123046875,0.4986544921875,0.4999669921875,0.49904296875,0.4998357421875,0.4977638671875,0.49986796875,0.4997607421875,0.4994919921875,0.49943046875,0.492496875,0.49728046875,0.498046875,0.499921875,0.4998,0.49203046875,0.4911388671875,0.4998779296875,0.499296875,0.49381171875,0.4983826171875,0.4968,0.4999982421875,0.49999921875,0.4964404296875,0.49999921875,0.4992732421875,0.4980076171875,0.4960060546875,0.4977638671875,0.49408671875,0.49995
0.4982373046875,0.4818310546875,0.4984529296875,0.4989591796875,0.47661796875,0.49855546875,0.49986796875,0.4990154296875,0.498621875,0.497371875,0.48533671875,0.49002421875,0.4968,0.4998576171875,0.495721875,0.4878904296875,0.4998123046875,0.49264921875,0.4940185546875,0.49904296875,0.499746875,0.496596875,0.4980857421875,0.4998,0.4994091796875,0.43875,0.4988419921875,0.4994919921875,0.49958671875,0.480496875,0.49955,0.4999951171875,0.4789875,0.4996875,0.4999982421875,0.4951857421875,0.4999998046875,0.497371875,0.48930546875,0.493671875,0.49435546875,0.4880841796875,0.49487421875,0.46355,0.49958671875,0.4803732421875,0.4993875,0.49998046875,0.49841796875,0.498046875,0.4999138671875,0.4999138671875,0.49487421875,0.4994513671875,0.49998046875,0.4992,0.4968498046875,0.4980857421875,0.4908875,0.4978466796875,0.4993654296875,0.4992248046875,0.497371875,0.49841796875,0.495721875,0.4998576171875,0.4982,0.4954279296875,0.491221875,0.499996875,0.4979279296875,0.49746171875,0.4924201171875,0.4993875,0.496596875,0.488371875,0.498871875,0.4997029296875,0.486796875,0.4933154296875,0.49881171875,0.49977421875,0.4986544921875,0.4856560546875,0.4963341796875,0.4998123046875,0.49924921875,0.49999921875,0.48875,0.4998875,0.4992248046875,0.4909716796875,0.4994513671875,0.4979279296875,0.4967498046875,0.493671875,0.499996875,0.4941544921875,0.4825388671875,0.499296875,0.4768875,0.4998966796875,0.49990546875,0.499746875,0.4994513671875,0.48311796875,0.4928,0.498621875,0.4975935546875,0.49002421875,0.4793701171875,0.4978875,0.4874982421875,0.4991232421875,0.4945529296875,0.4998576171875,0.49977421875,0.49971796875,0.4933875,0.499921875,0.4993654296875,0.49881171875,0.493671875,0.49512421875,0.4955466796875,0.4985888671875,0.498346875,0.4976794921875,0.496596875,0.4999951171875,0.4940185546875,0.4983107421875,0.49728046875,0.4931701171875,0.4972341796875,0.499996875,0.4958935546875,0.49998046875,0.49965546875,0.49755,0.494746875,0.4953076171875,0.4998576171875,0.4999138671875,0.4930232421875,0.4997029296875,0.4954875,0.4998966796875,0.4999998046875,0.49728046875,0.4933875,0.4954875,0.4928,0.4984875,0.498346875,0.4980857421875,0.4951857421875,0.493096875,0.4892138671875,0.49746171875,0.4988419921875,0.49868671875,0.49875,0.4942888671875,0.4986544921875,0.49986796875,0.499846875,0.499971875,0.499971875,0.4989875,0.49904296875,0.49958671875,0.49893046875,0.49914921875,0.4963875,0.4999294921875,0.495721875,0.4990154296875,0.4978875,0.4789875,0.4999435546875,0.49995,0.494746875,0.4994919921875,0.49955,0.499746875,0.4994513671875,0.495721875,0.4997873046875,0.49868671875,0.4993654296875,0.499746875,0.49875,0.49982421875,0.4997326171875,0.49780546875,0.499471875,0.49746171875,0.4942888671875,0.4988419921875,0.4972341796875,0.4979279296875,0.4852294921875,0.4993201171875,0.4999138671875,0.4968,0.4995310546875,0.4962263671875,0.4992,0.4908029296875,0.49893046875,0.4827716796875,0.48195,0.4954279296875,0.4968498046875,0.49951171875,0.49669921875,0.49965546875,0.498621875,0.4938810546875,0.4992732421875,0.4974169921875,0.49958671875,0.4990154296875,0.4983107421875,0.4967498046875,0.4978466796875,0.4997029296875,0.4975935546875,0.499096875,0.49827421875,0.49868671875,0.4845779296875,0.4648875,0.4985216796875,0.4936013671875,0.4999294921875,0.49649296875,0.4956638671875,0.4868982421875,0.49893046875,0.48618046875,0.49037421875,0.476346875,0.4999841796875,0.4713498046875,0.4961169921875,0.49998046875,0.4982373046875,0.4982373046875,0.4999904296875,0.49353046875,0.4948107421875,0.4884669921875,0.49595,0.49993671875,0.4897576171875,0.4876951171875,0.4876951171875,0.4878904296875,0.495246875,0.4969482421875,0.4989013671875,0.49812421875,0.498621875,0.49628046875,0.4996044921875,0.499971875,0.4987810546875,0.496996875,0.49982421875,0.4996388671875,0.49606171875,0.4908029296875,0.498046875,0.4908029296875,0.4942888671875,0.4980857421875,0.4884669921875,0.49995,0.4997029296875,0.4937419921875,0.49841796875,0.4999982421875,0.49977421875,0.4958935546875,0.4971404296875,0.498346875,0.4944875,0.49746171875,0.4995310546875,0.4986544921875,0.49780546875,0.499921875,0.4993654296875,0.4999841796875,0.49812421875,0.49628046875,0.4986544921875,0.4951857421875,0.498346875,0.4993875,0.4990701171875,0.4992248046875,0.4991748046875,0.49855546875,0.4999138671875,0.4993201171875,0.4969482421875,0.499921875,0.49728046875,0.494746875,0.49977421875,0.499296875,0.498621875,0.4998576171875,0.49977421875,0.4933154296875,0.4974169921875,0.499921875,0.49990546875,0.4972341796875,0.4992248046875,0.48893671875,0.4989591796875,0.49461796875,0.492496875,0.49995,0.4982373046875,0.4985888671875,0.496171875,0.498871875,0.4998576171875,0.49868671875,0.49934296875,0.49855546875,0.4933154296875,0.49435546875,0.4944875,0.4922654296875,0.4996388671875,0.4999138671875,0.4997029296875,0.49977421875,0.499921875,0.49353046875,0.49728046875,0.4946826171875,0.4958935546875,0.5,0.4957794921875,0.49982421875,0.4983107421875,0.49971796875,0.499846875,0.4985216796875,0.4996875,0.4699875,0.4996716796875,0.496171875,0.4999841796875,0.49868671875,0.4933154296875,0.4957794921875,0.4999138671875,0.4968498046875,0.4976794921875,0.499746875,0.4996388671875,0.4980076171875,0.5,0.496171875,0.4996388671875,0.48930546875,0.4976794921875,0.48818046875,0.4950623046875,0.4928,0.4998,0.4938810546875,0.49595,0.49999921875,0.49958671875,0.49755,0.48357421875,0.4970451171875,0.493671875,0.499746875,0.4999998046875,0.49841796875,0.49763671875,0.49958671875,0.499621875,0.4997326171875,0.4820685546875,0.49998046875,0.4993201171875,0.499746875,0.49595,0.4996388671875,0.4999982421875,0.4967498046875,0.4992732421875,0.4976794921875,0.49171171875,0.4995310546875,0.4839123046875,0.4936013671875,0.49796796875,0.49628046875,0.4893966796875,0.4969482421875,0.4998966796875,0.49914921875,0.49606171875,0.4957794921875,0.4998,0.49171171875,0.4970451171875,0.4982,0.4982373046875,0.49990546875,0.486796875,0.4999904296875,0.4922654296875,0.4981623046875,0.4866951171875,0.4909716796875,0.493671875,0.4989013671875,0.4996875,0.49709296875,0.4991232421875,0.4951857421875,0.4884669921875,0.4866951171875,0.4996044921875,0.4954875,0.48739921875,0.5,0.4995685546875,0.499746875,0.4927248046875,0.49709296875,0.49583671875,0.4980076171875,0.4983826171875,0.4991748046875,0.49977421875,0.4982373046875,0.49827421875,0.4993201171875,0.4996388671875,0.4970451171875,0.4999904296875,0.4999763671875,0.4928748046875,0.4990701171875,0.4980076171875,0.4937419921875,0.49996171875,0.49881171875,0.496996875,0.4955466796875,0.4972341796875,0.495,0.4988419921875,0.49996171875,0.49986796875,0.4995310546875,0.488371875,0.4955466796875,0.4913044921875,0.49649296875,0.49993671875,0.487596875,0.4962263671875,0.4954875,0.4980076171875,0.498346875,0.497721875,0.49855546875,0.4858669921875,0.4993654296875,0.4955466796875,0.498046875,0.4988419921875,0.4999951171875,0.491871875,0.49669921875,0.499971875,0.49977421875,0.4904607421875,0.4999560546875,0.4901123046875,0.4999669921875,0.4966482421875,0.4988419921875,0.4913044921875,0.49982421875,0.497371875,0.4927248046875,0.4917919921875,0.49841796875,0.4998123046875,0.4983826171875,0.4909716796875,0.4997326171875,0.4999982421875,0.497721875,0.4981623046875,0.48311796875,0.4991748046875,0.4934591796875,0.49855546875,0.4957794921875,0.499996875,0.496171875,0.49993671875,0.4992248046875,0.4978875,0.4987185546875,0.4948107421875,0.49746171875,0.4968,0.48739921875,0.4983826171875,0.4950623046875,0.49855546875,0.4994919921875,0.49649296875,0.4999841796875,0.4989013671875,0.4980076171875,0.48779296875,0.49763671875,0.48779296875,0.495721875,0.49943046875,0.493671875,0.49996171875,0.49993671875,0.4958935546875,0.490546875,0.4921875,0.4864904296875,0.4999904296875,0.488371875,0.4970451171875,0.4954279296875,0.4921091796875,0.4998966796875,0.4945529296875,0.4969482421875,0.48576171875,0.4955466796875,0.4999294921875,0.499296875,0.499746875,0.4993875,0.491871875,0.4983107421875,0.49264921875,0.499846875,0.49990546875,0.4970451171875,0.49924921875,0.4999951171875,0.495721875,0.4989875,0.4993654296875,0.4960060546875,0.49982421875,0.4962263671875,0.4909716796875,0.4982373046875,0.4997607421875,0.4922654296875,0.492496875,0.49875,0.499971875,0.4950623046875,0.4995685546875,0.4985888671875,0.49999296875,0.4999669921875,0.49395,0.4996875,0.496171875,0.49875,0.496171875,0.49996171875,0.49996171875,0.49728046875,0.4984875,0.4563029296875,0.4954875,0.4957794921875,0.49435546875,0.4980857421875,0.49649296875,0.4963341796875,0.4999560546875,0.499971875,0.4956638671875,0.4975060546875,0.4986544921875,0.4999294921875,0.49881171875,0.4997029296875,0.491871875,0.49951171875,0.49990546875,0.499296875,0.4982373046875,0.4975935546875,0.49955,0.49893046875,0.4996044921875,0.49993671875,0.4938810546875,0.49728046875,0.495246875,0.499296875,0.4936013671875,0.4998123046875,0.4901123046875,0.4828875,0.4994091796875,0.4901123046875,0.49560546875,0.498346875,0.49855546875,0.4999841796875,0.4999669921875,0.4992248046875,0.499621875,0.48818046875,0.49002421875,0.4983826171875,0.4999294921875,0.4968498046875,0.4998966796875,0.4928748046875,0.49893046875,0.49536796875,0.4964404296875,0.4908029296875,0.491871875,0.4983107421875,0.49746171875,0.49689921875,0.4982,0.4987810546875,0.49998046875,0.4987185546875,0.49755,0.4998966796875,0.4977638671875,0.4983826171875,0.4980076171875,0.4969482421875,0.4994091796875,0.499296875,0.4964404296875,0.4919513671875,0.49827421875,0.4864904296875,0.4925732421875,0.499971875,0.4981623046875,0.498346875,0.4963875,0.4997873046875,0.49855546875,0.49881171875,0.4992732421875,0.49763671875,0.4993201171875,0.499096875,0.49924921875,0.49986796875,0.49990546875,0.49381171875,0.471796875,0.4901123046875,0.4963341796875,0.4979279296875,0.495246875,0.4993201171875,0.499096875,0.499621875,0.49914921875,0.480496875,0.49995,0.4921875,0.4968,0.495,0.499621875,0.49841796875,0.4989013671875,0.4976794921875,0.49583671875,0.49995,0.4938810546875,0.4996388671875,0.4996716796875,0.49408671875,0.4966482421875,0.484246875,0.49324296875,0.4982,0.4902873046875,0.4995310546875,0.4964404296875,0.4913044921875,0.4973263671875,0.49943046875,0.49924921875,0.499296875,0.4994513671875,0.49649296875,0.4990154296875,0.4999982421875,0.4992,0.49986796875,0.49990546875,0.4963341796875,0.4914685546875,0.4919513671875,0.4974169921875,0.4990701171875,0.489121875,0.4902873046875,0.4962263671875,0.49827421875,0.49408671875,0.49982421875,0.49780546875,0.49155,0.49977421875,0.4854435546875,0.4999138671875,0.4911388671875,0.48402421875,0.4971875,0.49796796875,0.4944875,0.4999841796875,0.4999841796875,0.4834607421875,0.4997029296875,0.4897576171875,0.4999875,0.4998875,0.4999998046875,0.49977421875,0.4919513671875,0.4994513671875,0.4846875,0.4970451171875,0.4984529296875,0.4954279296875,0.4984875,0.4993201171875,0.499996875,0.49958671875,0.4999904296875,0.4999951171875,0.4999982421875,0.498046875,0.49914921875,0.48311796875,0.4975935546875,0.49924921875,0.4978466796875,0.49998046875,0.4982373046875,0.4783419921875,0.4985888671875,0.4971875,0.4978875,0.495,0.4978466796875,0.4970451171875,0.4999435546875,0.499621875,0.4963341796875,0.4888435546875,0.485121875,0.4989591796875,0.4975935546875,0.49995,0.4999875,0.4998966796875,0.4989013671875,0.4955466796875,0.4972341796875,0.4997607421875,0.4976794921875,0.4977638671875,0.4954875,0.46968046875,0.49841796875,0.49998046875,0.4832326171875,0.4983826171875,0.49904296875,0.499471875,0.4892138671875,0.49841796875,0.49827421875,0.49324296875,0.499921875,0.49958671875,0.4998875,0.4957794921875,0.4868982421875,0.4999294921875,0.49689921875,0.4948107421875,0.484246875,0.4955466796875,0.4951857421875,0.4968498046875,0.4968,0.49595,0.4988419921875,0.49893046875,0.4968,0.4999435546875,0.492496875,0.4764826171875,0.4999669921875,0.49943046875,0.4999875,0.4997873046875,0.4998576171875,0.4995310546875,0.4973263671875,0.4998123046875,0.4980857421875,0.498046875,0.4969482421875,0.4999875,0.4998576171875,0.4984529296875,0.499296875,0.49709296875,0.49914921875,0.4968498046875,0.4998,0.4985216796875,0.4993875,0.4998357421875,0.496596875,0.4906326171875,0.4989875,0.4999998046875,0.49904296875,0.4899357421875,0.4989591796875,0.4949373046875,0.4999294921875,0.4970451171875,0.499096875,0.49971796875,0.4998,0.4813513671875,0.49955,0.4999951171875,0.4847966796875,0.49951171875,0.4962263671875,0.49999921875,0.4999669921875,0.49487421875,0.49812421875,0.4993654296875,0.487596875,0.4879875,0.49689921875,0.4963875,0.49868671875,0.49353046875,0.489121875,0.4999294921875,0.49999921875,0.4961169921875,0.4762107421875,0.4998966796875,0.4998875,0.499996875,0.4893966796875,0.4944216796875,0.49993671875,0.4876951171875,0.49461796875,0.4992,0.4993201171875,0.4937419921875,0.499471875,0.4973263671875,0.4992248046875,0.4977638671875,0.4998,0.4992,0.49855546875,0.4934591796875,0.4843576171875,0.4993201171875,0.498046875,0.48,0.499096875,0.4972341796875,0.4986544921875,0.484246875,0.49986796875,0.495,0.499746875,0.4980076171875,0.49812421875,0.4845779296875,0.4988419921875,0.4989591796875,0.49763671875,0.4999904296875,0.4997029296875,0.4999998046875,0.4938810546875,0.498621875,0.497721875,0.4998966796875,0.4985216796875,0.4988419921875,0.4978466796875,0.4872998046875,0.49796796875,0.4990701171875,0.49628046875,0.49709296875,0.4997326171875,0.4945529296875,0.49881171875,0.4998966796875,0.4999998046875,0.4998,0.49965546875,0.49955,0.49841796875,0.4996875,0.4767529296875,0.4892138671875,0.49689921875,0.4962263671875,0.4897576171875,0.4928,0.49995,0.49965546875,0.4914685546875,0.4894875,0.4991748046875,0.4999875,0.49689921875,0.4974169921875,0.499921875,0.4997029296875,0.49951171875,0.4888435546875,0.4998123046875,0.4999294921875,0.497721875,0.4999138671875,0.4989013671875,0.49986796875,0.49965546875,0.4997326171875,0.499096875,0.4880841796875,0.4987810546875,0.4987810546875,0.49999921875,0.4999560546875,0.49461796875,0.493096875,0.4992,0.49924921875,0.4933154296875,0.49780546875,0.4983826171875,0.499621875,0.5,0.49796796875,0.4998779296875,0.49955,0.495,0.4966482421875,0.4972341796875,0.4934591796875,0.49943046875
0.498046875,0.4823044921875,0.4987185546875,0.49943046875,0.4862841796875,0.49943046875,0.49934296875,0.4998875,0.4994091796875,0.496996875,0.48265546875,0.4908875,0.4986544921875,0.4994091796875,0.4945529296875,0.49002421875,0.4997326171875,0.4972341796875,0.4968,0.4992732421875,0.4987185546875,0.4954279296875,0.4980857421875,0.49943046875,0.4998,0.4308544921875,0.49893046875,0.4998,0.49958671875,0.4796232421875,0.4995310546875,0.4999138671875,0.4796232421875,0.4984875,0.499921875,0.4938810546875,0.4988419921875,0.4976794921875,0.4913044921875,0.4954279296875,0.4922654296875,0.49105546875,0.495721875,0.4682794921875,0.4998123046875,0.4722404296875,0.49855546875,0.4999982421875,0.4954279296875,0.4961169921875,0.499846875,0.4999763671875,0.495721875,0.4999669921875,0.49893046875,0.49934296875,0.4963341796875,0.49746171875,0.4904607421875,0.498621875,0.499746875,0.4991232421875,0.4984529296875,0.49875,0.495721875,0.49999921875,0.4972341796875,0.4941544921875,0.4880841796875,0.49965546875,0.497721875,0.49606171875,0.4924201171875,0.4992732421875,0.4963341796875,0.48618046875,0.4958935546875,0.49951171875,0.4852294921875,0.49294921875,0.4992732421875,0.49999296875,0.4973263671875,0.4846875,0.49408671875,0.4999294921875,0.499471875,0.49999296875,0.4908875,0.4998875,0.49709296875,0.4866951171875,0.49812421875,0.49709296875,0.4978466796875,0.49395,0.499971875,0.49435546875,0.4811091796875,0.4993875,0.479496875,0.499971875,0.4994919921875,0.4999841796875,0.4997607421875,0.4886560546875,0.49234296875,0.49868671875,0.49606171875,0.48659296875,0.47795,0.4985888671875,0.482421875,0.4996388671875,0.4922654296875,0.4997607421875,0.49982421875,0.49971796875,0.49294921875,0.49986796875,0.4993654296875,0.49904296875,0.4922654296875,0.49595,0.49138671875,0.4990701171875,0.4988419921875,0.495,0.49755,0.49998046875,0.4949373046875,0.4985888671875,0.49583671875,0.4957794921875,0.4964404296875,0.49995,0.4940185546875,0.49993671875,0.49990546875,0.4989013671875,0.49461796875,0.4902873046875,0.4986544921875,0.49990546875,0.49071796875,0.49971796875,0.4902,0.4999904296875,0.49977421875,0.494221875,0.4911388671875,0.4933875,0.4868982421875,0.4998,0.4987185546875,0.49763671875,0.495246875,0.4917919921875,0.49002421875,0.497371875,0.4996388671875,0.49875,0.4978875,0.49408671875,0.4994513671875,0.4997607421875,0.4995685546875,0.4999982421875,0.4998,0.49924921875,0.497721875,0.4989875,0.4991232421875,0.4996044921875,0.4962263671875,0.499296875,0.4960060546875,0.49958671875,0.4982,0.47496796875,0.4999560546875,0.499621875,0.49234296875,0.49995,0.499296875,0.499296875,0.4988419921875,0.4945529296875,0.4999138671875,0.49841796875,0.499921875,0.4996044921875,0.49812421875,0.49999296875,0.49958671875,0.4993654296875,0.4995685546875,0.497371875,0.4930232421875,0.4982373046875,0.49628046875,0.495721875,0.4860763671875,0.4994513671875,0.4999982421875,0.4967498046875,0.4987185546875,0.4954875,0.49986796875,0.4931701171875,0.49855546875,0.4825388671875,0.4762107421875,0.496996875,0.4964404296875,0.4994919921875,0.495,0.49982421875,0.49943046875,0.4955466796875,0.499096875,0.4985216796875,0.49995,0.4987810546875,0.4980076171875,0.49669921875,0.4968,0.499846875,0.4949373046875,0.49977421875,0.4988419921875,0.4990701171875,0.4874982421875,0.4689060546875,0.4985888671875,0.4948107421875,0.4991748046875,0.4963341796875,0.49606171875,0.488371875,0.4980076171875,0.48446796875,0.49606171875,0.4789875,0.4999669921875,0.4725341796875,0.49669921875,0.499921875,0.4978875,0.4978466796875,0.4997873046875,0.49408671875,0.4919513671875,0.4868982421875,0.49536796875,0.499921875,0.4911388671875,0.4868982421875,0.4846875,0.4856560546875,0.4967498046875,0.4954279296875,0.499846875,0.4978875,0.49827421875,0.49746171875,0.4987810546875,0.49998046875,0.49868671875,0.49893046875,0.499621875,0.49934296875,0.4949373046875,0.49203046875,0.49746171875,0.4860763671875,0.4968,0.4989875,0.4886560546875,0.49977421875,0.4995310546875,0.4954279296875,0.49881171875,0.4996875,0.4996875,0.49512421875,0.49943046875,0.4980857421875,0.4911388671875,0.49381171875,0.4999951171875,0.4978875,0.4986544921875,0.499996875,0.4991232421875,0.4999669921875,0.4985888671875,0.4977638671875,0.49827421875,0.49875,0.49893046875,0.4999875,0.4992,0.49955,0.4999138671875,0.4984529296875,0.499921875,0.4974169921875,0.4992,0.499971875,0.495,0.4933154296875,0.4999904296875,0.499846875,0.4992732421875,0.4999982421875,0.4997326171875,0.49234296875,0.4975935546875,0.4997029296875,0.4998875,0.4972341796875,0.4984529296875,0.49002421875,0.4982373046875,0.4937419921875,0.4878904296875,0.49986796875,0.49746171875,0.49827421875,0.4951857421875,0.4993201171875,0.4997326171875,0.499471875,0.49999921875,0.4994513671875,0.493096875,0.4968,0.49709296875,0.4914685546875,0.4999951171875,0.4999138671875,0.499996875,0.4998123046875,0.49999921875,0.4921091796875,0.4985888671875,0.4940185546875,0.49595,0.49986796875,0.4992248046875,0.4999904296875,0.498046875,0.4998576171875,0.4996875,0.4985888671875,0.49971796875,0.4698341796875,0.49951171875,0.497721875,0.4999998046875,0.4993201171875,0.49395,0.49155,0.49986796875,0.4976794921875,0.4992248046875,0.4998357421875,0.4998875,0.4986544921875,0.4998966796875,0.49669921875,0.4998576171875,0.48818046875,0.4974169921875,0.4899357421875,0.4931701171875,0.494746875,0.4996388671875,0.4941544921875,0.49780546875,0.499921875,0.4998357421875,0.4986544921875,0.48818046875,0.49649296875,0.4930232421875,0.4998357421875,0.49996171875,0.49904296875,0.4975060546875,0.4996875,0.4999875,0.4998357421875,0.48402421875,0.49999921875,0.4980857421875,0.49998046875,0.4971404296875,0.4998357421875,0.4999841796875,0.4962263671875,0.49746171875,0.49812421875,0.49203046875,0.49943046875,0.48311796875,0.496171875,0.4974169921875,0.49606171875,0.4878904296875,0.4968498046875,0.499746875,0.4996044921875,0.4971404296875,0.4940185546875,0.499471875,0.49071796875,0.4969482421875,0.49943046875,0.4963341796875,0.4997326171875,0.4872998046875,0.4999841796875,0.4921875,0.4983107421875,0.4870998046875,0.4933154296875,0.49649296875,0.4998,0.49934296875,0.4983826171875,0.4979279296875,0.4965451171875,0.4870998046875,0.4888435546875,0.4994513671875,0.4960060546875,0.484246875,0.4998779296875,0.499846875,0.4995685546875,0.4940185546875,0.49487421875,0.49649296875,0.4974169921875,0.498871875,0.49841796875,0.4998966796875,0.4981623046875,0.4968,0.49971796875,0.49971796875,0.4986544921875,0.4997873046875,0.499996875,0.49381171875,0.4979279296875,0.4988419921875,0.49435546875,0.4989591796875,0.4999560546875,0.49689921875,0.4965451171875,0.4968498046875,0.497721875,0.4981623046875,0.49977421875,0.4993654296875,0.4999904296875,0.4890294921875,0.4924201171875,0.4911388671875,0.4971404296875,0.4999875,0.49203046875,0.49649296875,0.49628046875,0.4981623046875,0.4989591796875,0.498621875,0.4966482421875,0.48446796875,0.4985888671875,0.49628046875,0.4976794921875,0.4985888671875,0.4999998046875,0.4902,0.497371875,0.49998046875,0.499096875,0.4949373046875,0.5,0.48779296875,0.4991748046875,0.49855546875,0.49893046875,0.4895779296875,0.49982421875,0.4976794921875,0.4917919921875,0.4902873046875,0.4971875,0.4989591796875,0.4992248046875,0.4866951171875,0.499846875,0.49977421875,0.4986544921875,0.49951171875,0.4791154296875,0.499296875,0.4921091796875,0.49746171875,0.496996875,0.499996875,0.4975935546875,0.4999875,0.49958671875,0.49868671875,0.49934296875,0.4953076171875,0.4990701171875,0.496171875,0.4890294921875,0.49881171875,0.4902,0.4988419921875,0.4991232421875,0.49755,0.499996875,0.499621875,0.4992732421875,0.4878904296875,0.49560546875,0.4888435546875,0.49649296875,0.4985888671875,0.4934591796875,0.499996875,0.4997873046875,0.49628046875,0.4946826171875,0.49264921875,0.4836873046875,0.4999951171875,0.4911388671875,0.4976794921875,0.4945529296875,0.4902,0.4999138671875,0.49408671875,0.49408671875,0.48533671875,0.49560546875,0.4999904296875,0.4998779296875,0.49796796875,0.4993875,0.4902873046875,0.49875,0.49487421875,0.49965546875,0.4999904296875,0.49812421875,0.4994513671875,0.49999921875,0.495246875,0.498871875,0.49904296875,0.4967498046875,0.4993875,0.4957794921875,0.4931701171875,0.4978875,0.4992248046875,0.4908875,0.49105546875,0.4986544921875,0.49995,0.4938810546875,0.49955,0.49827421875,0.49999296875,0.49977421875,0.4927248046875,0.4993201171875,0.4971404296875,0.4963341796875,0.4955466796875,0.4999951171875,0.4999435546875,0.4963341796875,0.4990701171875,0.4640544921875,0.49780546875,0.4973263671875,0.4930232421875,0.49628046875,0.49780546875,0.498346875,0.49993671875,0.4997607421875,0.496996875,0.4970451171875,0.4996875,0.49995,0.49855546875,0.499621875,0.491871875,0.4993875,0.49971796875,0.4998576171875,0.4982,0.498871875,0.49958671875,0.49855546875,0.49986796875,0.4996388671875,0.4944216796875,0.4968,0.49461796875,0.4984875,0.4954279296875,0.4996875,0.4868982421875,0.482421875,0.4988419921875,0.48490546875,0.4941544921875,0.4971404296875,0.4998779296875,0.4999669921875,0.49999296875,0.4999435546875,0.49996171875,0.489121875,0.4892138671875,0.49875,0.499921875,0.4978466796875,0.4998779296875,0.493671875,0.4974169921875,0.49583671875,0.49536796875,0.494221875,0.49435546875,0.4992,0.49827421875,0.496596875,0.4986544921875,0.4982373046875,0.4999435546875,0.4996044921875,0.4993654296875,0.4997873046875,0.49780546875,0.4968498046875,0.496996875,0.4975935546875,0.4993201171875,0.499096875,0.496171875,0.49002421875,0.4987185546875,0.48930546875,0.4911388671875,0.499921875,0.49755,0.4989013671875,0.4953076171875,0.49995,0.49796796875,0.4982,0.4969482421875,0.4963875,0.4998123046875,0.4990154296875,0.49995,0.4997326171875,0.49971796875,0.49689921875,0.4746875,0.495,0.49560546875,0.4976794921875,0.4916310546875,0.4975060546875,0.4975060546875,0.4999435546875,0.499746875,0.4775544921875,0.499846875,0.4928748046875,0.4975060546875,0.49649296875,0.4991748046875,0.49924921875,0.4994513671875,0.4973263671875,0.49595,0.4999998046875,0.49234296875,0.49999296875,0.4998966796875,0.4904607421875,0.4989591796875,0.48357421875,0.4922654296875,0.4989875,0.4886560546875,0.49998046875,0.49037421875,0.48739921875,0.49669921875,0.498871875,0.4996044921875,0.4993654296875,0.4994513671875,0.496171875,0.4992,0.499921875,0.499096875,0.4998123046875,0.4991748046875,0.4931701171875,0.4916310546875,0.491221875,0.49669921875,0.49827421875,0.48818046875,0.4909716796875,0.4973263671875,0.4984529296875,0.49512421875,0.4996388671875,0.49796796875,0.4902873046875,0.4999763671875,0.48779296875,0.4994091796875,0.49353046875,0.48357421875,0.4969482421875,0.4987185546875,0.4967498046875,0.499971875,0.4999998046875,0.4832326171875,0.49955,0.49203046875,0.49998046875,0.4998,0.49999921875,0.4999560546875,0.49171171875,0.4994919921875,0.48618046875,0.49628046875,0.49841796875,0.49408671875,0.4998875,0.499096875,0.4998966796875,0.499096875,0.4998123046875,0.4999294921875,0.4998875,0.4966482421875,0.4996044921875,0.48171171875,0.4965451171875,0.4999669921875,0.49728046875,0.49996171875,0.4983826171875,0.4758,0.49951171875,0.4982373046875,0.4981623046875,0.4957794921875,0.4963341796875,0.49755,0.49914921875,0.4997873046875,0.4951857421875,0.489121875,0.4839123046875,0.4991748046875,0.4975060546875,0.499746875,0.4998875,0.4999560546875,0.49868671875,0.4962263671875,0.496996875,0.4991748046875,0.49914921875,0.49560546875,0.4972341796875,0.4662,0.49881171875,0.4999998046875,0.48618046875,0.49914921875,0.4994919921875,0.49999921875,0.4894875,0.4993654296875,0.4946826171875,0.4924201171875,0.4998875,0.49993671875,0.4997873046875,0.4963341796875,0.48779296875,0.4994091796875,0.4954279296875,0.49171171875,0.479496875,0.496596875,0.4946826171875,0.4956638671875,0.4928748046875,0.4981623046875,0.4986544921875,0.4988419921875,0.4978875,0.4999951171875,0.496171875,0.4770216796875,0.4998576171875,0.49993671875,0.49955,0.499846875,0.4997607421875,0.4998875,0.4954279296875,0.4998779296875,0.49746171875,0.4979279296875,0.4956638671875,0.4998966796875,0.4999138671875,0.4971404296875,0.4998,0.49868671875,0.4994091796875,0.496596875,0.4995685546875,0.497371875,0.4996044921875,0.4998875,0.4968498046875,0.4934591796875,0.499746875,0.4999875,0.4995685546875,0.4925732421875,0.497721875,0.49435546875,0.4996875,0.4987185546875,0.4995685546875,0.4998875,0.49995,0.4872,0.49875,0.49990546875,0.4832326171875,0.4999998046875,0.49583671875,0.4999904296875,0.4999294921875,0.4908875,0.4984529296875,0.4997029296875,0.49105546875,0.4830029296875,0.4971875,0.4970451171875,0.4989875,0.49138671875,0.4888435546875,0.499621875,0.4999998046875,0.4967498046875,0.47661796875,0.499971875,0.499746875,0.49998046875,0.49203046875,0.4922654296875,0.4998,0.48659296875,0.4908875,0.4983826171875,0.4999951171875,0.4945529296875,0.4989875,0.49780546875,0.4985216796875,0.4986544921875,0.4999763671875,0.49965546875,0.4994513671875,0.4904607421875,0.484246875,0.4988419921875,0.49875,0.48446796875,0.49924921875,0.49728046875,0.4990154296875,0.47821171875,0.49943046875,0.4938810546875,0.49999296875,0.4994091796875,0.498046875,0.4850138671875,0.498871875,0.4991748046875,0.4982373046875,0.499996875,0.4998966796875,0.4996388671875,0.4927248046875,0.4955466796875,0.49628046875,0.49955,0.4983826171875,0.499296875,0.49763671875,0.48576171875,0.496996875,0.4991232421875,0.494221875,0.496596875,0.49875,0.4954875,0.4994919921875,0.4998966796875,0.4999138671875,0.4996875,0.4989013671875,0.4983826171875,0.4989875,0.499746875,0.4759373046875,0.4933875,0.4977638671875,0.49487421875,0.485121875,0.4950623046875,0.4998966796875,0.49943046875,0.4902,0.4830029296875,0.4981623046875,0.4997607421875,0.4963875,0.4971875,0.4999763671875,0.499746875,0.4993201171875,0.4897576171875,0.4999982421875,0.49998046875,0.4984875,0.49955,0.498346875,0.49990546875,0.49934296875,0.4999138671875,0.4992732421875,0.4904607421875,0.4970451171875,0.499096875,0.4999560546875,0.4999904296875,0.492496875,0.4957794921875,0.4998,0.4996388671875,0.4902,0.49649296875,0.49649296875,0.4995310546875,0.4998966796875,0.49827421875,0.49986796875,0.4997607421875,0.498621875,0.4966482421875,0.4972341796875,0.4965451171875,0.49827421875
0.4983107421875,0.477421875,0.499846875,0.49958671875,0.48618046875,0.49951171875,0.4994919921875,0.4978875,0.4997607421875,0.4975935546875,0.480496875,0.4941544921875,0.4990154296875,0.49893046875,0.49536796875,0.4945529296875,0.4999904296875,0.49264921875,0.4969482421875,0.49812421875,0.4981623046875,0.4954279296875,0.4985888671875,0.49943046875,0.4997326171875,0.4336154296875,0.4960060546875,0.499621875,0.498871875,0.4827716796875,0.4989591796875,0.49943046875,0.4786013671875,0.4995310546875,0.49995,0.49512421875,0.4999435546875,0.498621875,0.4937419921875,0.4954875,0.495246875,0.4919513671875,0.4921091796875,0.471796875,0.4992,0.46716796875,0.4994919921875,0.4999669921875,0.494221875,0.495,0.4999763671875,0.49982421875,0.4969482421875,0.4999763671875,0.49943046875,0.49934296875,0.4966482421875,0.4980857421875,0.48966796875,0.49893046875,0.499971875,0.4998,0.4976794921875,0.4976794921875,0.4950623046875,0.4998779296875,0.4983107421875,0.4960060546875,0.48533671875,0.49971796875,0.4963875,0.49595,0.4931701171875,0.49893046875,0.493671875,0.4860763671875,0.496996875,0.49986796875,0.4843576171875,0.4940185546875,0.4987810546875,0.4998966796875,0.4976794921875,0.4879875,0.4928,0.4997326171875,0.499921875,0.4994513671875,0.4841357421875,0.4995310546875,0.4963341796875,0.49037421875,0.4989591796875,0.495721875,0.49728046875,0.4954875,0.4998123046875,0.494221875,0.48024921875,0.4997607421875,0.48074296875,0.499746875,0.499621875,0.4999138671875,0.4988419921875,0.4870998046875,0.4925732421875,0.4997873046875,0.4976794921875,0.48930546875,0.4788591796875,0.4986544921875,0.4838,0.49999296875,0.49171171875,0.5,0.499846875,0.4995310546875,0.4941544921875,0.4999669921875,0.4999875,0.4999951171875,0.4948107421875,0.4953076171875,0.49435546875,0.4994091796875,0.49689921875,0.49487421875,0.4949373046875,0.4999435546875,0.49796796875,0.496596875,0.4978466796875,0.4955466796875,0.4977638671875,0.4999763671875,0.4934591796875,0.4995685546875,0.4996875,0.4976794921875,0.49435546875,0.49264921875,0.4993654296875,0.4999951171875,0.4916310546875,0.49934296875,0.4901123046875,0.49999921875,0.49995,0.49353046875,0.4890294921875,0.49203046875,0.48739921875,0.4999875,0.4991232421875,0.496996875,0.49461796875,0.4908875,0.4921875,0.4977638671875,0.499621875,0.49875,0.49728046875,0.4936013671875,0.49796796875,0.4995310546875,0.4999904296875,0.4999982421875,0.4998,0.4995310546875,0.4968498046875,0.4987185546875,0.4994513671875,0.499096875,0.4964404296875,0.4988419921875,0.4946826171875,0.49914921875,0.498346875,0.48171171875,0.4999875,0.4997607421875,0.4937419921875,0.49977421875,0.4998576171875,0.4998875,0.4998966796875,0.4944875,0.4996875,0.49881171875,0.4997326171875,0.4977638671875,0.4994919921875,0.4998,0.4997326171875,0.4973263671875,0.4993654296875,0.4983107421875,0.4953076171875,0.499096875,0.49628046875,0.4966482421875,0.4832326171875,0.4997326171875,0.4999904296875,0.4986544921875,0.4996044921875,0.494746875,0.4999763671875,0.489121875,0.4997326171875,0.4798748046875,0.479496875,0.4970451171875,0.497371875,0.4978875,0.4963341796875,0.4996388671875,0.4983826171875,0.49649296875,0.49943046875,0.4981623046875,0.49977421875,0.49951171875,0.496996875,0.49536796875,0.4971875,0.49993671875,0.4968,0.4996044921875,0.49914921875,0.4985216796875,0.48490546875,0.47149921875,0.4983107421875,0.4958935546875,0.499746875,0.49512421875,0.4969482421875,0.483346875,0.49893046875,0.48966796875,0.4954875,0.48618046875,0.4999294921875,0.46780546875,0.49583671875,0.4996875,0.4988419921875,0.4966482421875,0.4993654296875,0.49353046875,0.49487421875,0.486796875,0.4954279296875,0.4992732421875,0.4874982421875,0.485121875,0.486796875,0.4863875,0.4975060546875,0.4944216796875,0.4988419921875,0.49796796875,0.4988419921875,0.49755,0.4999294921875,0.4999998046875,0.4985216796875,0.49763671875,0.49827421875,0.4990701171875,0.49512421875,0.49002421875,0.49728046875,0.48966796875,0.4954875,0.4985888671875,0.48818046875,0.49993671875,0.4987810546875,0.494221875,0.49796796875,0.4999841796875,0.4996716796875,0.49628046875,0.49841796875,0.4946826171875,0.492496875,0.49536796875,0.4995310546875,0.4991232421875,0.4996875,0.49999296875,0.499846875,0.4999951171875,0.4982,0.4956638671875,0.49943046875,0.4984529296875,0.49955,0.4999763671875,0.4989013671875,0.4994919921875,0.49914921875,0.4973263671875,0.4998779296875,0.4971875,0.4987810546875,0.49999296875,0.4927248046875,0.49037421875,0.49995,0.4996388671875,0.49669921875,0.4998357421875,0.49977421875,0.4936013671875,0.4961169921875,0.4998966796875,0.4999904296875,0.497371875,0.4967498046875,0.4922654296875,0.49728046875,0.493671875,0.4904607421875,0.49904296875,0.4986544921875,0.4987810546875,0.49827421875,0.4984529296875,0.49986796875,0.49986796875,0.4999875,0.4997326171875,0.4933154296875,0.4969482421875,0.49746171875,0.4906326171875,0.499996875,0.499996875,0.4998357421875,0.49999296875,0.4999982421875,0.4895779296875,0.4980857421875,0.4938810546875,0.4946826171875,0.4999435546875,0.4966482421875,0.4998123046875,0.498871875,0.4993875,0.499621875,0.499621875,0.4996716796875,0.4725341796875,0.4999875,0.49461796875,0.4999763671875,0.49971796875,0.4916310546875,0.4925732421875,0.49986796875,0.49958671875,0.4985888671875,0.49996171875,0.499746875,0.4987810546875,0.4998123046875,0.49763671875,0.4999294921875,0.48659296875,0.4975935546875,0.4880841796875,0.4950623046875,0.4955466796875,0.4999560546875,0.492496875,0.4946826171875,0.49998046875,0.4993875,0.4993201171875,0.4884669921875,0.4964404296875,0.4908875,0.4990154296875,0.499846875,0.49990546875,0.4957794921875,0.499096875,0.49904296875,0.49951171875,0.4845779296875,0.49958671875,0.4961169921875,0.499746875,0.4964404296875,0.49999921875,0.4999982421875,0.4980076171875,0.49827421875,0.49924921875,0.4901123046875,0.4997326171875,0.48171171875,0.4975935546875,0.4971875,0.4975060546875,0.4897576171875,0.49628046875,0.49995,0.4999669921875,0.49536796875,0.4960060546875,0.49995,0.49203046875,0.4968498046875,0.49958671875,0.496171875,0.49904296875,0.488371875,0.4999904296875,0.4913044921875,0.49855546875,0.4872,0.494221875,0.49728046875,0.4998123046875,0.49986796875,0.4989875,0.4992,0.498871875,0.4888435546875,0.4913044921875,0.4989875,0.4976794921875,0.4783419921875,0.499971875,0.4997326171875,0.4991748046875,0.49294921875,0.4950623046875,0.4969482421875,0.4979279296875,0.4986544921875,0.4984875,0.49986796875,0.49868671875,0.4966482421875,0.499921875,0.4998779296875,0.4982,0.4999998046875,0.4998576171875,0.4951857421875,0.4998,0.4988419921875,0.49294921875,0.4994091796875,0.49993671875,0.49628046875,0.49669921875,0.496171875,0.49649296875,0.4975935546875,0.49995,0.49904296875,0.49914921875,0.4890294921875,0.49105546875,0.4922654296875,0.49628046875,0.4999841796875,0.4917919921875,0.4942888671875,0.4954279296875,0.49881171875,0.4987185546875,0.49763671875,0.4984875,0.4862841796875,0.4983826171875,0.4972341796875,0.49709296875,0.49780546875,0.49996171875,0.4922654296875,0.4971875,0.4999875,0.4984529296875,0.49294921875,0.4999982421875,0.4823044921875,0.4994091796875,0.4994919921875,0.4998,0.4894875,0.4999435546875,0.49649296875,0.4901123046875,0.48930546875,0.498621875,0.49982421875,0.4976794921875,0.4856560546875,0.4999435546875,0.4992,0.4982373046875,0.4992,0.4723875,0.4995685546875,0.49408671875,0.4970451171875,0.4976794921875,0.49996171875,0.4966482421875,0.4999998046875,0.4998123046875,0.496996875,0.4985888671875,0.4963341796875,0.49914921875,0.4981623046875,0.48446796875,0.4974169921875,0.4917919921875,0.4992,0.49827421875,0.4922654296875,0.4999435546875,0.49958671875,0.49709296875,0.49002421875,0.4938810546875,0.4879875,0.4972341796875,0.4992,0.4944216796875,0.4994919921875,0.4992248046875,0.4954875,0.4933875,0.491221875,0.4902873046875,0.4998,0.4911388671875,0.4984875,0.4950623046875,0.4904607421875,0.4996875,0.4971875,0.49408671875,0.4876951171875,0.4972341796875,0.4999435546875,0.4996044921875,0.4991748046875,0.4983826171875,0.4934591796875,0.499746875,0.4957794921875,0.49868671875,0.4999669921875,0.4992248046875,0.49881171875,0.4998875,0.4960060546875,0.4993875,0.49996171875,0.4961169921875,0.499471875,0.4992,0.493671875,0.49755,0.4992732421875,0.4876951171875,0.4921875,0.4992248046875,0.4987185546875,0.4953076171875,0.4998357421875,0.49855546875,0.5,0.4999841796875,0.489121875,0.49914921875,0.4967498046875,0.49709296875,0.4934591796875,0.499296875,0.499846875,0.4949373046875,0.4990701171875,0.465546875,0.4960060546875,0.49709296875,0.493671875,0.4962263671875,0.4972341796875,0.4966482421875,0.49998046875,0.49993671875,0.4964404296875,0.4972341796875,0.49990546875,0.49951171875,0.4975060546875,0.4999669921875,0.49381171875,0.49841796875,0.49986796875,0.4999294921875,0.4968498046875,0.4987185546875,0.4981623046875,0.4985216796875,0.5,0.4991748046875,0.4936013671875,0.49669921875,0.4962263671875,0.4975060546875,0.49606171875,0.49999921875,0.492496875,0.48123046875,0.4985888671875,0.4888435546875,0.4925732421875,0.4983107421875,0.49990546875,0.49998046875,0.49999296875,0.4993875,0.4999951171875,0.4852294921875,0.48856171875,0.4991748046875,0.4998123046875,0.49796796875,0.4999138671875,0.493096875,0.49841796875,0.4966482421875,0.4954279296875,0.49560546875,0.49171171875,0.4992248046875,0.499096875,0.49294921875,0.4989875,0.4954279296875,0.4998966796875,0.49893046875,0.49855546875,0.4998966796875,0.4969482421875,0.49487421875,0.4982,0.49827421875,0.4998357421875,0.49934296875,0.4967498046875,0.4913044921875,0.4992248046875,0.4872,0.4933154296875,0.4999982421875,0.4954279296875,0.4992,0.4967498046875,0.49958671875,0.4969482421875,0.49881171875,0.49812421875,0.4969482421875,0.4999904296875,0.4976794921875,0.4998357421875,0.49982421875,0.49986796875,0.4972341796875,0.4746875,0.4927248046875,0.4973263671875,0.4970451171875,0.4936013671875,0.496596875,0.49796796875,0.499971875,0.499296875,0.48171171875,0.4999763671875,0.4954875,0.4986544921875,0.4946826171875,0.499471875,0.4985216796875,0.4997029296875,0.49796796875,0.496996875,0.4999294921875,0.4921091796875,0.4999875,0.499971875,0.49234296875,0.4977638671875,0.4811091796875,0.49155,0.4994513671875,0.49037421875,0.4999951171875,0.4927248046875,0.4933875,0.494746875,0.49914921875,0.49904296875,0.4994513671875,0.4997873046875,0.494746875,0.4993875,0.4999904296875,0.4998875,0.4990701171875,0.498621875,0.49264921875,0.49071796875,0.489846875,0.49755,0.4987810546875,0.49105546875,0.4876951171875,0.4969482421875,0.4977638671875,0.493096875,0.4996716796875,0.4961169921875,0.4850138671875,0.4998966796875,0.4843576171875,0.4993875,0.49606171875,0.4841357421875,0.49904296875,0.49780546875,0.4940185546875,0.4998779296875,0.4999982421875,0.487596875,0.49841796875,0.4931701171875,0.499471875,0.4995685546875,0.4999669921875,0.4999982421875,0.49264921875,0.4993654296875,0.48739921875,0.4966482421875,0.4992732421875,0.49171171875,0.499746875,0.4977638671875,0.49995,0.49904296875,0.49999921875,0.4998123046875,0.49996171875,0.49763671875,0.49971796875,0.4854435546875,0.4982,0.4999998046875,0.4972341796875,0.4999998046875,0.49812421875,0.4736935546875,0.4989591796875,0.495,0.4993201171875,0.4983107421875,0.4964404296875,0.4984529296875,0.49965546875,0.49914921875,0.49408671875,0.4908875,0.4830029296875,0.4968498046875,0.4981623046875,0.49934296875,0.49965546875,0.49977421875,0.4987810546875,0.4949373046875,0.49560546875,0.4997326171875,0.4995685546875,0.4954875,0.4971875,0.4731169921875,0.49924921875,0.4999560546875,0.48856171875,0.49855546875,0.4992,0.4994919921875,0.4938810546875,0.4999560546875,0.4925732421875,0.49536796875,0.4999904296875,0.499971875,0.4999841796875,0.4968498046875,0.48699921875,0.4990701171875,0.4974169921875,0.4906326171875,0.47768671875,0.49746171875,0.49560546875,0.49583671875,0.49395,0.4995685546875,0.4984875,0.4985888671875,0.4978466796875,0.49965546875,0.4958935546875,0.48402421875,0.4998966796875,0.49971796875,0.49934296875,0.49998046875,0.4989875,0.49999296875,0.494221875,0.4999841796875,0.49536796875,0.49780546875,0.4968,0.4999560546875,0.4999435546875,0.49746171875,0.49998046875,0.4955466796875,0.498046875,0.49669921875,0.4989591796875,0.49827421875,0.4990701171875,0.4994919921875,0.49755,0.4919513671875,0.499921875,0.4999998046875,0.4983107421875,0.49171171875,0.49868671875,0.4934591796875,0.4995685546875,0.4987185546875,0.4995685546875,0.4992248046875,0.4995310546875,0.4846875,0.499471875,0.49965546875,0.4834607421875,0.49955,0.4974169921875,0.4993201171875,0.4999998046875,0.4928748046875,0.4990701171875,0.4997607421875,0.4884669921875,0.4786013671875,0.4982,0.49780546875,0.4985888671875,0.49324296875,0.48966796875,0.4998966796875,0.4999875,0.4956638671875,0.4793701171875,0.4999904296875,0.49993671875,0.49996171875,0.4901123046875,0.4928,0.499621875,0.48533671875,0.4909716796875,0.49868671875,0.49971796875,0.49381171875,0.4987810546875,0.4977638671875,0.4988419921875,0.498871875,0.49943046875,0.49914921875,0.49746171875,0.4934591796875,0.48218671875,0.498046875,0.49796796875,0.488371875,0.4995310546875,0.4969482421875,0.49971796875,0.479496875,0.4988419921875,0.4927248046875,0.4999669921875,0.49904296875,0.4993875,0.4839123046875,0.4997873046875,0.49986796875,0.498346875,0.499996875,0.4996388671875,0.4998779296875,0.4895779296875,0.49755,0.4978466796875,0.49812421875,0.4964404296875,0.4996716796875,0.497721875,0.49105546875,0.4989013671875,0.4999669921875,0.496996875,0.49914921875,0.4996044921875,0.4964404296875,0.4985216796875,0.4992,0.4993875,0.4999904296875,0.49955,0.4997607421875,0.4970451171875,0.49951171875,0.47209296875,0.493096875,0.4981623046875,0.4970451171875,0.489121875,0.492496875,0.49986796875,0.4989013671875,0.49155,0.4845779296875,0.4989013671875,0.4995310546875,0.49755,0.498621875,0.4999560546875,0.499621875,0.4986544921875,0.488371875,0.4999982421875,0.4998966796875,0.4994091796875,0.5,0.4976794921875,0.4998576171875,0.499096875,0.49999296875,0.499621875,0.4872998046875,0.4987185546875,0.4997326171875,0.4998357421875,0.4998357421875,0.4976794921875,0.4963341796875,0.4999998046875,0.4994919921875,0.49037421875,0.49461796875,0.496596875,0.49924921875,0.4999982421875,0.49755,0.4999763671875,0.4996875,0.49875,0.4967498046875,0.4971404296875,0.4954875,0.4984875
0.4994091796875,0.4770216796875,0.4993875,0.499296875,0.4809875,0.4996716796875,0.4983826171875,0.4986544921875,0.4997029296875,0.4940185546875,0.4838,0.4933875,0.49958671875,0.49875,0.4942888671875,0.494221875,0.4999904296875,0.4922654296875,0.4974169921875,0.4970451171875,0.4978466796875,0.49395,0.49728046875,0.4989591796875,0.4998357421875,0.432471875,0.49728046875,0.4996875,0.4996716796875,0.48446796875,0.4981623046875,0.4998779296875,0.4830029296875,0.4998,0.4999841796875,0.49395,0.4997029296875,0.49855546875,0.49395,0.496171875,0.4969482421875,0.49381171875,0.49234296875,0.47383671875,0.4990701171875,0.4657107421875,0.4993654296875,0.49998046875,0.4949373046875,0.4930232421875,0.499846875,0.49998046875,0.4978466796875,0.49924921875,0.498871875,0.4989013671875,0.4977638671875,0.49868671875,0.4803732421875,0.4993654296875,0.49999921875,0.4999841796875,0.4966482421875,0.49728046875,0.4960060546875,0.49914921875,0.4985888671875,0.49689921875,0.4919513671875,0.49924921875,0.4960060546875,0.49628046875,0.4927248046875,0.4974169921875,0.49512421875,0.4858669921875,0.4964404296875,0.49893046875,0.48357421875,0.495,0.4996044921875,0.4996716796875,0.4971404296875,0.4872998046875,0.4917919921875,0.4994091796875,0.499996875,0.49881171875,0.48699921875,0.4998779296875,0.4996044921875,0.489846875,0.4992248046875,0.4933154296875,0.49583671875,0.49512421875,0.49958671875,0.4946826171875,0.477421875,0.49993671875,0.476346875,0.4999841796875,0.49893046875,0.49986796875,0.4996044921875,0.4862841796875,0.4933875,0.4998357421875,0.49904296875,0.4906326171875,0.4770216796875,0.4997029296875,0.47768671875,0.49999296875,0.4953076171875,0.49995,0.4999763671875,0.49990546875,0.49234296875,0.4997326171875,0.499621875,0.4997873046875,0.4960060546875,0.49105546875,0.4919513671875,0.49982421875,0.49780546875,0.4955466796875,0.495721875,0.4999841796875,0.49649296875,0.4965451171875,0.4983826171875,0.494221875,0.4975935546875,0.49982421875,0.4928748046875,0.499971875,0.49998046875,0.49669921875,0.4937419921875,0.49408671875,0.49875,0.49990546875,0.49002421875,0.4985888671875,0.495721875,0.49999296875,0.4998,0.4909716796875,0.4832326171875,0.4954279296875,0.4872,0.49990546875,0.4980857421875,0.497371875,0.4930232421875,0.4908875,0.494746875,0.4971404296875,0.49965546875,0.4982,0.4989591796875,0.4928748046875,0.4982373046875,0.4998357421875,0.4998123046875,0.4997029296875,0.499846875,0.499846875,0.495721875,0.4989013671875,0.4998123046875,0.4999998046875,0.49689921875,0.4992248046875,0.49536796875,0.4994091796875,0.4984875,0.4808654296875,0.4999982421875,0.499621875,0.49324296875,0.4999875,0.49993671875,0.4990154296875,0.4999875,0.4966482421875,0.4989875,0.49881171875,0.4996716796875,0.49868671875,0.49827421875,0.49986796875,0.49958671875,0.49595,0.4993654296875,0.4968,0.495721875,0.4962263671875,0.496996875,0.49487421875,0.48930546875,0.49934296875,0.4996044921875,0.4980076171875,0.4999904296875,0.4942888671875,0.4995310546875,0.49353046875,0.49977421875,0.477421875,0.4745466796875,0.49560546875,0.4968,0.49827421875,0.4950623046875,0.4990701171875,0.4998875,0.4955466796875,0.4994091796875,0.4975060546875,0.4992,0.4997607421875,0.4948107421875,0.4973263671875,0.49512421875,0.4991232421875,0.4975935546875,0.4999904296875,0.49841796875,0.4995310546875,0.4808654296875,0.4712,0.4983107421875,0.49628046875,0.499846875,0.4956638671875,0.4968,0.489121875,0.49965546875,0.4892138671875,0.495721875,0.4796232421875,0.49990546875,0.4739794921875,0.49780546875,0.499921875,0.497721875,0.4966482421875,0.4989591796875,0.49105546875,0.4908029296875,0.484246875,0.4944875,0.4996716796875,0.4902873046875,0.48402421875,0.4893966796875,0.4820685546875,0.4963875,0.4937419921875,0.4966482421875,0.49709296875,0.4996388671875,0.4964404296875,0.49914921875,0.4997873046875,0.49827421875,0.4976794921875,0.4993654296875,0.4987810546875,0.496596875,0.4921091796875,0.4968498046875,0.4852294921875,0.4949373046875,0.4987810546875,0.4864904296875,0.4999998046875,0.498871875,0.49155,0.4987185546875,0.4998875,0.49982421875,0.4979279296875,0.4983826171875,0.4937419921875,0.4933154296875,0.4921091796875,0.4998357421875,0.49904296875,0.4989013671875,0.4999763671875,0.4994513671875,0.49990546875,0.4968,0.493096875,0.499996875,0.4981623046875,0.49977421875,0.499996875,0.4992,0.4993201171875,0.49924921875,0.4990701171875,0.499921875,0.4983826171875,0.4967498046875,0.4998576171875,0.49628046875,0.4897576171875,0.49965546875,0.4981623046875,0.4981623046875,0.49990546875,0.49993671875,0.4914685546875,0.4995310546875,0.4998875,0.4997873046875,0.49512421875,0.49709296875,0.4940185546875,0.4983826171875,0.49461796875,0.4894875,0.4995310546875,0.49827421875,0.49875,0.4968,0.4994513671875,0.4995685546875,0.49868671875,0.499996875,0.4991748046875,0.494221875,0.496596875,0.4971875,0.4955466796875,0.49990546875,0.49982421875,0.4999294921875,0.4992,0.4999998046875,0.4860763671875,0.4986544921875,0.494221875,0.491871875,0.49977421875,0.4983826171875,0.4994513671875,0.4993654296875,0.4984529296875,0.4997029296875,0.49971796875,0.499921875,0.46321171875,0.49999296875,0.49461796875,0.4999998046875,0.4998966796875,0.4925732421875,0.49203046875,0.499846875,0.4996875,0.4980076171875,0.499746875,0.4998779296875,0.4989875,0.4994091796875,0.496996875,0.4998576171875,0.4850138671875,0.497721875,0.49155,0.4967498046875,0.49353046875,0.499921875,0.49105546875,0.4914685546875,0.49999921875,0.4999138671875,0.4985888671875,0.488371875,0.497721875,0.4937419921875,0.499846875,0.4999841796875,0.499746875,0.4966482421875,0.4989013671875,0.49982421875,0.4999982421875,0.4863875,0.49993671875,0.4975060546875,0.49995,0.49435546875,0.49999921875,0.4999763671875,0.49746171875,0.4961169921875,0.4982,0.4916310546875,0.4999875,0.4806201171875,0.496596875,0.4937419921875,0.4980857421875,0.48930546875,0.4942888671875,0.4998875,0.4999841796875,0.49324296875,0.49560546875,0.49982421875,0.488371875,0.49904296875,0.49958671875,0.49583671875,0.4996716796875,0.48739921875,0.499996875,0.4909716796875,0.4978466796875,0.4894875,0.49395,0.49780546875,0.49914921875,0.4983107421875,0.4978466796875,0.49958671875,0.49982421875,0.48875,0.4899357421875,0.4988419921875,0.4990154296875,0.48171171875,0.4993201171875,0.49993671875,0.49914921875,0.4933154296875,0.4933875,0.4973263671875,0.49669921875,0.49977421875,0.49855546875,0.4997873046875,0.4973263671875,0.498346875,0.4997326171875,0.49993671875,0.49796796875,0.4999904296875,0.4996716796875,0.4937419921875,0.49951171875,0.49728046875,0.4931701171875,0.4998875,0.4998779296875,0.49408671875,0.4942888671875,0.4967498046875,0.49435546875,0.497371875,0.49998046875,0.49999296875,0.49875,0.491221875,0.4921875,0.4937419921875,0.498621875,0.4998966796875,0.4948107421875,0.495721875,0.495,0.4978466796875,0.4992732421875,0.49669921875,0.4979279296875,0.488371875,0.49841796875,0.4954279296875,0.49689921875,0.49827421875,0.4997029296875,0.49234296875,0.4975935546875,0.4989591796875,0.4975935546875,0.493096875,0.4999763671875,0.4772888671875,0.4995685546875,0.4994919921875,0.4992732421875,0.4886560546875,0.49955,0.49408671875,0.4882763671875,0.49002421875,0.4980857421875,0.49998046875,0.49746171875,0.484246875,0.4992248046875,0.4998966796875,0.49746171875,0.4994513671875,0.46906171875,0.499471875,0.4928,0.49606171875,0.4963875,0.4998779296875,0.49796796875,0.49999921875,0.499971875,0.4984529296875,0.4974169921875,0.4956638671875,0.4990154296875,0.49669921875,0.48218671875,0.498046875,0.4928748046875,0.4989013671875,0.4979279296875,0.4921875,0.4998123046875,0.4998576171875,0.4992248046875,0.490546875,0.4953076171875,0.488371875,0.4982,0.4997326171875,0.4955466796875,0.4998357421875,0.4995310546875,0.4950623046875,0.4945529296875,0.4899357421875,0.4879875,0.49999296875,0.495,0.49780546875,0.496171875,0.49037421875,0.49977421875,0.495246875,0.493671875,0.4862841796875,0.49755,0.4996044921875,0.49965546875,0.4994919921875,0.4987185546875,0.493096875,0.4993654296875,0.49487421875,0.4995685546875,0.49971796875,0.4967498046875,0.4994919921875,0.4997326171875,0.4965451171875,0.4996388671875,0.4986544921875,0.49395,0.49965546875,0.49628046875,0.4941544921875,0.4979279296875,0.49855546875,0.48490546875,0.49105546875,0.4989591796875,0.4992732421875,0.4897576171875,0.49999296875,0.49943046875,0.4995685546875,0.49998046875,0.4893966796875,0.4999435546875,0.49728046875,0.49812421875,0.4964404296875,0.49999296875,0.4993654296875,0.4953076171875,0.4996716796875,0.4728263671875,0.494221875,0.4973263671875,0.4942888671875,0.4934591796875,0.4973263671875,0.4930232421875,0.4996388671875,0.499996875,0.4941544921875,0.498871875,0.4995685546875,0.4984875,0.49728046875,0.4999435546875,0.4938810546875,0.49904296875,0.499746875,0.4998,0.4972341796875,0.4969482421875,0.49955,0.498871875,0.49986796875,0.4997029296875,0.49395,0.496171875,0.4936013671875,0.49628046875,0.4936013671875,0.4998966796875,0.4921875,0.48195,0.4982,0.49071796875,0.49395,0.498871875,0.49990546875,0.49999296875,0.49993671875,0.49990546875,0.4996875,0.4839123046875,0.4863875,0.4996716796875,0.4998779296875,0.4981623046875,0.4999294921875,0.4944875,0.498046875,0.49649296875,0.4928,0.494746875,0.491871875,0.4994091796875,0.4996875,0.4950623046875,0.49958671875,0.49709296875,0.49982421875,0.4990701171875,0.4984529296875,0.4997873046875,0.496171875,0.4953076171875,0.496596875,0.4982373046875,0.4997873046875,0.49993671875,0.4955466796875,0.4879875,0.49780546875,0.4866951171875,0.49203046875,0.4999669921875,0.4971404296875,0.4984529296875,0.495721875,0.4999669921875,0.4951857421875,0.49951171875,0.4963875,0.4969482421875,0.4997029296875,0.4965451171875,0.49951171875,0.4996388671875,0.4996875,0.4975935546875,0.4783419921875,0.492496875,0.495721875,0.4988419921875,0.49264921875,0.4965451171875,0.49796796875,0.4999841796875,0.49943046875,0.482421875,0.4994513671875,0.49461796875,0.497721875,0.496171875,0.4992248046875,0.4974169921875,0.49904296875,0.4967498046875,0.49755,0.4998357421875,0.4919513671875,0.49990546875,0.4999138671875,0.491221875,0.4955466796875,0.4870998046875,0.49408671875,0.499846875,0.49037421875,0.4997029296875,0.490546875,0.4925732421875,0.4950623046875,0.49914921875,0.499746875,0.499621875,0.49924921875,0.496171875,0.4994919921875,0.4996875,0.49996171875,0.49841796875,0.49796796875,0.495721875,0.4908029296875,0.4934591796875,0.4974169921875,0.4995310546875,0.48818046875,0.491221875,0.4957794921875,0.49755,0.49105546875,0.498621875,0.4944875,0.4845779296875,0.49990546875,0.48490546875,0.4986544921875,0.4941544921875,0.4864904296875,0.49943046875,0.49755,0.49461796875,0.49999921875,0.499746875,0.48446796875,0.49914921875,0.49487421875,0.49934296875,0.4989591796875,0.4999138671875,0.4999998046875,0.4913044921875,0.499296875,0.4854435546875,0.4968498046875,0.4992248046875,0.49461796875,0.499621875,0.4995310546875,0.49958671875,0.49934296875,0.499971875,0.4997873046875,0.4999669921875,0.49755,0.4999138671875,0.4846875,0.49855546875,0.4999138671875,0.496996875,0.4999982421875,0.49914921875,0.47924296875,0.4999138671875,0.4982373046875,0.4968498046875,0.497371875,0.49709296875,0.4974169921875,0.4987185546875,0.4990701171875,0.494746875,0.4908029296875,0.4758,0.4949373046875,0.49669921875,0.4997029296875,0.4996044921875,0.49955,0.4976794921875,0.4963875,0.4986544921875,0.4999138671875,0.4994513671875,0.4945529296875,0.4969482421875,0.4803732421875,0.4977638671875,0.49977421875,0.4884669921875,0.498346875,0.4989591796875,0.49841796875,0.4963341796875,0.49990546875,0.49763671875,0.4921875,0.49995,0.4998779296875,0.4995685546875,0.49395,0.4858669921875,0.499296875,0.4984529296875,0.4942888671875,0.4803732421875,0.4951857421875,0.4946826171875,0.4944216796875,0.49536796875,0.4994919921875,0.4968,0.49827421875,0.4982373046875,0.49993671875,0.4972341796875,0.4834607421875,0.4999294921875,0.4998779296875,0.499621875,0.4998779296875,0.499296875,0.499971875,0.49381171875,0.4997607421875,0.49868671875,0.49796796875,0.4962263671875,0.4998,0.4998576171875,0.4950623046875,0.499096875,0.4980076171875,0.4978875,0.4970451171875,0.499471875,0.4974169921875,0.498871875,0.4997873046875,0.4954279296875,0.49324296875,0.4998875,0.499621875,0.4974169921875,0.4904607421875,0.4985216796875,0.4966482421875,0.4986544921875,0.49855546875,0.49924921875,0.49951171875,0.4999294921875,0.4888435546875,0.49881171875,0.49881171875,0.4808654296875,0.4997326171875,0.4963341796875,0.4994919921875,0.49999921875,0.49560546875,0.498871875,0.4996388671875,0.48875,0.485121875,0.49875,0.4970451171875,0.49993671875,0.4913044921875,0.4846875,0.4999294921875,0.4989013671875,0.49435546875,0.47383671875,0.499921875,0.49951171875,0.4996875,0.488371875,0.4953076171875,0.49971796875,0.4839123046875,0.4899357421875,0.4972341796875,0.4999435546875,0.496596875,0.4978875,0.4964404296875,0.4983826171875,0.4964404296875,0.4991748046875,0.4987185546875,0.4990154296875,0.4933875,0.4813513671875,0.4990701171875,0.49827421875,0.4922654296875,0.499621875,0.4969482421875,0.498621875,0.4801248046875,0.4995685546875,0.49487421875,0.4999951171875,0.49875,0.4996388671875,0.48218671875,0.4997326171875,0.49990546875,0.495,0.49999296875,0.49943046875,0.4992732421875,0.4940185546875,0.4963341796875,0.49780546875,0.49746171875,0.49628046875,0.498046875,0.4973263671875,0.489121875,0.4983107421875,0.49965546875,0.4974169921875,0.4975060546875,0.49868671875,0.4951857421875,0.49977421875,0.4995685546875,0.4993875,0.4999951171875,0.4990701171875,0.4998779296875,0.49728046875,0.4990154296875,0.479496875,0.49487421875,0.49595,0.4956638671875,0.48875,0.49037421875,0.4999138671875,0.4964404296875,0.4904607421875,0.4921091796875,0.499471875,0.4999841796875,0.4971404296875,0.498621875,0.4997029296875,0.4994091796875,0.499846875,0.4888435546875,0.4999998046875,0.4999904296875,0.4968498046875,0.49965546875,0.4971875,0.49971796875,0.4992248046875,0.4996716796875,0.5,0.48856171875,0.497371875,0.4997326171875,0.4997326171875,0.499846875,0.49763671875,0.4969482421875,0.4999982421875,0.4990154296875,0.4931701171875,0.4936013671875,0.49628046875,0.4995685546875,0.4998123046875,0.497721875,0.4999763671875,0.4999841796875,0.49924921875,0.496996875,0.49746171875,0.496596875,0.4990701171875
0.4989875,0.4759373046875,0.4989875,0.4984875,0.47768671875,0.4985888671875,0.498346875,0.4990701171875,0.4998123046875,0.4938810546875,0.4809875,0.4921875,0.49990546875,0.49999921875,0.495,0.4944216796875,0.5,0.49294921875,0.4946826171875,0.49827421875,0.49881171875,0.4963341796875,0.4980076171875,0.499621875,0.49995,0.4294529296875,0.4954279296875,0.4999904296875,0.4996388671875,0.4854435546875,0.49709296875,0.4994919921875,0.4809875,0.4995310546875,0.49990546875,0.4941544921875,0.49951171875,0.4985216796875,0.494746875,0.4970451171875,0.4981623046875,0.495246875,0.4927248046875,0.47089921875,0.4995685546875,0.4647216796875,0.49982421875,0.4997326171875,0.49512421875,0.4948107421875,0.49998046875,0.49990546875,0.4975060546875,0.4996716796875,0.49924921875,0.4990701171875,0.4988419921875,0.4990701171875,0.48265546875,0.49951171875,0.49934296875,0.49986796875,0.4982,0.4968,0.491871875,0.4987185546875,0.4986544921875,0.4976794921875,0.4934591796875,0.4997326171875,0.49728046875,0.4942888671875,0.49461796875,0.4980076171875,0.491871875,0.48357421875,0.49746171875,0.4992,0.4864904296875,0.4930232421875,0.49971796875,0.4999875,0.49855546875,0.48699921875,0.4928,0.4999998046875,0.4998966796875,0.4992,0.4919513671875,0.49993671875,0.49958671875,0.4876951171875,0.49904296875,0.4937419921875,0.49709296875,0.4980857421875,0.4999294921875,0.4944875,0.48074296875,0.49934296875,0.47268046875,0.49999921875,0.4993654296875,0.499971875,0.4993875,0.4838,0.4916310546875,0.499471875,0.49763671875,0.4911388671875,0.4788591796875,0.4994919921875,0.4811091796875,0.4999875,0.49234296875,0.49990546875,0.4999435546875,0.49958671875,0.49138671875,0.4996044921875,0.4995310546875,0.499296875,0.4937419921875,0.49264921875,0.4911388671875,0.49958671875,0.49408671875,0.497721875,0.49461796875,0.4999841796875,0.49395,0.4906326171875,0.49827421875,0.4958935546875,0.4971875,0.499621875,0.49435546875,0.4998576171875,0.49999296875,0.4964404296875,0.4933875,0.4968,0.4991232421875,0.49986796875,0.4921091796875,0.49875,0.4963875,0.4999904296875,0.4998357421875,0.4901123046875,0.4778185546875,0.4972341796875,0.4909716796875,0.499096875,0.499096875,0.4986544921875,0.4941544921875,0.4899357421875,0.49583671875,0.4974169921875,0.49996171875,0.498621875,0.49812421875,0.49203046875,0.49669921875,0.499296875,0.499921875,0.4999998046875,0.4999435546875,0.499846875,0.4979279296875,0.49977421875,0.49998046875,0.499746875,0.4970451171875,0.49875,0.4954875,0.4993654296875,0.4982373046875,0.4803732421875,0.4999875,0.4997326171875,0.493671875,0.4999998046875,0.49999296875,0.4981623046875,0.49999296875,0.497371875,0.4994091796875,0.49881171875,0.4998,0.497371875,0.4997029296875,0.49999296875,0.4999669921875,0.4957794921875,0.4994919921875,0.4983826171875,0.4965451171875,0.49689921875,0.4980076171875,0.4938810546875,0.48856171875,0.4999951171875,0.4998,0.4989875,0.4999435546875,0.4954279296875,0.4998576171875,0.4944216796875,0.4995685546875,0.478471875,0.4753857421875,0.4948107421875,0.4961169921875,0.497721875,0.49649296875,0.4992732421875,0.49955,0.49595,0.4992732421875,0.4974169921875,0.4998123046875,0.49914921875,0.49746171875,0.4962263671875,0.4963341796875,0.4994919921875,0.49746171875,0.4999435546875,0.49868671875,0.498871875,0.4745466796875,0.4780810546875,0.4976794921875,0.49709296875,0.49977421875,0.4954875,0.4946826171875,0.4858669921875,0.4993875,0.48533671875,0.4958935546875,0.47924296875,0.4999875,0.4710498046875,0.4963341796875,0.4999904296875,0.497371875,0.49709296875,0.4989013671875,0.4916310546875,0.48779296875,0.4863875,0.49461796875,0.49986796875,0.4924201171875,0.4884669921875,0.48818046875,0.485121875,0.497721875,0.495,0.49827421875,0.49755,0.49934296875,0.49583671875,0.4992248046875,0.49868671875,0.4975935546875,0.498046875,0.4993654296875,0.499096875,0.4933154296875,0.489121875,0.4958935546875,0.4854435546875,0.4934591796875,0.496996875,0.485971875,0.4999294921875,0.49841796875,0.49487421875,0.49893046875,0.4999951171875,0.4999669921875,0.4970451171875,0.49881171875,0.4963875,0.4963875,0.494221875,0.4998779296875,0.49868671875,0.4987810546875,0.499971875,0.4977638671875,0.4999294921875,0.4968498046875,0.4941544921875,0.499096875,0.4963341796875,0.4998123046875,0.4998357421875,0.4997873046875,0.499296875,0.4989013671875,0.49982421875,0.49998046875,0.4970451171875,0.4967498046875,0.49990546875,0.494221875,0.4906326171875,0.49958671875,0.49943046875,0.4978875,0.4999294921875,0.499096875,0.4899357421875,0.4991232421875,0.49996171875,0.499621875,0.498346875,0.4967498046875,0.4933875,0.4964404296875,0.4950623046875,0.4927248046875,0.499971875,0.4972341796875,0.498046875,0.496596875,0.4998123046875,0.4994919921875,0.4980076171875,0.4999951171875,0.49763671875,0.4933875,0.4950623046875,0.4954875,0.4960060546875,0.49893046875,0.49986796875,0.4998966796875,0.49881171875,0.49986796875,0.4850138671875,0.4993201171875,0.4921091796875,0.48875,0.4996716796875,0.4986544921875,0.4993201171875,0.4983107421875,0.4970451171875,0.4991232421875,0.4992,0.4999875,0.4620154296875,0.4999904296875,0.49669921875,0.4999763671875,0.499921875,0.4924201171875,0.4916310546875,0.49971796875,0.4999951171875,0.4964404296875,0.4995685546875,0.49958671875,0.4993875,0.499471875,0.4967498046875,0.49893046875,0.4803732421875,0.4976794921875,0.49138671875,0.4921875,0.4914685546875,0.4999841796875,0.4917919921875,0.4934591796875,0.49990546875,0.4995310546875,0.495721875,0.486796875,0.49595,0.49408671875,0.49999921875,0.49982421875,0.4990701171875,0.4948107421875,0.4987185546875,0.4990154296875,0.4994919921875,0.48357421875,0.4998875,0.49606171875,0.4998779296875,0.4976794921875,0.49893046875,0.4999951171875,0.4991232421875,0.496996875,0.4987810546875,0.4894875,0.499996875,0.47795,0.4958935546875,0.4967498046875,0.4961169921875,0.48659296875,0.4954875,0.4993201171875,0.4999875,0.49264921875,0.4949373046875,0.4997873046875,0.49171171875,0.4992248046875,0.4995310546875,0.4968,0.4999998046875,0.4847966796875,0.49999921875,0.4922654296875,0.49924921875,0.4886560546875,0.4949373046875,0.49746171875,0.4997607421875,0.4994091796875,0.4963341796875,0.4999138671875,0.4996875,0.4899357421875,0.48739921875,0.4972341796875,0.4971875,0.4803732421875,0.4989013671875,0.4996716796875,0.49868671875,0.4914685546875,0.4949373046875,0.4965451171875,0.499096875,0.498621875,0.4995310546875,0.4999763671875,0.49827421875,0.4961169921875,0.4997607421875,0.499746875,0.49780546875,0.4997607421875,0.49893046875,0.4948107421875,0.49875,0.497721875,0.4928748046875,0.4999763671875,0.49965546875,0.4933154296875,0.4921091796875,0.495721875,0.4971404296875,0.4975060546875,0.49998046875,0.49995,0.4989875,0.4899357421875,0.48875,0.49408671875,0.4980857421875,0.49999296875,0.49294921875,0.49512421875,0.49435546875,0.4971404296875,0.49914921875,0.49827421875,0.4976794921875,0.4850138671875,0.4989591796875,0.4931701171875,0.49812421875,0.49982421875,0.4999669921875,0.491221875,0.4965451171875,0.4992248046875,0.4995310546875,0.49002421875,0.49986796875,0.4753857421875,0.4994513671875,0.4994091796875,0.4995310546875,0.4921091796875,0.4997326171875,0.4944875,0.485121875,0.4908029296875,0.4987810546875,0.4992,0.4980076171875,0.4806201171875,0.499846875,0.4999435546875,0.49763671875,0.4998779296875,0.47355,0.499996875,0.488371875,0.494746875,0.4916310546875,0.49995,0.4985888671875,0.49998046875,0.4994919921875,0.4994513671875,0.4994919921875,0.49649296875,0.4972341796875,0.497721875,0.48265546875,0.497371875,0.490546875,0.4992732421875,0.499296875,0.4942888671875,0.4987185546875,0.49993671875,0.4989591796875,0.49002421875,0.4983826171875,0.4908875,0.4984875,0.4999951171875,0.495721875,0.4999998046875,0.4994919921875,0.4949373046875,0.49324296875,0.489846875,0.487596875,0.4993654296875,0.489121875,0.4987810546875,0.4944216796875,0.4916310546875,0.4999904296875,0.49728046875,0.492496875,0.4843576171875,0.4977638671875,0.49958671875,0.49990546875,0.4980076171875,0.499096875,0.4963341796875,0.49780546875,0.49234296875,0.4992732421875,0.4998875,0.49435546875,0.4993201171875,0.4998,0.49487421875,0.4989875,0.4993654296875,0.496171875,0.4999763671875,0.4985216796875,0.49171171875,0.498346875,0.49875,0.4884669921875,0.49234296875,0.4967498046875,0.4987185546875,0.4870998046875,0.499921875,0.49881171875,0.49934296875,0.4995310546875,0.4904607421875,0.4992732421875,0.49893046875,0.49796796875,0.4978466796875,0.49982421875,0.49982421875,0.4962263671875,0.4991748046875,0.47607421875,0.4954875,0.493096875,0.4946826171875,0.49264921875,0.49669921875,0.49395,0.4996716796875,0.4999669921875,0.4944216796875,0.4992,0.4994513671875,0.4999435546875,0.4975060546875,0.4998357421875,0.49155,0.49841796875,0.4999998046875,0.4994091796875,0.4988419921875,0.4981623046875,0.49914921875,0.4994919921875,0.4995310546875,0.4997326171875,0.49512421875,0.49728046875,0.493671875,0.4980857421875,0.492496875,0.49995,0.49037421875,0.4758,0.4981623046875,0.4908875,0.490546875,0.4989013671875,0.4995310546875,0.49993671875,0.49990546875,0.49982421875,0.4999294921875,0.4845779296875,0.48818046875,0.4997326171875,0.4997029296875,0.49914921875,0.4997326171875,0.4927248046875,0.49924921875,0.4928,0.490546875,0.4960060546875,0.4924201171875,0.4992732421875,0.498621875,0.4944875,0.4989591796875,0.49914921875,0.4998123046875,0.4985888671875,0.49827421875,0.49982421875,0.49606171875,0.4942888671875,0.4951857421875,0.49812421875,0.49995,0.4997873046875,0.4968498046875,0.49002421875,0.4982373046875,0.48533671875,0.4921875,0.4997326171875,0.4975060546875,0.4991748046875,0.4976794921875,0.4998357421875,0.49536796875,0.4995685546875,0.4977638671875,0.4944216796875,0.4978875,0.496996875,0.49965546875,0.5,0.4991748046875,0.4973263671875,0.4818310546875,0.4960060546875,0.496596875,0.4985888671875,0.4899357421875,0.49606171875,0.49904296875,0.49999921875,0.4998966796875,0.4850138671875,0.49924921875,0.49435546875,0.49728046875,0.4975060546875,0.49996171875,0.49755,0.49763671875,0.4984529296875,0.4978466796875,0.4988419921875,0.4933875,0.4999998046875,0.49986796875,0.49155,0.4967498046875,0.484246875,0.49234296875,0.49855546875,0.4888435546875,0.4999841796875,0.4942888671875,0.4893966796875,0.4971404296875,0.497371875,0.4998966796875,0.4988419921875,0.499746875,0.49628046875,0.49841796875,0.499621875,0.4990154296875,0.4970451171875,0.49746171875,0.4965451171875,0.49037421875,0.494221875,0.4985216796875,0.49955,0.4906326171875,0.49155,0.4946826171875,0.4983826171875,0.4914685546875,0.4975935546875,0.4927248046875,0.48618046875,0.499921875,0.4863875,0.4989013671875,0.496171875,0.48490546875,0.4987810546875,0.4968,0.49171171875,0.49999921875,0.4993201171875,0.4803732421875,0.4991232421875,0.495,0.499096875,0.49728046875,0.49914921875,0.4998,0.4864904296875,0.4989875,0.488371875,0.4981623046875,0.49965546875,0.4946826171875,0.4998,0.4998576171875,0.49924921875,0.498871875,0.499746875,0.4996875,0.49982421875,0.4988419921875,0.49999296875,0.4818310546875,0.49827421875,0.4998123046875,0.4962263671875,0.4999998046875,0.49955,0.4734060546875,0.499996875,0.4971875,0.49649296875,0.49381171875,0.494221875,0.4963875,0.4984875,0.49958671875,0.496996875,0.49071796875,0.480496875,0.49689921875,0.496596875,0.4990154296875,0.4999138671875,0.4994513671875,0.49709296875,0.4972341796875,0.499096875,0.4997326171875,0.49958671875,0.4971404296875,0.49487421875,0.4791154296875,0.49914921875,0.4982373046875,0.4872998046875,0.4977638671875,0.4999982421875,0.499296875,0.4975935546875,0.4998576171875,0.4968498046875,0.49408671875,0.49996171875,0.49977421875,0.4992732421875,0.4949373046875,0.4856560546875,0.4998123046875,0.4982,0.4938810546875,0.4770216796875,0.49606171875,0.4963875,0.4954875,0.4934591796875,0.49971796875,0.4963875,0.4988419921875,0.49746171875,0.4998966796875,0.49353046875,0.4864904296875,0.49934296875,0.499471875,0.499971875,0.4994919921875,0.4990701171875,0.49982421875,0.49138671875,0.49986796875,0.4993201171875,0.4985216796875,0.4951857421875,0.4999435546875,0.4999669921875,0.49628046875,0.499846875,0.49796796875,0.497721875,0.4964404296875,0.4984875,0.498046875,0.4995685546875,0.4999669921875,0.49461796875,0.495246875,0.4999904296875,0.4998875,0.4963341796875,0.4882763671875,0.4996044921875,0.4958935546875,0.4996716796875,0.4974169921875,0.49934296875,0.49868671875,0.49971796875,0.4854435546875,0.4991748046875,0.4982,0.48311796875,0.4998779296875,0.4963875,0.4999669921875,0.4999669921875,0.4956638671875,0.4999138671875,0.4998779296875,0.4868982421875,0.48659296875,0.4944216796875,0.4963341796875,0.4999951171875,0.4945529296875,0.48818046875,0.4999669921875,0.4996044921875,0.4954875,0.475246875,0.499996875,0.4987810546875,0.49971796875,0.4904607421875,0.49294921875,0.4998576171875,0.48218671875,0.4911388671875,0.4963341796875,0.4999951171875,0.49628046875,0.4980857421875,0.49812421875,0.49951171875,0.4948107421875,0.4997607421875,0.499746875,0.4991232421875,0.4892138671875,0.477421875,0.49934296875,0.4954875,0.4897576171875,0.4998576171875,0.497721875,0.49893046875,0.48402421875,0.4983107421875,0.494746875,0.4996875,0.4992,0.49955,0.4863875,0.49881171875,0.4998,0.4976794921875,0.4999875,0.4992248046875,0.4983826171875,0.4924201171875,0.49709296875,0.498871875,0.4972341796875,0.4986544921875,0.4987810546875,0.49560546875,0.48699921875,0.4993875,0.499096875,0.4989591796875,0.4992248046875,0.4973263671875,0.4931701171875,0.4997873046875,0.49986796875,0.4999669921875,0.49951171875,0.498346875,0.4996716796875,0.4979279296875,0.4993875,0.477421875,0.4950623046875,0.49560546875,0.49728046875,0.49037421875,0.489846875,0.4999875,0.4985216796875,0.49138671875,0.4902873046875,0.4990154296875,0.49999296875,0.49628046875,0.4989591796875,0.4989875,0.499746875,0.4997607421875,0.4878904296875,0.4999560546875,0.4998966796875,0.49353046875,0.4998966796875,0.49709296875,0.49995,0.499296875,0.49986796875,0.4999841796875,0.48779296875,0.498621875,0.4993201171875,0.4996044921875,0.49999296875,0.4951857421875,0.4967498046875,0.4999138671875,0.4992,0.49294921875,0.490546875,0.4977638671875,0.499296875,0.499971875,0.49855546875,0.4996716796875,0.4998875,0.4993654296875,0.497721875,0.4963875,0.49763671875,0.4987810546875
0.4993654296875,0.4753857421875,0.4980076171875,0.4993875,0.481471875,0.4992248046875,0.4983107421875,0.4996716796875,0.4996388671875,0.49583671875,0.4736935546875,0.4933154296875,0.4999763671875,0.4987810546875,0.4949373046875,0.49669921875,0.4991748046875,0.49353046875,0.4956638671875,0.4968498046875,0.4992732421875,0.49812421875,0.49914921875,0.4998875,0.4999560546875,0.4289826171875,0.4973263671875,0.49996171875,0.4992732421875,0.47715546875,0.496996875,0.4998123046875,0.482421875,0.4995310546875,0.49995,0.495,0.5,0.4997873046875,0.49536796875,0.4980857421875,0.49812421875,0.4911388671875,0.49560546875,0.47209296875,0.49999296875,0.46843671875,0.49993671875,0.4996875,0.4927248046875,0.49324296875,0.4999904296875,0.49998046875,0.4975935546875,0.4997873046875,0.49709296875,0.499846875,0.4990701171875,0.49796796875,0.4876951171875,0.49855546875,0.49881171875,0.49999921875,0.49796796875,0.496996875,0.4954279296875,0.4992248046875,0.49875,0.49669921875,0.4888435546875,0.4997326171875,0.4971404296875,0.4930232421875,0.494746875,0.4969482421875,0.4936013671875,0.48576171875,0.49868671875,0.49982421875,0.48533671875,0.4928748046875,0.49855546875,0.4998123046875,0.499471875,0.4854435546875,0.49155,0.4995685546875,0.499096875,0.498871875,0.4899357421875,0.4998,0.4996716796875,0.4803732421875,0.4996044921875,0.4948107421875,0.49536796875,0.49709296875,0.499296875,0.4976794921875,0.485121875,0.4999763671875,0.4751076171875,0.49998046875,0.4993875,0.4999951171875,0.4984529296875,0.4845779296875,0.4927248046875,0.4997873046875,0.49606171875,0.49234296875,0.46875,0.4989875,0.475246875,0.49982421875,0.49234296875,0.499846875,0.4997607421875,0.4991748046875,0.4916310546875,0.4996388671875,0.4994919921875,0.499471875,0.49583671875,0.49071796875,0.4911388671875,0.4995685546875,0.4961169921875,0.4979279296875,0.4919513671875,0.499921875,0.4961169921875,0.4914685546875,0.4989591796875,0.4975935546875,0.49827421875,0.4989875,0.498046875,0.4999763671875,0.49990546875,0.4963875,0.49583671875,0.4967498046875,0.4999982421875,0.4998966796875,0.49395,0.498046875,0.4942888671875,0.4998966796875,0.4996044921875,0.4901123046875,0.4828875,0.49689921875,0.4874982421875,0.4989013671875,0.49904296875,0.4980857421875,0.4961169921875,0.49324296875,0.4908029296875,0.4979279296875,0.4998779296875,0.4998576171875,0.498871875,0.493671875,0.4948107421875,0.49971796875,0.4998357421875,0.4999294921875,0.499921875,0.49999296875,0.497721875,0.49943046875,0.49951171875,0.4999138671875,0.49841796875,0.49893046875,0.4942888671875,0.4994513671875,0.4989875,0.47768671875,0.4999763671875,0.4976794921875,0.49155,0.4998966796875,0.49982421875,0.49924921875,0.4999951171875,0.4977638671875,0.4997607421875,0.4985888671875,0.499971875,0.4985216796875,0.4998,0.5,0.4999998046875,0.496996875,0.49827421875,0.498046875,0.4966482421875,0.4977638671875,0.4955466796875,0.4938810546875,0.4878904296875,0.4999560546875,0.4998576171875,0.4976794921875,0.499921875,0.4942888671875,0.49965546875,0.4908875,0.4998,0.47326171875,0.48,0.4955466796875,0.4962263671875,0.49924921875,0.49669921875,0.49875,0.4989591796875,0.4937419921875,0.4997326171875,0.49796796875,0.4989591796875,0.49924921875,0.49536796875,0.49606171875,0.49583671875,0.4985888671875,0.4980076171875,0.49965546875,0.497371875,0.498346875,0.4770216796875,0.47383671875,0.49893046875,0.49628046875,0.4993654296875,0.4949373046875,0.4950623046875,0.48533671875,0.49943046875,0.48533671875,0.49395,0.487596875,0.4999294921875,0.4673279296875,0.49649296875,0.4999841796875,0.4970451171875,0.4972341796875,0.49924921875,0.4872998046875,0.4893966796875,0.4846875,0.49560546875,0.499921875,0.4921875,0.48402421875,0.48357421875,0.4872998046875,0.4983826171875,0.4908875,0.4992248046875,0.49904296875,0.49995,0.4968,0.4998576171875,0.4987185546875,0.4975060546875,0.4990154296875,0.49955,0.4984529296875,0.4968,0.49324296875,0.4966482421875,0.4852294921875,0.4944875,0.4966482421875,0.4886560546875,0.49999921875,0.5,0.4944216796875,0.4998,0.4999998046875,0.49971796875,0.4980857421875,0.4975060546875,0.497371875,0.49560546875,0.4968498046875,0.4999669921875,0.4984529296875,0.4983826171875,0.4993201171875,0.49868671875,0.499846875,0.4978466796875,0.495,0.499471875,0.4978875,0.4997607421875,0.4999841796875,0.49996171875,0.496996875,0.49689921875,0.49990546875,0.4998966796875,0.49669921875,0.49709296875,0.4998,0.4901123046875,0.4870998046875,0.4990154296875,0.49914921875,0.496171875,0.4999435546875,0.49881171875,0.48875,0.497721875,0.4997029296875,0.4998779296875,0.4954279296875,0.4966482421875,0.4901123046875,0.4976794921875,0.4968498046875,0.49294921875,0.4998357421875,0.4977638671875,0.4965451171875,0.4982373046875,0.49990546875,0.4987185546875,0.4963341796875,0.4996716796875,0.49914921875,0.489846875,0.4983826171875,0.49709296875,0.4955466796875,0.49796796875,0.4999875,0.4999763671875,0.4983107421875,0.49999921875,0.47821171875,0.499471875,0.495246875,0.49294921875,0.49999296875,0.49881171875,0.49990546875,0.4990154296875,0.4968,0.4996875,0.4972341796875,0.49986796875,0.4534875,0.4996875,0.495246875,0.49999296875,0.4998779296875,0.4941544921875,0.489121875,0.49914921875,0.4997029296875,0.496171875,0.4997873046875,0.499096875,0.4987185546875,0.4986544921875,0.4980857421875,0.4975935546875,0.48779296875,0.4979279296875,0.4916310546875,0.4946826171875,0.4928,0.4999998046875,0.4924201171875,0.4971875,0.4999669921875,0.4984875,0.4938810546875,0.4892138671875,0.49780546875,0.4949373046875,0.49999921875,0.4994919921875,0.4989013671875,0.4950623046875,0.4969482421875,0.4981623046875,0.49893046875,0.482421875,0.4999875,0.4949373046875,0.4995685546875,0.4991748046875,0.4993201171875,0.4999294921875,0.4990154296875,0.49628046875,0.4971404296875,0.4906326171875,0.499971875,0.48,0.4934591796875,0.4982,0.4960060546875,0.48875,0.4963341796875,0.4999560546875,0.49965546875,0.49381171875,0.494746875,0.49934296875,0.4906326171875,0.4991748046875,0.4992248046875,0.4968498046875,0.49999921875,0.4845779296875,0.4999841796875,0.4919513671875,0.49841796875,0.49037421875,0.4928748046875,0.496596875,0.498871875,0.498621875,0.4984529296875,0.4993654296875,0.4996388671875,0.48311796875,0.4820685546875,0.49841796875,0.4950623046875,0.4838,0.49999921875,0.4995310546875,0.4980857421875,0.4950623046875,0.491221875,0.4960060546875,0.4996388671875,0.49763671875,0.4989591796875,0.49986796875,0.499096875,0.495721875,0.499296875,0.49965546875,0.4968498046875,0.4999560546875,0.4998875,0.49461796875,0.4972341796875,0.49728046875,0.4931701171875,0.4994919921875,0.4987185546875,0.4908029296875,0.4906326171875,0.4966482421875,0.498046875,0.49958671875,0.4999841796875,0.4992732421875,0.4987185546875,0.4876951171875,0.49105546875,0.4930232421875,0.4954279296875,0.4998123046875,0.49353046875,0.49595,0.4964404296875,0.49943046875,0.4992,0.4969482421875,0.498346875,0.4866951171875,0.4986544921875,0.495,0.49855546875,0.4999841796875,0.4998357421875,0.4938810546875,0.49763671875,0.4979279296875,0.49965546875,0.48856171875,0.4990701171875,0.4670076171875,0.5,0.499096875,0.499846875,0.4902873046875,0.4999560546875,0.4971404296875,0.484246875,0.4913044921875,0.49812421875,0.4993201171875,0.4971875,0.4803732421875,0.499296875,0.49996171875,0.49763671875,0.4987185546875,0.47715546875,0.49993671875,0.4917919921875,0.4976794921875,0.494746875,0.4995310546875,0.4991748046875,0.4999841796875,0.4994919921875,0.49955,0.4996388671875,0.4971404296875,0.4971404296875,0.49606171875,0.48576171875,0.4989013671875,0.49155,0.49868671875,0.4998357421875,0.49512421875,0.4981623046875,0.49995,0.4980076171875,0.4828875,0.49827421875,0.4936013671875,0.4950623046875,0.4999998046875,0.4933875,0.49998046875,0.499471875,0.4954875,0.4930232421875,0.49171171875,0.491871875,0.49986796875,0.4922654296875,0.49904296875,0.4924201171875,0.4852294921875,0.5,0.4950623046875,0.49203046875,0.4878904296875,0.49965546875,0.4987185546875,0.4994919921875,0.49914921875,0.49796796875,0.4990701171875,0.4971875,0.4930232421875,0.49971796875,0.4998,0.4940185546875,0.498871875,0.4994091796875,0.49560546875,0.4991748046875,0.4996388671875,0.495,0.4997873046875,0.4984875,0.49203046875,0.4984529296875,0.4971875,0.4884669921875,0.4904607421875,0.49827421875,0.49955,0.4856560546875,0.499296875,0.4990154296875,0.49904296875,0.4996044921875,0.4913044921875,0.4989591796875,0.4997326171875,0.4980857421875,0.4966482421875,0.49943046875,0.49971796875,0.4966482421875,0.49971796875,0.4698341796875,0.4969482421875,0.49536796875,0.4933154296875,0.494746875,0.49709296875,0.4944216796875,0.4994919921875,0.49995,0.4936013671875,0.49914921875,0.4995310546875,0.4994513671875,0.4948107421875,0.4989875,0.4888435546875,0.49780546875,0.4996716796875,0.49995,0.4974169921875,0.4990154296875,0.4989591796875,0.49868671875,0.499096875,0.4991232421875,0.4917919921875,0.49855546875,0.49395,0.4989591796875,0.4934591796875,0.4999982421875,0.483346875,0.4775544921875,0.4989013671875,0.4908029296875,0.4951857421875,0.4994919921875,0.49986796875,0.4999763671875,0.5,0.4993875,0.49990546875,0.4815919921875,0.4879875,0.4993654296875,0.4998576171875,0.498046875,0.49990546875,0.49408671875,0.49841796875,0.49037421875,0.4921091796875,0.49709296875,0.4937419921875,0.49999296875,0.4985216796875,0.496596875,0.4973263671875,0.4988419921875,0.499746875,0.49977421875,0.4964404296875,0.4996044921875,0.4979279296875,0.4862841796875,0.4951857421875,0.49868671875,0.4996388671875,0.49971796875,0.4983107421875,0.4901123046875,0.4979279296875,0.4852294921875,0.4925732421875,0.499921875,0.4992248046875,0.4989013671875,0.4962263671875,0.4999841796875,0.49669921875,0.496996875,0.4987810546875,0.495246875,0.498346875,0.4954875,0.4998576171875,0.4999982421875,0.4992732421875,0.49746171875,0.47821171875,0.49324296875,0.4971404296875,0.49977421875,0.4916310546875,0.49649296875,0.4989875,0.499971875,0.4994919921875,0.4863875,0.49934296875,0.49002421875,0.4978466796875,0.49595,0.4999982421875,0.4946826171875,0.496596875,0.4965451171875,0.498346875,0.4996875,0.49071796875,0.4999841796875,0.499971875,0.49294921875,0.49875,0.4762107421875,0.48739921875,0.4982,0.48875,0.4996875,0.4937419921875,0.486796875,0.49780546875,0.4993654296875,0.4998357421875,0.49881171875,0.499846875,0.4954875,0.4984875,0.49999921875,0.49841796875,0.4987810546875,0.496996875,0.4965451171875,0.49461796875,0.49324296875,0.4992248046875,0.49977421875,0.491871875,0.4894875,0.4985216796875,0.4987810546875,0.4888435546875,0.49924921875,0.4951857421875,0.4879875,0.499921875,0.485121875,0.4981623046875,0.495721875,0.48659296875,0.49875,0.499096875,0.4966482421875,0.49999296875,0.49995,0.477421875,0.49951171875,0.49560546875,0.49996171875,0.49812421875,0.4995685546875,0.49841796875,0.48659296875,0.49904296875,0.4878904296875,0.498871875,0.4978875,0.4924201171875,0.49993671875,0.4995685546875,0.49934296875,0.49924921875,0.4995310546875,0.4999669921875,0.49995,0.4968498046875,0.4998123046875,0.48024921875,0.49780546875,0.499296875,0.49264921875,0.4999669921875,0.49812421875,0.4723875,0.49993671875,0.4960060546875,0.4976794921875,0.4960060546875,0.494221875,0.4957794921875,0.4989591796875,0.4991232421875,0.4974169921875,0.4908029296875,0.4834607421875,0.49875,0.4973263671875,0.499971875,0.4999904296875,0.4992,0.49763671875,0.4956638671875,0.4998966796875,0.4999763671875,0.499996875,0.4951857421875,0.4925732421875,0.4722404296875,0.4994513671875,0.49881171875,0.4872,0.4980076171875,0.4996716796875,0.49993671875,0.4968498046875,0.4996875,0.49512421875,0.49264921875,0.4996388671875,0.4980076171875,0.4985888671875,0.495246875,0.48966796875,0.499621875,0.49812421875,0.4941544921875,0.47924296875,0.4930232421875,0.49669921875,0.4948107421875,0.495,0.49986796875,0.49395,0.4982,0.49203046875,0.499996875,0.4975060546875,0.4850138671875,0.4991232421875,0.4994091796875,0.49965546875,0.49934296875,0.498346875,0.4993875,0.4924201171875,0.499846875,0.498346875,0.49746171875,0.4968,0.4998875,0.49993671875,0.4963341796875,0.4993875,0.4989591796875,0.4982,0.4942888671875,0.4980076171875,0.49914921875,0.4997607421875,0.4998875,0.49649296875,0.4961169921875,0.49999296875,0.4994513671875,0.4973263671875,0.49171171875,0.4992248046875,0.4967498046875,0.4999138671875,0.4983107421875,0.499296875,0.4996716796875,0.49998046875,0.4843576171875,0.499096875,0.4986544921875,0.48195,0.49943046875,0.49868671875,0.4999294921875,0.4996875,0.4919513671875,0.4999763671875,0.4995310546875,0.48490546875,0.48930546875,0.4971404296875,0.4980076171875,0.499296875,0.4938810546875,0.4846875,0.49999921875,0.4996044921875,0.4956638671875,0.4806201171875,0.49977421875,0.49943046875,0.499971875,0.49155,0.492496875,0.49999296875,0.4828875,0.4916310546875,0.4974169921875,0.4998875,0.49881171875,0.49868671875,0.4963341796875,0.4998875,0.4980857421875,0.4998357421875,0.4993875,0.49855546875,0.489121875,0.4811091796875,0.4971875,0.4963341796875,0.48875,0.4996716796875,0.4972341796875,0.4982373046875,0.48490546875,0.498871875,0.49487421875,0.4993654296875,0.4994513671875,0.49881171875,0.48,0.4994091796875,0.4999669921875,0.4986544921875,0.4996875,0.49763671875,0.4995685546875,0.4927248046875,0.4990701171875,0.4975060546875,0.496996875,0.4984875,0.49746171875,0.4954875,0.491221875,0.4999904296875,0.4983107421875,0.4987810546875,0.4984875,0.4975935546875,0.49435546875,0.4999904296875,0.499096875,0.4994513671875,0.4999435546875,0.4991232421875,0.49951171875,0.499096875,0.4994513671875,0.477421875,0.49583671875,0.4979279296875,0.49780546875,0.4846875,0.49155,0.49999296875,0.4987185546875,0.49264921875,0.49155,0.498346875,0.49999921875,0.4980857421875,0.49689921875,0.4989875,0.49965546875,0.49868671875,0.48739921875,0.49990546875,0.4990154296875,0.4949373046875,0.4999982421875,0.49746171875,0.49999921875,0.4988419921875,0.49971796875,0.49881171875,0.481471875,0.499296875,0.4992248046875,0.4997029296875,0.4998357421875,0.49763671875,0.4968498046875,0.4996875,0.4988419921875,0.491871875,0.492496875,0.4981623046875,0.4980076171875,0.499921875,0.4979279296875,0.4996875,0.4989013671875,0.499471875,0.497721875,0.4963875,0.4996716796875,0.4968
0.4999435546875,0.48171171875,0.4981623046875,0.4970451171875,0.48402421875,0.4998,0.4992248046875,0.49965546875,0.4990154296875,0.4949373046875,0.4778185546875,0.4914685546875,0.4999138671875,0.4989875,0.49649296875,0.4957794921875,0.4996875,0.492496875,0.49487421875,0.4949373046875,0.4982373046875,0.4965451171875,0.499621875,0.4998357421875,0.4992248046875,0.422971875,0.4949373046875,0.4999669921875,0.4994091796875,0.48171171875,0.4975935546875,0.49958671875,0.4832326171875,0.49796796875,0.499621875,0.491871875,0.4998357421875,0.4986544921875,0.4954279296875,0.4944216796875,0.49893046875,0.4893966796875,0.494746875,0.47355,0.499846875,0.4712,0.49999921875,0.4999560546875,0.4934591796875,0.4948107421875,0.4999875,0.4999294921875,0.4983826171875,0.4997607421875,0.49924921875,0.4990701171875,0.49868671875,0.497721875,0.48893671875,0.49893046875,0.49955,0.4992732421875,0.4966482421875,0.4960060546875,0.4944875,0.49971796875,0.495721875,0.49689921875,0.4858669921875,0.4994919921875,0.4966482421875,0.4909716796875,0.49746171875,0.49595,0.4933875,0.4818310546875,0.4990154296875,0.49999921875,0.48402421875,0.4961169921875,0.4989013671875,0.4998357421875,0.49934296875,0.4868982421875,0.4902,0.49982421875,0.49746171875,0.49924921875,0.49002421875,0.49996171875,0.4989875,0.483346875,0.499296875,0.49595,0.4965451171875,0.4969482421875,0.4981623046875,0.49628046875,0.4876951171875,0.4998779296875,0.4786013671875,0.49995,0.4982373046875,0.499746875,0.4983107421875,0.478471875,0.49138671875,0.4998875,0.4963341796875,0.4927248046875,0.470596875,0.49827421875,0.4767529296875,0.4999841796875,0.493671875,0.4999982421875,0.4999904296875,0.4991748046875,0.4888435546875,0.49943046875,0.4994513671875,0.49998046875,0.4913044921875,0.4895779296875,0.486796875,0.49934296875,0.49583671875,0.4981623046875,0.4941544921875,0.4997607421875,0.49709296875,0.4930232421875,0.49649296875,0.49709296875,0.4989013671875,0.498621875,0.4965451171875,0.4999951171875,0.49971796875,0.4965451171875,0.4967498046875,0.4946826171875,0.4999951171875,0.4999875,0.4969482421875,0.4989591796875,0.4980076171875,0.4995685546875,0.4999841796875,0.4890294921875,0.4843576171875,0.49755,0.4870998046875,0.4986544921875,0.4992248046875,0.49855546875,0.4987185546875,0.494746875,0.49294921875,0.4961169921875,0.4995310546875,0.4999998046875,0.4986544921875,0.494746875,0.4928748046875,0.4999669921875,0.49993671875,0.4999560546875,0.49998046875,0.49996171875,0.496596875,0.4996388671875,0.4991232421875,0.49990546875,0.4994091796875,0.49934296875,0.4917919921875,0.4993201171875,0.49943046875,0.4850138671875,0.49995,0.4989013671875,0.4908875,0.4997607421875,0.4997607421875,0.49746171875,0.4997326171875,0.49728046875,0.4992,0.4992,0.49998046875,0.4953076171875,0.49993671875,0.49999921875,0.49955,0.4940185546875,0.4972341796875,0.49914921875,0.4954279296875,0.4971875,0.4911388671875,0.4937419921875,0.4897576171875,0.49999921875,0.49982421875,0.4985888671875,0.49999921875,0.4940185546875,0.4992248046875,0.4917919921875,0.4999998046875,0.4775544921875,0.4745466796875,0.49487421875,0.4954279296875,0.498621875,0.4954279296875,0.5,0.49881171875,0.4899357421875,0.499471875,0.49868671875,0.4993201171875,0.4993654296875,0.4957794921875,0.4933154296875,0.4945529296875,0.49855546875,0.49606171875,0.49999296875,0.4983826171875,0.4994919921875,0.4758,0.4657107421875,0.49914921875,0.4971875,0.49998046875,0.49669921875,0.49264921875,0.4850138671875,0.4994919921875,0.48618046875,0.4944875,0.4874982421875,0.4999841796875,0.4633810546875,0.496996875,0.499921875,0.4967498046875,0.49875,0.4993875,0.4930232421875,0.48739921875,0.482421875,0.4954279296875,0.499971875,0.4880841796875,0.4866951171875,0.483346875,0.4876951171875,0.49841796875,0.4892138671875,0.49855546875,0.4997029296875,0.49990546875,0.4966482421875,0.4997029296875,0.4998123046875,0.49763671875,0.49958671875,0.4991748046875,0.49746171875,0.4950623046875,0.49395,0.49606171875,0.4846875,0.49461796875,0.49536796875,0.48074296875,0.4988419921875,0.4999841796875,0.49435546875,0.4999998046875,0.49995,0.4999841796875,0.4978875,0.4970451171875,0.494221875,0.49595,0.49606171875,0.4998779296875,0.4985216796875,0.4975935546875,0.49958671875,0.4967498046875,0.4999998046875,0.49868671875,0.49487421875,0.4990701171875,0.4984529296875,0.4995685546875,0.4996875,0.4998779296875,0.49689921875,0.49812421875,0.49977421875,0.499996875,0.49868671875,0.4983107421875,0.49971796875,0.4913044921875,0.4863875,0.499746875,0.49995,0.495,0.498871875,0.4976794921875,0.490546875,0.4967498046875,0.4991748046875,0.4998875,0.49796796875,0.4949373046875,0.4964404296875,0.4982373046875,0.4980857421875,0.4894875,0.499971875,0.49780546875,0.496596875,0.4981623046875,0.4999875,0.4999435546875,0.4970451171875,0.49999296875,0.4995685546875,0.489846875,0.4983107421875,0.4979279296875,0.4966482421875,0.49855546875,0.499996875,0.499996875,0.498346875,0.4998966796875,0.4841357421875,0.49881171875,0.4937419921875,0.4957794921875,0.4999904296875,0.4996044921875,0.49977421875,0.49934296875,0.4969482421875,0.49999921875,0.4975935546875,0.4999951171875,0.449596875,0.4999841796875,0.4950623046875,0.4999875,0.4994919921875,0.4941544921875,0.4909716796875,0.499471875,0.4989013671875,0.49689921875,0.499996875,0.4987185546875,0.4980076171875,0.4993654296875,0.4962263671875,0.4991748046875,0.4863875,0.499471875,0.494746875,0.4941544921875,0.4897576171875,0.4998357421875,0.49408671875,0.493671875,0.4997029296875,0.4986544921875,0.49294921875,0.48555,0.4981623046875,0.49105546875,0.4998576171875,0.49924921875,0.4975060546875,0.4927248046875,0.497721875,0.4989013671875,0.499471875,0.48490546875,0.49998046875,0.4954875,0.4991748046875,0.499296875,0.4995310546875,0.4995685546875,0.49924921875,0.4963341796875,0.4983107421875,0.4924201171875,0.49971796875,0.48,0.49324296875,0.4978875,0.495246875,0.4863875,0.4974169921875,0.499996875,0.49943046875,0.4944216796875,0.4902873046875,0.4999669921875,0.49155,0.498871875,0.4989013671875,0.49595,0.4999294921875,0.4866951171875,0.4998875,0.493671875,0.4992,0.48779296875,0.4954875,0.49264921875,0.4998123046875,0.497721875,0.4978466796875,0.4999138671875,0.4990154296875,0.48265546875,0.4878904296875,0.4961169921875,0.496996875,0.4825388671875,0.4995310546875,0.4999951171875,0.496996875,0.49294921875,0.49155,0.49763671875,0.4991232421875,0.49689921875,0.4989591796875,0.49999296875,0.49841796875,0.4928,0.499921875,0.49993671875,0.4983826171875,0.4998966796875,0.4999951171875,0.49595,0.4978466796875,0.49746171875,0.494746875,0.4998966796875,0.4998,0.49381171875,0.4893966796875,0.49746171875,0.49755,0.4995685546875,0.4994513671875,0.4996044921875,0.4991232421875,0.48856171875,0.4893966796875,0.492496875,0.4980857421875,0.4999435546875,0.4933875,0.4984875,0.49595,0.4996388671875,0.49868671875,0.495721875,0.4992,0.479496875,0.499296875,0.49689921875,0.4982,0.499996875,0.4988419921875,0.4933154296875,0.496996875,0.4975060546875,0.4997607421875,0.49071796875,0.4993201171875,0.468121875,0.4995310546875,0.499471875,0.4999841796875,0.4880841796875,0.4999669921875,0.4971404296875,0.486796875,0.4937419921875,0.4980076171875,0.4993875,0.4991232421875,0.48024921875,0.49914921875,0.49990546875,0.4993875,0.49943046875,0.4811091796875,0.4999435546875,0.4908875,0.4980076171875,0.495,0.499921875,0.4983107421875,0.4999435546875,0.4987810546875,0.4995685546875,0.4985216796875,0.49606171875,0.4977638671875,0.4936013671875,0.487596875,0.4975935546875,0.486796875,0.4996388671875,0.4999763671875,0.4930232421875,0.4971404296875,0.499996875,0.4983107421875,0.487596875,0.4981623046875,0.4922654296875,0.4914685546875,0.4999998046875,0.4917919921875,0.4995685546875,0.4997029296875,0.496171875,0.491871875,0.493671875,0.4933875,0.4999763671875,0.4895779296875,0.49995,0.4934591796875,0.4872998046875,0.4998123046875,0.4946826171875,0.493671875,0.48818046875,0.499296875,0.49841796875,0.49986796875,0.4988419921875,0.4987185546875,0.4951857421875,0.4989591796875,0.49408671875,0.49965546875,0.4994091796875,0.4970451171875,0.49943046875,0.499746875,0.496996875,0.49812421875,0.4994919921875,0.49689921875,0.49995,0.4989013671875,0.4902873046875,0.4975935546875,0.498046875,0.48893671875,0.48779296875,0.4974169921875,0.498871875,0.48618046875,0.49951171875,0.499296875,0.49955,0.499971875,0.4927248046875,0.4994919921875,0.498346875,0.4961169921875,0.496171875,0.4999560546875,0.4999560546875,0.4971875,0.4985216796875,0.4674875,0.4956638671875,0.49487421875,0.4953076171875,0.4928,0.4981623046875,0.492496875,0.4988419921875,0.4994919921875,0.49138671875,0.4982373046875,0.49982421875,0.4999841796875,0.491221875,0.4998576171875,0.4930232421875,0.4976794921875,0.49993671875,0.499471875,0.4983107421875,0.4968498046875,0.499296875,0.49755,0.4998123046875,0.4998875,0.4975935546875,0.49583671875,0.4951857421875,0.499096875,0.4922654296875,0.49998046875,0.491221875,0.4758,0.4991748046875,0.4930232421875,0.4953076171875,0.49881171875,0.4999841796875,0.49965546875,0.4999138671875,0.49971796875,0.4999875,0.4806201171875,0.4894875,0.4994513671875,0.499746875,0.49812421875,0.4998,0.4967498046875,0.49649296875,0.4880841796875,0.4906326171875,0.49755,0.493671875,0.49995,0.4993654296875,0.49595,0.4950623046875,0.49841796875,0.49990546875,0.4984529296875,0.49893046875,0.499621875,0.4989875,0.489121875,0.4960060546875,0.4996044921875,0.4999951171875,0.49875,0.4962263671875,0.4951857421875,0.49628046875,0.4858669921875,0.489846875,0.49998046875,0.4985216796875,0.4987185546875,0.49796796875,0.4999904296875,0.49881171875,0.4988419921875,0.4993201171875,0.499096875,0.4990154296875,0.49812421875,0.49993671875,0.4999982421875,0.498621875,0.498046875,0.47715546875,0.49071796875,0.49924921875,0.49982421875,0.4893966796875,0.493096875,0.4994919921875,0.49990546875,0.4991748046875,0.4838,0.49943046875,0.4913044921875,0.49893046875,0.4983107421875,0.4998875,0.49780546875,0.49689921875,0.497371875,0.4990701171875,0.4989591796875,0.492496875,0.4999435546875,0.49855546875,0.49294921875,0.4993201171875,0.4758,0.48739921875,0.4991232421875,0.4879875,0.4997607421875,0.4937419921875,0.482421875,0.4968498046875,0.4995310546875,0.4999669921875,0.4995685546875,0.4996044921875,0.4975935546875,0.4974169921875,0.49986796875,0.4968,0.4988419921875,0.4968,0.4957794921875,0.49203046875,0.4927248046875,0.4980076171875,0.499971875,0.4908875,0.4880841796875,0.4975060546875,0.4992248046875,0.48555,0.49951171875,0.4953076171875,0.48659296875,0.4996716796875,0.48659296875,0.496996875,0.4958935546875,0.4834607421875,0.4968498046875,0.4994513671875,0.4956638671875,0.4999998046875,0.4999560546875,0.4770216796875,0.4996044921875,0.4963875,0.4997873046875,0.4965451171875,0.4999841796875,0.49746171875,0.4872,0.49904296875,0.487596875,0.4966482421875,0.499621875,0.4913044921875,0.49996171875,0.4992,0.498621875,0.499096875,0.4996875,0.4996388671875,0.49999296875,0.49855546875,0.4988419921875,0.479496875,0.4964404296875,0.4996716796875,0.4931701171875,0.4999560546875,0.49728046875,0.46716796875,0.49996171875,0.496171875,0.49763671875,0.49512421875,0.4945529296875,0.49595,0.49881171875,0.4989591796875,0.49728046875,0.49002421875,0.4791154296875,0.4985216796875,0.4966482421875,0.49996171875,0.4999875,0.49924921875,0.4978875,0.49487421875,0.499096875,0.49998046875,0.4990701171875,0.49689921875,0.4963341796875,0.4772888671875,0.4989875,0.4979279296875,0.4878904296875,0.4989875,0.49955,0.49995,0.497371875,0.49965546875,0.49606171875,0.4934591796875,0.499471875,0.4982,0.4996044921875,0.49461796875,0.4827716796875,0.4993201171875,0.4989013671875,0.4921091796875,0.47768671875,0.4914685546875,0.4956638671875,0.4961169921875,0.4950623046875,0.4999951171875,0.49512421875,0.496996875,0.4913044921875,0.49958671875,0.4962263671875,0.4864904296875,0.49977421875,0.49914921875,0.4999998046875,0.4987810546875,0.4990701171875,0.4990154296875,0.4893966796875,0.4999294921875,0.4991748046875,0.4987185546875,0.4973263671875,0.49999921875,0.4999669921875,0.4982,0.49951171875,0.4994919921875,0.4975060546875,0.49294921875,0.4985888671875,0.4996388671875,0.49986796875,0.4994091796875,0.4971404296875,0.4946826171875,0.4997873046875,0.4998,0.4955466796875,0.49105546875,0.49934296875,0.4975060546875,0.49990546875,0.498046875,0.4997873046875,0.4997326171875,0.49998046875,0.4815919921875,0.4991232421875,0.4993201171875,0.4838,0.4994513671875,0.4983107421875,0.4999560546875,0.499746875,0.4927248046875,0.499971875,0.4988419921875,0.483346875,0.4886560546875,0.49606171875,0.49868671875,0.4993654296875,0.4892138671875,0.4818310546875,0.499996875,0.4981623046875,0.494746875,0.4767529296875,0.4998576171875,0.4993875,0.4999982421875,0.485121875,0.49037421875,0.49955,0.48024921875,0.4928748046875,0.4971875,0.49999921875,0.49649296875,0.49689921875,0.4968498046875,0.4997607421875,0.49763671875,0.499921875,0.49965546875,0.49875,0.4908029296875,0.4768875,0.4984875,0.4987185546875,0.491221875,0.4999998046875,0.4971875,0.497371875,0.4864904296875,0.499471875,0.4925732421875,0.49998046875,0.49796796875,0.4990154296875,0.4845779296875,0.4992,0.4999904296875,0.4976794921875,0.4975060546875,0.49728046875,0.4999904296875,0.49536796875,0.4980076171875,0.4957794921875,0.4978466796875,0.49606171875,0.4983826171875,0.49560546875,0.4936013671875,0.49993671875,0.49958671875,0.49868671875,0.4986544921875,0.4970451171875,0.4966482421875,0.4998,0.4996388671875,0.49982421875,0.49971796875,0.4986544921875,0.4989013671875,0.4997607421875,0.4992732421875,0.47873046875,0.4934591796875,0.4992732421875,0.4979279296875,0.48779296875,0.4908875,0.499096875,0.4985216796875,0.4951857421875,0.49105546875,0.497721875,0.499471875,0.4982,0.49689921875,0.4998,0.4997029296875,0.499296875,0.48818046875,0.4997029296875,0.4994919921875,0.4938810546875,0.4998123046875,0.49796796875,0.4996388671875,0.4996388671875,0.4996388671875,0.499971875,0.4830029296875,0.4980076171875,0.4996388671875,0.49904296875,0.49958671875,0.4971404296875,0.4967498046875,0.4999763671875,0.4996388671875,0.491871875,0.49381171875,0.496996875,0.4989013671875,0.49951171875,0.49875,0.49971796875,0.4996388671875,0.49971796875,0.4978875,0.4961169921875,0.4994513671875,0.49881171875
0.4999560546875,0.4801248046875,0.4990701171875,0.4984875,0.4793701171875,0.4992,0.49728046875,0.499471875,0.4993654296875,0.49324296875,0.47661796875,0.4922654296875,0.49999296875,0.4976794921875,0.495,0.497371875,0.499296875,0.49536796875,0.4946826171875,0.498046875,0.493671875,0.4961169921875,0.4994513671875,0.4998,0.49999296875,0.4227263671875,0.4966482421875,0.49958671875,0.4998357421875,0.484246875,0.4978466796875,0.4998,0.4813513671875,0.4995310546875,0.499621875,0.4933154296875,0.4999560546875,0.49875,0.4933154296875,0.4946826171875,0.4996044921875,0.4906326171875,0.492496875,0.4767529296875,0.49982421875,0.4712,0.49999296875,0.49977421875,0.4973263671875,0.4973263671875,0.4999841796875,0.49998046875,0.498621875,0.4997029296875,0.49827421875,0.49965546875,0.4984529296875,0.498346875,0.488371875,0.498871875,0.4967498046875,0.49999296875,0.4975935546875,0.498871875,0.489846875,0.4999560546875,0.4971404296875,0.4984529296875,0.48818046875,0.4995310546875,0.49595,0.4878904296875,0.4960060546875,0.4970451171875,0.4908029296875,0.4839123046875,0.4980857421875,0.4998576171875,0.48966796875,0.495246875,0.4997029296875,0.4997029296875,0.4980076171875,0.485971875,0.4954279296875,0.4998779296875,0.49904296875,0.4998123046875,0.48576171875,0.4999951171875,0.4993875,0.4839123046875,0.4995685546875,0.49435546875,0.49560546875,0.4969482421875,0.4988419921875,0.4977638671875,0.49002421875,0.4999904296875,0.482421875,0.49982421875,0.4994919921875,0.4998966796875,0.498871875,0.4798748046875,0.4919513671875,0.4999435546875,0.498346875,0.4872,0.4698341796875,0.4990701171875,0.46843671875,0.4996716796875,0.491871875,0.499971875,0.4999763671875,0.4992732421875,0.48779296875,0.4997029296875,0.4998357421875,0.4999138671875,0.4916310546875,0.4919513671875,0.4866951171875,0.4998357421875,0.49294921875,0.4983107421875,0.4945529296875,0.4996875,0.4981623046875,0.494221875,0.4975935546875,0.49669921875,0.49904296875,0.4974169921875,0.4982373046875,0.499971875,0.4993201171875,0.49408671875,0.49649296875,0.49595,0.49986796875,0.5,0.4968498046875,0.4988419921875,0.4995685546875,0.4997326171875,0.499296875,0.4897576171875,0.48533671875,0.4988419921875,0.49203046875,0.4988419921875,0.4999998046875,0.49855546875,0.496996875,0.49583671875,0.49234296875,0.4964404296875,0.4985216796875,0.49982421875,0.49951171875,0.493671875,0.4913044921875,0.4993875,0.49999921875,0.499096875,0.4999982421875,0.4999951171875,0.49669921875,0.4994513671875,0.49971796875,0.499996875,0.49669921875,0.49951171875,0.4888435546875,0.49943046875,0.4986544921875,0.48875,0.49993671875,0.49924921875,0.4969482421875,0.49955,0.49998046875,0.496996875,0.49971796875,0.49780546875,0.4983826171875,0.49796796875,0.4995685546875,0.4968,0.49977421875,0.4999998046875,0.4999875,0.4955466796875,0.4984875,0.499746875,0.4949373046875,0.49763671875,0.4934591796875,0.4924201171875,0.490546875,0.49993671875,0.4998357421875,0.49995,0.49993671875,0.493096875,0.4996716796875,0.49353046875,0.49971796875,0.4772888671875,0.47607421875,0.49381171875,0.495246875,0.4986544921875,0.49234296875,0.49943046875,0.49999296875,0.4893966796875,0.4994091796875,0.49841796875,0.49875,0.4987185546875,0.4950623046875,0.4948107421875,0.4953076171875,0.4994091796875,0.4974169921875,0.4998357421875,0.498621875,0.4999998046875,0.47607421875,0.47268046875,0.49971796875,0.49595,0.4997029296875,0.49583671875,0.4909716796875,0.484246875,0.49881171875,0.4872998046875,0.49755,0.488371875,0.49951171875,0.46355,0.4980076171875,0.4993654296875,0.4968498046875,0.4975935546875,0.4992,0.4933154296875,0.4909716796875,0.48311796875,0.49324296875,0.49955,0.4921091796875,0.4852294921875,0.4860763671875,0.48576171875,0.49868671875,0.4897576171875,0.499471875,0.4990701171875,0.4997873046875,0.4954875,0.4993875,0.4999138671875,0.49796796875,0.49958671875,0.4984529296875,0.4989875,0.49628046875,0.490546875,0.4936013671875,0.4820685546875,0.4948107421875,0.4937419921875,0.48,0.49796796875,0.4998576171875,0.495,0.4998875,0.4999294921875,0.4999669921875,0.49827421875,0.4969482421875,0.494746875,0.4960060546875,0.49408671875,0.4999998046875,0.4990154296875,0.4982373046875,0.4998,0.4971875,0.49971796875,0.4992732421875,0.49381171875,0.4999435546875,0.496996875,0.4997029296875,0.499621875,0.499921875,0.4969482421875,0.4968,0.4998779296875,0.49977421875,0.4974169921875,0.49583671875,0.4999669921875,0.4856560546875,0.482421875,0.49965546875,0.4999560546875,0.496996875,0.4991748046875,0.49796796875,0.4882763671875,0.4990154296875,0.4996044921875,0.4999951171875,0.4985216796875,0.49649296875,0.493096875,0.49780546875,0.4971875,0.493671875,0.4999435546875,0.498871875,0.4974169921875,0.497721875,0.4995310546875,0.49999921875,0.4972341796875,0.499471875,0.4991748046875,0.4886560546875,0.498871875,0.4973263671875,0.4928,0.49881171875,0.4998123046875,0.4997029296875,0.49914921875,0.4998123046875,0.4832326171875,0.499921875,0.4971875,0.49728046875,0.4999951171875,0.4985216796875,0.4999560546875,0.4979279296875,0.49560546875,0.4991232421875,0.49780546875,0.4996716796875,0.44430546875,0.49999296875,0.4953076171875,0.4998357421875,0.49999296875,0.4944216796875,0.49071796875,0.4996716796875,0.4992732421875,0.49669921875,0.49999921875,0.4968,0.4990701171875,0.4997029296875,0.4975935546875,0.49924921875,0.4899357421875,0.499096875,0.49606171875,0.4925732421875,0.48856171875,0.49986796875,0.4945529296875,0.49560546875,0.49999296875,0.49780546875,0.4937419921875,0.4908875,0.4976794921875,0.4921875,0.499996875,0.4993875,0.49841796875,0.4949373046875,0.496996875,0.49780546875,0.4999669921875,0.4888435546875,0.49990546875,0.4950623046875,0.499471875,0.4976794921875,0.49998046875,0.49999921875,0.4983826171875,0.49560546875,0.4997607421875,0.4892138671875,0.499746875,0.4818310546875,0.49763671875,0.495721875,0.494221875,0.4846875,0.4955466796875,0.49977421875,0.4985216796875,0.49395,0.4937419921875,0.4998,0.4928748046875,0.49855546875,0.4987810546875,0.4978875,0.4996875,0.481471875,0.499996875,0.4940185546875,0.4978875,0.4874982421875,0.490546875,0.4919513671875,0.49924921875,0.496596875,0.4994919921875,0.49982421875,0.4994513671875,0.4745466796875,0.4828875,0.49649296875,0.4963875,0.4793701171875,0.49914921875,0.4999294921875,0.49855546875,0.4963341796875,0.495721875,0.4968,0.4965451171875,0.4978466796875,0.4977638671875,0.4999669921875,0.4987185546875,0.4954875,0.4998779296875,0.49996171875,0.4982,0.4999875,0.499846875,0.492496875,0.497721875,0.4963875,0.493096875,0.499746875,0.499471875,0.4927248046875,0.48618046875,0.4956638671875,0.49796796875,0.499971875,0.4993654296875,0.4998875,0.4995310546875,0.48893671875,0.4886560546875,0.49138671875,0.4982,0.4996716796875,0.494221875,0.4979279296875,0.49583671875,0.49827421875,0.496996875,0.49461796875,0.4993201171875,0.4843576171875,0.4992,0.4945529296875,0.49958671875,0.49914921875,0.4985216796875,0.4921091796875,0.498621875,0.49780546875,0.4985888671875,0.49071796875,0.49881171875,0.470596875,0.4984529296875,0.4993875,0.4999138671875,0.4936013671875,0.4994513671875,0.4968498046875,0.48779296875,0.495246875,0.4992248046875,0.4995685546875,0.4996044921875,0.47974921875,0.4991748046875,0.49999296875,0.4991232421875,0.4981623046875,0.4803732421875,0.4997873046875,0.4911388671875,0.49728046875,0.49264921875,0.49993671875,0.4954875,0.4999982421875,0.498621875,0.4992248046875,0.49875,0.4948107421875,0.4960060546875,0.4909716796875,0.4872998046875,0.4979279296875,0.4872,0.4980857421875,0.499971875,0.4937419921875,0.4954875,0.4998,0.4982,0.48265546875,0.49868671875,0.4919513671875,0.494221875,0.4999669921875,0.49560546875,0.4994513671875,0.49971796875,0.49628046875,0.493096875,0.4913044921875,0.4917919921875,0.49986796875,0.4945529296875,0.49998046875,0.4933154296875,0.48893671875,0.5,0.49435546875,0.4921875,0.4874982421875,0.4996388671875,0.49595,0.49999921875,0.498346875,0.499296875,0.4940185546875,0.4989875,0.4963875,0.4998779296875,0.49875,0.49669921875,0.4988419921875,0.4982,0.4963875,0.4968,0.49996171875,0.49628046875,0.499996875,0.4987185546875,0.4902,0.4938810546875,0.4985888671875,0.4914685546875,0.49264921875,0.49875,0.4998779296875,0.4882763671875,0.4997029296875,0.49943046875,0.4994513671875,0.4998779296875,0.49487421875,0.4984875,0.4989013671875,0.4970451171875,0.49512421875,0.499746875,0.4994513671875,0.494746875,0.49841796875,0.46455546875,0.49171171875,0.4931701171875,0.491871875,0.4933154296875,0.49796796875,0.4956638671875,0.49796796875,0.4999841796875,0.4916310546875,0.49881171875,0.4998357421875,0.49993671875,0.4902873046875,0.49986796875,0.49155,0.49763671875,0.49999296875,0.4987810546875,0.4982,0.4973263671875,0.49958671875,0.49780546875,0.49990546875,0.49996171875,0.4972341796875,0.49755,0.4953076171875,0.4989591796875,0.49037421875,0.499971875,0.49395,0.47607421875,0.4990701171875,0.4944875,0.49395,0.49868671875,0.4998357421875,0.4998966796875,0.499621875,0.498621875,0.49990546875,0.4756623046875,0.48739921875,0.4999560546875,0.499296875,0.4980857421875,0.4998123046875,0.49628046875,0.49649296875,0.4899357421875,0.4937419921875,0.49881171875,0.4937419921875,0.4997607421875,0.4998123046875,0.4975060546875,0.495721875,0.4980857421875,0.499996875,0.4991748046875,0.49868671875,0.4995685546875,0.499096875,0.492496875,0.4944216796875,0.499096875,0.4999982421875,0.4993875,0.4965451171875,0.4928,0.4990154296875,0.4854435546875,0.4944216796875,0.5,0.496996875,0.49881171875,0.494221875,0.49993671875,0.49855546875,0.4998,0.4993875,0.4990154296875,0.4964404296875,0.49689921875,0.4998966796875,0.4999138671875,0.49649296875,0.49595,0.47715546875,0.4913044921875,0.4972341796875,0.4993201171875,0.4864904296875,0.49408671875,0.4987185546875,0.49999921875,0.499971875,0.481471875,0.4979279296875,0.4890294921875,0.4993654296875,0.498871875,0.4999904296875,0.4948107421875,0.49841796875,0.498621875,0.49709296875,0.49955,0.4940185546875,0.5,0.49914921875,0.4908029296875,0.4987810546875,0.4778185546875,0.4914685546875,0.49763671875,0.4914685546875,0.4999435546875,0.4930232421875,0.4852294921875,0.495246875,0.4998,0.4999841796875,0.4993654296875,0.49982421875,0.49812421875,0.4963875,0.4999998046875,0.4958935546875,0.4982,0.49512421875,0.494746875,0.49353046875,0.4938810546875,0.4990154296875,0.4996044921875,0.4876951171875,0.4925732421875,0.4978875,0.4993654296875,0.4890294921875,0.4993201171875,0.4968498046875,0.4886560546875,0.499996875,0.4852294921875,0.4977638671875,0.4919513671875,0.48818046875,0.4951857421875,0.4996044921875,0.4930232421875,0.49999921875,0.4999763671875,0.4789875,0.4990154296875,0.4975935546875,0.49955,0.49728046875,0.49993671875,0.49965546875,0.48739921875,0.4985216796875,0.4866951171875,0.4971404296875,0.499846875,0.4928748046875,0.49999921875,0.499621875,0.4990154296875,0.499746875,0.4996716796875,0.499621875,0.4998123046875,0.4983826171875,0.4998,0.4832326171875,0.4979279296875,0.499296875,0.4953076171875,0.4998875,0.4968498046875,0.46968046875,0.49924921875,0.49536796875,0.49628046875,0.4967498046875,0.4957794921875,0.4972341796875,0.4989591796875,0.4968498046875,0.4978466796875,0.49105546875,0.4801248046875,0.4964404296875,0.49827421875,0.4998779296875,0.499996875,0.49881171875,0.49841796875,0.49512421875,0.4996044921875,0.499921875,0.4996388671875,0.4951857421875,0.49294921875,0.47552421875,0.4985216796875,0.4990701171875,0.489121875,0.49904296875,0.49999921875,0.4999763671875,0.498871875,0.4996044921875,0.4985216796875,0.4937419921875,0.49951171875,0.499621875,0.4999841796875,0.49353046875,0.4768875,0.4989013671875,0.499096875,0.4922654296875,0.482421875,0.49512421875,0.49353046875,0.498046875,0.49583671875,0.4993875,0.49728046875,0.4989591796875,0.49002421875,0.4999998046875,0.4974169921875,0.4870998046875,0.4998357421875,0.497371875,0.4999875,0.49875,0.4999669921875,0.499471875,0.4876951171875,0.4999435546875,0.4992248046875,0.4987810546875,0.4966482421875,0.49998046875,0.4999294921875,0.4965451171875,0.4994513671875,0.4991748046875,0.4981623046875,0.4928748046875,0.4968,0.49881171875,0.49999296875,0.4998357421875,0.49669921875,0.49294921875,0.499296875,0.499621875,0.49827421875,0.48966796875,0.4989875,0.4986544921875,0.49904296875,0.49728046875,0.4998576171875,0.4995310546875,0.49996171875,0.4864904296875,0.49855546875,0.4972341796875,0.4830029296875,0.499296875,0.4975935546875,0.4996388671875,0.4997873046875,0.4913044921875,0.49955,0.4990701171875,0.4815919921875,0.48893671875,0.4978466796875,0.4941544921875,0.4996716796875,0.4882763671875,0.4770216796875,0.4999841796875,0.4985216796875,0.4971875,0.4751076171875,0.4996716796875,0.4996716796875,0.49998046875,0.4901123046875,0.48893671875,0.4999560546875,0.4798748046875,0.4937419921875,0.49796796875,0.49993671875,0.4965451171875,0.49780546875,0.49827421875,0.49977421875,0.49893046875,0.4994513671875,0.49934296875,0.49812421875,0.4928,0.4808654296875,0.4991232421875,0.4949373046875,0.48856171875,0.4999294921875,0.4985216796875,0.4954875,0.4872,0.4985216796875,0.49294921875,0.4998779296875,0.4987810546875,0.49868671875,0.4847966796875,0.49965546875,0.49996171875,0.4973263671875,0.49763671875,0.498871875,0.4999138671875,0.4944216796875,0.49827421875,0.4968,0.49746171875,0.498621875,0.49868671875,0.49138671875,0.493671875,0.4998576171875,0.49995,0.4991748046875,0.4987185546875,0.49924921875,0.4964404296875,0.49958671875,0.4989013671875,0.4996388671875,0.4993875,0.499296875,0.49904296875,0.4993875,0.4999998046875,0.4806201171875,0.4948107421875,0.4985888671875,0.4984875,0.48490546875,0.49234296875,0.4999669921875,0.4984529296875,0.4949373046875,0.48739921875,0.4990701171875,0.5,0.49855546875,0.49487421875,0.4996044921875,0.49958671875,0.4996044921875,0.4888435546875,0.49904296875,0.4997607421875,0.4937419921875,0.4996388671875,0.4978875,0.4999138671875,0.49999921875,0.49958671875,0.4996388671875,0.48533671875,0.496996875,0.49914921875,0.4993201171875,0.49977421875,0.4955466796875,0.4978875,0.499971875,0.4994919921875,0.4904607421875,0.4902,0.49595,0.4987810546875,0.4992248046875,0.49755,0.499471875,0.4999998046875,0.4996875,0.49669921875,0.4957794921875,0.4994091796875,0.4968
0.4999669921875,0.4770216796875,0.4999138671875,0.49868671875,0.47268046875,0.4988419921875,0.4980857421875,0.49914921875,0.49986796875,0.49649296875,0.47089921875,0.49234296875,0.4999560546875,0.49709296875,0.49728046875,0.4958935546875,0.4998357421875,0.4972341796875,0.49105546875,0.4975935546875,0.4955466796875,0.49669921875,0.49868671875,0.4994919921875,0.499621875,0.42921796875,0.49435546875,0.49958671875,0.49993671875,0.4886560546875,0.499296875,0.4997326171875,0.48123046875,0.4990701171875,0.4998123046875,0.49487421875,0.4999294921875,0.4996388671875,0.4973263671875,0.4953076171875,0.499746875,0.48875,0.491221875,0.4753857421875,0.4997607421875,0.4653826171875,0.49999921875,0.49955,0.49461796875,0.493096875,0.4999560546875,0.49993671875,0.49893046875,0.49999296875,0.4985888671875,0.499296875,0.4993654296875,0.49904296875,0.4872998046875,0.4968,0.497721875,0.4988419921875,0.4963875,0.4967498046875,0.48966796875,0.49977421875,0.49728046875,0.497371875,0.4879875,0.49955,0.4971404296875,0.49002421875,0.4921875,0.4984529296875,0.4892138671875,0.4815919921875,0.4993201171875,0.499996875,0.4917919921875,0.497371875,0.4987810546875,0.4999763671875,0.4981623046875,0.4860763671875,0.4917919921875,0.49977421875,0.4958935546875,0.4990701171875,0.4838,0.4999951171875,0.4971875,0.4850138671875,0.4995310546875,0.4953076171875,0.4954875,0.49709296875,0.4990154296875,0.49628046875,0.4886560546875,0.4996388671875,0.48311796875,0.49998046875,0.4988419921875,0.4999138671875,0.498621875,0.4827716796875,0.4904607421875,0.4999435546875,0.49780546875,0.4890294921875,0.47209296875,0.4990701171875,0.47089921875,0.4999998046875,0.49105546875,0.49995,0.499921875,0.4994919921875,0.4904607421875,0.499996875,0.4998966796875,0.4998779296875,0.4937419921875,0.49002421875,0.48856171875,0.4998576171875,0.4919513671875,0.497371875,0.496171875,0.4998357421875,0.4950623046875,0.494746875,0.4989013671875,0.4975060546875,0.49914921875,0.4977638671875,0.49881171875,0.4999841796875,0.49965546875,0.49234296875,0.49855546875,0.493096875,0.4999294921875,0.499996875,0.49628046875,0.4991232421875,0.49812421875,0.4997326171875,0.49993671875,0.4847966796875,0.484246875,0.4987810546875,0.4909716796875,0.4992248046875,0.49965546875,0.49924921875,0.4924201171875,0.49381171875,0.4945529296875,0.495,0.49924921875,0.4996044921875,0.4993201171875,0.49264921875,0.4944216796875,0.49990546875,0.4999875,0.4998123046875,0.4999998046875,0.49990546875,0.4961169921875,0.4994919921875,0.4988419921875,0.4995685546875,0.4979279296875,0.4980857421875,0.4916310546875,0.49914921875,0.4985216796875,0.4845779296875,0.49999921875,0.499746875,0.4911388671875,0.4990154296875,0.4999875,0.49812421875,0.4995310546875,0.49536796875,0.49827421875,0.499471875,0.4998875,0.4953076171875,0.49999921875,0.4999982421875,0.49996171875,0.4946826171875,0.4983107421875,0.4999998046875,0.497721875,0.49536796875,0.4933875,0.4914685546875,0.4933875,0.4992,0.4994919921875,0.4998875,0.4999138671875,0.49264921875,0.499621875,0.4901123046875,0.49993671875,0.4836873046875,0.4820685546875,0.49264921875,0.4954279296875,0.4973263671875,0.491221875,0.4999669921875,0.4991748046875,0.4933875,0.4990701171875,0.4936013671875,0.4984875,0.4989875,0.4963875,0.49203046875,0.496171875,0.499296875,0.4980857421875,0.4999904296875,0.4992,0.4998576171875,0.48,0.4778185546875,0.4998966796875,0.49606171875,0.49986796875,0.4973263671875,0.491221875,0.4830029296875,0.49669921875,0.48893671875,0.4970451171875,0.4866951171875,0.4994513671875,0.461496875,0.4998357421875,0.4992732421875,0.4963341796875,0.4976794921875,0.4984875,0.4917919921875,0.4878904296875,0.4836873046875,0.49234296875,0.49995,0.4886560546875,0.48699921875,0.4825388671875,0.4820685546875,0.4987185546875,0.491871875,0.49951171875,0.4983107421875,0.499971875,0.4964404296875,0.49971796875,0.49893046875,0.497371875,0.4997607421875,0.4961169921875,0.49628046875,0.494221875,0.49037421875,0.4954279296875,0.4828875,0.4931701171875,0.4944216796875,0.48123046875,0.499296875,0.49986796875,0.4934591796875,0.49990546875,0.49995,0.4999841796875,0.496996875,0.49827421875,0.4933875,0.4954875,0.49234296875,0.499921875,0.4993654296875,0.49512421875,0.49965546875,0.4978466796875,0.4998576171875,0.4996388671875,0.4916310546875,0.49999921875,0.49855546875,0.4999982421875,0.4992,0.4999435546875,0.4978466796875,0.49512421875,0.498871875,0.4999982421875,0.49583671875,0.49560546875,0.49986796875,0.4838,0.4788591796875,0.4976794921875,0.49998046875,0.49583671875,0.4997873046875,0.4964404296875,0.4892138671875,0.4983107421875,0.49999921875,0.4995685546875,0.4983826171875,0.4973263671875,0.4963875,0.4987185546875,0.4980857421875,0.4927248046875,0.499471875,0.49893046875,0.49763671875,0.49841796875,0.49993671875,0.4999841796875,0.4968498046875,0.49990546875,0.498346875,0.4879875,0.497721875,0.4960060546875,0.4965451171875,0.497721875,0.4999904296875,0.4997029296875,0.49990546875,0.4988419921875,0.4836873046875,0.4987810546875,0.4963875,0.4972341796875,0.4999841796875,0.4984529296875,0.499996875,0.498621875,0.4957794921875,0.4989013671875,0.4993654296875,0.4996388671875,0.4424123046875,0.499296875,0.4945529296875,0.4999560546875,0.4999998046875,0.4948107421875,0.4913044921875,0.49977421875,0.4978875,0.4955466796875,0.4999982421875,0.4990154296875,0.4989013671875,0.498871875,0.49353046875,0.4985216796875,0.4878904296875,0.4993654296875,0.4975935546875,0.4906326171875,0.488371875,0.4992248046875,0.49264921875,0.49763671875,0.49971796875,0.4980857421875,0.4944875,0.4890294921875,0.496996875,0.4967498046875,0.499996875,0.4992,0.4987810546875,0.4966482421875,0.496171875,0.4989013671875,0.4996716796875,0.4921091796875,0.4998576171875,0.4914685546875,0.4998,0.4993201171875,0.4999669921875,0.5,0.4988419921875,0.496596875,0.4992732421875,0.4882763671875,0.4999435546875,0.4845779296875,0.49536796875,0.4969482421875,0.494221875,0.48739921875,0.494221875,0.49951171875,0.4961169921875,0.4953076171875,0.4892138671875,0.49996171875,0.491871875,0.499096875,0.4991748046875,0.4974169921875,0.49955,0.48195,0.5,0.4913044921875,0.4987810546875,0.4906326171875,0.493096875,0.49234296875,0.49924921875,0.4967498046875,0.49977421875,0.4998357421875,0.4999435546875,0.480496875,0.478471875,0.498871875,0.49649296875,0.48490546875,0.4987185546875,0.4991748046875,0.4978875,0.4953076171875,0.4983107421875,0.4962263671875,0.495721875,0.4963875,0.498046875,0.4999875,0.49868671875,0.493096875,0.4999763671875,0.4999294921875,0.4962263671875,0.4999560546875,0.4999904296875,0.4906326171875,0.498046875,0.4965451171875,0.4971404296875,0.499921875,0.498046875,0.4934591796875,0.4856560546875,0.49583671875,0.49728046875,0.4998875,0.4984875,0.4995310546875,0.4996044921875,0.4886560546875,0.4895779296875,0.4917919921875,0.49780546875,0.49977421875,0.4954875,0.498346875,0.4945529296875,0.4998966796875,0.4954279296875,0.495721875,0.4999138671875,0.47552421875,0.4987810546875,0.4928,0.49893046875,0.499621875,0.499621875,0.4922654296875,0.4992,0.4954875,0.4978875,0.49138671875,0.4980857421875,0.466846875,0.4986544921875,0.4991748046875,0.4999841796875,0.48856171875,0.4991748046875,0.4933154296875,0.4850138671875,0.4958935546875,0.4972341796875,0.499746875,0.4996044921875,0.4723875,0.498046875,0.49998046875,0.4993201171875,0.4985216796875,0.4746875,0.4996044921875,0.4927248046875,0.4994091796875,0.4921091796875,0.4999904296875,0.4963875,0.49999921875,0.4990701171875,0.497371875,0.4994919921875,0.4930232421875,0.4949373046875,0.4931701171875,0.48779296875,0.498871875,0.4863875,0.49855546875,0.49982421875,0.4924201171875,0.4933875,0.4999998046875,0.49812421875,0.4872,0.495721875,0.4917919921875,0.4938810546875,0.49995,0.4957794921875,0.4999435546875,0.4994091796875,0.4971404296875,0.49002421875,0.4916310546875,0.4921091796875,0.4998875,0.49583671875,0.4999998046875,0.4933154296875,0.4897576171875,0.4996875,0.49105546875,0.4950623046875,0.4874982421875,0.499296875,0.49780546875,0.49971796875,0.4980076171875,0.497721875,0.494746875,0.49958671875,0.4956638671875,0.5,0.4985216796875,0.4971875,0.49914921875,0.4968,0.4958935546875,0.4975060546875,0.49943046875,0.4963875,0.499921875,0.498346875,0.4916310546875,0.49709296875,0.4987810546875,0.4901123046875,0.4921875,0.49958671875,0.4999435546875,0.48779296875,0.499846875,0.49924921875,0.499471875,0.4995310546875,0.4956638671875,0.49606171875,0.49955,0.49487421875,0.4971875,0.4994513671875,0.4991748046875,0.49461796875,0.49914921875,0.4698341796875,0.49353046875,0.49487421875,0.49294921875,0.49234296875,0.4971875,0.49512421875,0.496996875,0.49977421875,0.4933154296875,0.49796796875,0.499471875,0.4998875,0.49408671875,0.4996388671875,0.493096875,0.496996875,0.49914921875,0.4996875,0.4975060546875,0.4968,0.4994513671875,0.49924921875,0.499921875,0.4996716796875,0.4949373046875,0.4937419921875,0.4955466796875,0.49955,0.4908875,0.499621875,0.4901123046875,0.47355,0.49904296875,0.4948107421875,0.4968,0.499296875,0.4990701171875,0.49943046875,0.4999560546875,0.4980857421875,0.4998966796875,0.4836873046875,0.486796875,0.4999138671875,0.499921875,0.4980857421875,0.4999904296875,0.4953076171875,0.4963341796875,0.4862841796875,0.49002421875,0.49855546875,0.49105546875,0.4999560546875,0.49943046875,0.498346875,0.4955466796875,0.4977638671875,0.4999669921875,0.49965546875,0.4982373046875,0.49951171875,0.4989591796875,0.4911388671875,0.4951857421875,0.4995310546875,0.4998123046875,0.498346875,0.493096875,0.49512421875,0.4970451171875,0.4897576171875,0.49381171875,0.4999951171875,0.49855546875,0.4961169921875,0.4972341796875,0.499471875,0.4975935546875,0.4997029296875,0.4998,0.49875,0.4977638671875,0.4987185546875,0.4995310546875,0.49999921875,0.4967498046875,0.4949373046875,0.4745466796875,0.49203046875,0.4986544921875,0.49855546875,0.4870998046875,0.49353046875,0.49796796875,0.49999296875,0.4987810546875,0.4801248046875,0.4956638671875,0.4908875,0.49855546875,0.4968,0.5,0.49435546875,0.4993654296875,0.4968498046875,0.4984529296875,0.4991232421875,0.4946826171875,0.4998357421875,0.4989875,0.4897576171875,0.49669921875,0.4768875,0.48779296875,0.4971404296875,0.48659296875,0.49996171875,0.4927248046875,0.48490546875,0.4942888671875,0.4999435546875,0.4999560546875,0.49955,0.49971796875,0.498871875,0.4975060546875,0.4999904296875,0.4950623046875,0.49709296875,0.49796796875,0.4953076171875,0.4921091796875,0.496171875,0.4985216796875,0.4992732421875,0.4878904296875,0.4919513671875,0.4970451171875,0.4990701171875,0.4901123046875,0.4987810546875,0.4971875,0.4878904296875,0.4999560546875,0.4856560546875,0.498046875,0.4901123046875,0.4860763671875,0.4948107421875,0.499996875,0.49628046875,0.49999921875,0.4998123046875,0.4786013671875,0.4992248046875,0.495246875,0.49914921875,0.4983107421875,0.4983826171875,0.49955,0.4846875,0.49728046875,0.4894875,0.496996875,0.4997607421875,0.49037421875,0.4993654296875,0.49924921875,0.499471875,0.4977638671875,0.499996875,0.4993875,0.4992,0.49855546875,0.499971875,0.4830029296875,0.4965451171875,0.4997607421875,0.4971404296875,0.4993201171875,0.49881171875,0.471796875,0.499621875,0.4954875,0.4962263671875,0.4934591796875,0.4966482421875,0.497371875,0.4968498046875,0.4977638671875,0.4978466796875,0.492496875,0.4836873046875,0.49487421875,0.49780546875,0.499746875,0.49868671875,0.499471875,0.496996875,0.493671875,0.499921875,0.4998357421875,0.499921875,0.491871875,0.4880841796875,0.4764826171875,0.49709296875,0.4992,0.4919513671875,0.49709296875,0.4998123046875,0.4999138671875,0.49868671875,0.4997029296875,0.49951171875,0.4941544921875,0.4997326171875,0.49924921875,0.49971796875,0.4944216796875,0.47974921875,0.4961169921875,0.4997029296875,0.4933875,0.4813513671875,0.4958935546875,0.49408671875,0.497371875,0.49689921875,0.49996171875,0.49755,0.4990154296875,0.49324296875,0.4993201171875,0.4963341796875,0.4838,0.49855546875,0.4985888671875,0.49993671875,0.4971875,0.499971875,0.4994513671875,0.4872,0.49993671875,0.4993654296875,0.4971875,0.4951857421875,0.4999951171875,0.5,0.495246875,0.49996171875,0.4974169921875,0.4980076171875,0.49408671875,0.49763671875,0.49875,0.49998046875,0.4993201171875,0.4977638671875,0.49234296875,0.49914921875,0.4999875,0.4989875,0.488371875,0.4989013671875,0.4987810546875,0.4981623046875,0.4975060546875,0.4988419921875,0.49990546875,0.49943046875,0.4872,0.499921875,0.49827421875,0.4834607421875,0.4992732421875,0.49709296875,0.49924921875,0.499996875,0.4934591796875,0.49977421875,0.4992732421875,0.478471875,0.48265546875,0.4977638671875,0.4954279296875,0.4995310546875,0.4888435546875,0.4809875,0.4999998046875,0.4976794921875,0.4928,0.4780810546875,0.4999982421875,0.4994513671875,0.4999998046875,0.48533671875,0.48875,0.499996875,0.4719451171875,0.4904607421875,0.49755,0.4998,0.49595,0.49904296875,0.4990701171875,0.4996716796875,0.4968498046875,0.4993201171875,0.49951171875,0.4990154296875,0.49155,0.47768671875,0.4999138671875,0.49461796875,0.4924201171875,0.4998,0.4982,0.4945529296875,0.4832326171875,0.4991232421875,0.4921091796875,0.4999951171875,0.4989591796875,0.4995685546875,0.485121875,0.4995685546875,0.4995310546875,0.4982373046875,0.4993201171875,0.49855546875,0.4999904296875,0.4948107421875,0.4992732421875,0.49728046875,0.49914921875,0.4986544921875,0.4987810546875,0.49203046875,0.4893966796875,0.4997326171875,0.5,0.4997326171875,0.4987185546875,0.49746171875,0.4951857421875,0.49934296875,0.4984529296875,0.498871875,0.4998357421875,0.4998966796875,0.4996044921875,0.49881171875,0.4999982421875,0.4834607421875,0.493671875,0.4946826171875,0.4956638671875,0.4872,0.4908029296875,0.4996716796875,0.4982,0.4950623046875,0.4847966796875,0.4978466796875,0.4999904296875,0.49763671875,0.4928748046875,0.4989875,0.496996875,0.4999982421875,0.4899357421875,0.4996044921875,0.499921875,0.4928,0.499921875,0.4956638671875,0.4999982421875,0.49999296875,0.49951171875,0.49934296875,0.48357421875,0.49628046875,0.49971796875,0.49986796875,0.4996875,0.495721875,0.49709296875,0.4998966796875,0.49904296875,0.491221875,0.4957794921875,0.4942888671875,0.49951171875,0.499996875,0.4971404296875,0.4997607421875,0.4992732421875,0.49955,0.496596875,0.4966482421875,0.49977421875,0.4981623046875
0.4998,0.47496796875,0.499621875,0.4993654296875,0.47029296875,0.4982373046875,0.49934296875,0.4988419921875,0.49993671875,0.49583671875,0.4722404296875,0.4940185546875,0.4994513671875,0.497371875,0.4961169921875,0.4951857421875,0.4998875,0.4944216796875,0.4917919921875,0.4993201171875,0.49728046875,0.4970451171875,0.49875,0.4999904296875,0.4999982421875,0.4270857421875,0.49709296875,0.4996716796875,0.4998357421875,0.4823044921875,0.4995685546875,0.4998779296875,0.479496875,0.4995685546875,0.4978875,0.49461796875,0.4984529296875,0.4997607421875,0.4957794921875,0.49583671875,0.499971875,0.49071796875,0.495246875,0.48265546875,0.4997029296875,0.471796875,0.49996171875,0.49951171875,0.495,0.4953076171875,0.4997326171875,0.4992732421875,0.4976794921875,0.49924921875,0.4991748046875,0.4993875,0.49965546875,0.4994513671875,0.48930546875,0.49709296875,0.4985888671875,0.4997326171875,0.4971404296875,0.49669921875,0.48893671875,0.49965546875,0.49606171875,0.4951857421875,0.4860763671875,0.499471875,0.49763671875,0.488371875,0.48818046875,0.49763671875,0.4902,0.4818310546875,0.4989013671875,0.4999904296875,0.4886560546875,0.49487421875,0.498621875,0.4999294921875,0.4976794921875,0.4862841796875,0.4961169921875,0.49893046875,0.49914921875,0.4992732421875,0.48618046875,0.4999904296875,0.4982,0.4841357421875,0.4985216796875,0.4933154296875,0.49669921875,0.4968,0.49763671875,0.495721875,0.4882763671875,0.4997607421875,0.4801248046875,0.49924921875,0.49943046875,0.4999138671875,0.4986544921875,0.485971875,0.4879875,0.4998576171875,0.49827421875,0.4902,0.4739794921875,0.49995,0.4666857421875,0.4999294921875,0.49155,0.49914921875,0.49999921875,0.4998966796875,0.4897576171875,0.4999841796875,0.49958671875,0.499971875,0.4928748046875,0.49037421875,0.4913044921875,0.49996171875,0.49037421875,0.4981623046875,0.4969482421875,0.49982421875,0.4968498046875,0.49408671875,0.4989591796875,0.49943046875,0.4992248046875,0.499296875,0.4991232421875,0.499921875,0.499921875,0.4944216796875,0.49875,0.4925732421875,0.49982421875,0.4998123046875,0.4991232421875,0.49827421875,0.4982373046875,0.49999921875,0.499621875,0.48533671875,0.4874982421875,0.49868671875,0.486796875,0.4993201171875,0.49955,0.499746875,0.493671875,0.49002421875,0.49324296875,0.495246875,0.4994513671875,0.4992,0.49755,0.48930546875,0.4940185546875,0.49914921875,0.499971875,0.4997326171875,0.5,0.49999921875,0.4963875,0.49914921875,0.4993875,0.4997607421875,0.49875,0.49934296875,0.49155,0.4985216796875,0.4961169921875,0.486796875,0.5,0.4994091796875,0.4901123046875,0.498871875,0.499621875,0.4980857421875,0.4998576171875,0.49649296875,0.498046875,0.4999294921875,0.4994091796875,0.4973263671875,0.49986796875,0.4999998046875,0.4997607421875,0.4963875,0.4980076171875,0.49982421875,0.4987810546875,0.496596875,0.492496875,0.49487421875,0.494221875,0.4998123046875,0.499746875,0.4999982421875,0.4998576171875,0.4928,0.4997326171875,0.488371875,0.4999435546875,0.4839123046875,0.47715546875,0.4924201171875,0.4944875,0.498346875,0.4908029296875,0.49998046875,0.49583671875,0.49487421875,0.4995310546875,0.4949373046875,0.4997326171875,0.4993201171875,0.498621875,0.4906326171875,0.4957794921875,0.4998576171875,0.49755,0.4999951171875,0.4982,0.49996171875,0.47661796875,0.47089921875,0.4989591796875,0.494746875,0.49982421875,0.49606171875,0.4908029296875,0.47607421875,0.4958935546875,0.487596875,0.4951857421875,0.48779296875,0.4992248046875,0.461496875,0.49855546875,0.496171875,0.4987185546875,0.498346875,0.4982,0.4933875,0.49071796875,0.48490546875,0.4936013671875,0.499921875,0.4911388671875,0.48218671875,0.48265546875,0.4834607421875,0.499471875,0.4921091796875,0.4984529296875,0.49763671875,0.49841796875,0.4977638671875,0.49986796875,0.49958671875,0.4964404296875,0.49914921875,0.4963875,0.497371875,0.49435546875,0.4904607421875,0.49763671875,0.48074296875,0.4945529296875,0.4950623046875,0.48357421875,0.49924921875,0.4992732421875,0.4944216796875,0.49993671875,0.4998123046875,0.4993201171875,0.49512421875,0.4990701171875,0.49487421875,0.49155,0.49264921875,0.4997873046875,0.49868671875,0.4977638671875,0.49986796875,0.4977638671875,0.499971875,0.4989013671875,0.488371875,0.499471875,0.4970451171875,0.49990546875,0.4992,0.49977421875,0.4978466796875,0.49408671875,0.49934296875,0.4999435546875,0.49324296875,0.497371875,0.49998046875,0.4860763671875,0.4808654296875,0.49755,0.499971875,0.4948107421875,0.4992732421875,0.4971404296875,0.49037421875,0.498346875,0.499921875,0.4998875,0.4977638671875,0.498871875,0.4951857421875,0.49669921875,0.4975060546875,0.4960060546875,0.49971796875,0.4992,0.4962263671875,0.49875,0.499971875,0.4999875,0.495721875,0.4998576171875,0.495246875,0.49487421875,0.4984529296875,0.4944875,0.49763671875,0.4979279296875,0.499096875,0.4998779296875,0.49986796875,0.49934296875,0.4815919921875,0.4998966796875,0.4963875,0.4962263671875,0.499921875,0.4975935546875,0.4999669921875,0.4996716796875,0.4971404296875,0.4993654296875,0.498346875,0.4996875,0.4445138671875,0.499296875,0.49669921875,0.4989013671875,0.4999904296875,0.49002421875,0.491221875,0.4998357421875,0.4991232421875,0.49435546875,0.4999875,0.498046875,0.4983107421875,0.49977421875,0.4938810546875,0.4983826171875,0.48856171875,0.499296875,0.4971875,0.4880841796875,0.49324296875,0.49934296875,0.4880841796875,0.49868671875,0.4996044921875,0.496596875,0.4942888671875,0.4890294921875,0.495,0.49649296875,0.4998123046875,0.4994513671875,0.4994091796875,0.4928,0.4969482421875,0.4998,0.4995310546875,0.49105546875,0.49971796875,0.4897576171875,0.4984529296875,0.4999435546875,0.4995685546875,0.4999875,0.498871875,0.497371875,0.4986544921875,0.4863875,0.4999763671875,0.483346875,0.4944875,0.49796796875,0.4922654296875,0.4902,0.49324296875,0.4998,0.4974169921875,0.4971875,0.4924201171875,0.4996716796875,0.49408671875,0.4999875,0.49904296875,0.4991748046875,0.499971875,0.48171171875,0.4997326171875,0.491871875,0.4993875,0.48893671875,0.48659296875,0.4930232421875,0.4983826171875,0.49606171875,0.4991232421875,0.49993671875,0.4985888671875,0.4758,0.48576171875,0.4977638671875,0.497721875,0.47607421875,0.496996875,0.49995,0.4971404296875,0.49395,0.4978466796875,0.4948107421875,0.4957794921875,0.4944875,0.49855546875,0.4999669921875,0.4994513671875,0.49487421875,0.49951171875,0.499471875,0.4968498046875,0.4997873046875,0.49977421875,0.4937419921875,0.4957794921875,0.49628046875,0.4978875,0.4999998046875,0.49893046875,0.495,0.4858669921875,0.49536796875,0.4930232421875,0.4999435546875,0.497721875,0.4988419921875,0.49868671875,0.490546875,0.48576171875,0.4925732421875,0.49755,0.4993654296875,0.4948107421875,0.4988419921875,0.497721875,0.4999294921875,0.4953076171875,0.49606171875,0.4999951171875,0.4736935546875,0.497371875,0.49353046875,0.4985216796875,0.4999982421875,0.4997029296875,0.49536796875,0.4996716796875,0.4937419921875,0.4978875,0.4934591796875,0.498346875,0.4662,0.498871875,0.4987185546875,0.4999982421875,0.490546875,0.4994919921875,0.489121875,0.481471875,0.49171171875,0.4971875,0.49995,0.4996875,0.4699875,0.49893046875,0.499921875,0.4989013671875,0.4972341796875,0.4698341796875,0.4995685546875,0.4897576171875,0.49881171875,0.49037421875,0.49996171875,0.498046875,0.4998576171875,0.4991232421875,0.4979279296875,0.49996171875,0.4937419921875,0.490546875,0.4944216796875,0.4823044921875,0.49583671875,0.4888435546875,0.4980857421875,0.4998123046875,0.49138671875,0.49234296875,0.4998576171875,0.4975935546875,0.4862841796875,0.49904296875,0.491871875,0.4882763671875,0.499846875,0.495246875,0.499471875,0.4997029296875,0.4954875,0.4911388671875,0.4928748046875,0.4904607421875,0.4999138671875,0.4962263671875,0.4999669921875,0.4919513671875,0.48856171875,0.4994919921875,0.4922654296875,0.49689921875,0.4836873046875,0.49868671875,0.49709296875,0.49990546875,0.49868671875,0.4974169921875,0.4974169921875,0.49951171875,0.495721875,0.4997029296875,0.4991748046875,0.4975935546875,0.4980076171875,0.497721875,0.493671875,0.49780546875,0.498046875,0.4949373046875,0.4999294921875,0.49951171875,0.48930546875,0.4963341796875,0.4978466796875,0.4902,0.4927248046875,0.49875,0.499971875,0.4872998046875,0.4991232421875,0.4997326171875,0.499921875,0.499846875,0.49649296875,0.4963875,0.4996044921875,0.4945529296875,0.49763671875,0.49965546875,0.49955,0.49780546875,0.49914921875,0.4768875,0.4930232421875,0.49381171875,0.4925732421875,0.491871875,0.4989013671875,0.4936013671875,0.49893046875,0.49999296875,0.49171171875,0.49943046875,0.4999435546875,0.4998779296875,0.49487421875,0.4999982421875,0.49138671875,0.49536796875,0.4995310546875,0.499621875,0.49606171875,0.49875,0.4983107421875,0.499621875,0.49971796875,0.49924921875,0.4965451171875,0.4944216796875,0.4944875,0.4998123046875,0.4902873046875,0.4998875,0.4916310546875,0.46875,0.4995310546875,0.4908875,0.49628046875,0.49955,0.49999296875,0.4993201171875,0.49951171875,0.4975935546875,0.49977421875,0.4813513671875,0.4825388671875,0.4999998046875,0.4993875,0.499096875,0.4997607421875,0.4960060546875,0.49746171875,0.4872998046875,0.4908029296875,0.4987185546875,0.4922654296875,0.499921875,0.4997873046875,0.4987810546875,0.496171875,0.49881171875,0.49996171875,0.4993875,0.4973263671875,0.49728046875,0.49875,0.4880841796875,0.4930232421875,0.4995685546875,0.4999875,0.4968498046875,0.49234296875,0.492496875,0.4983826171875,0.49071796875,0.49155,0.49993671875,0.49881171875,0.49755,0.4990701171875,0.49965546875,0.49958671875,0.4989875,0.49868671875,0.4991232421875,0.4975060546875,0.4977638671875,0.4998966796875,0.4999763671875,0.4984529296875,0.49583671875,0.4753857421875,0.49203046875,0.49958671875,0.49881171875,0.4890294921875,0.4936013671875,0.49841796875,0.4997607421875,0.49965546875,0.48576171875,0.4954875,0.489121875,0.49958671875,0.4984529296875,0.49955,0.49487421875,0.499471875,0.49827421875,0.4994513671875,0.4983826171875,0.4933154296875,0.4997326171875,0.49914921875,0.4854435546875,0.4961169921875,0.47209296875,0.4858669921875,0.4974169921875,0.4925732421875,0.4999435546875,0.4942888671875,0.4847966796875,0.49171171875,0.4997607421875,0.4999982421875,0.4998875,0.4996875,0.4985216796875,0.4986544921875,0.49990546875,0.4976794921875,0.4962263671875,0.4975060546875,0.4940185546875,0.4934591796875,0.49487421875,0.4984529296875,0.4998875,0.4850138671875,0.49536796875,0.4931701171875,0.4980857421875,0.49324296875,0.49995,0.4911388671875,0.4927248046875,0.4999998046875,0.48446796875,0.49934296875,0.4919513671875,0.488371875,0.49583671875,0.4998779296875,0.49595,0.4999904296875,0.4995310546875,0.483346875,0.49955,0.4957794921875,0.4990154296875,0.4981623046875,0.4998875,0.4996388671875,0.4866951171875,0.49728046875,0.4888435546875,0.49649296875,0.4996044921875,0.4906326171875,0.4994513671875,0.49914921875,0.49951171875,0.4985216796875,0.49999921875,0.49904296875,0.4999435546875,0.4974169921875,0.4995685546875,0.48576171875,0.49796796875,0.49965546875,0.4928748046875,0.4990154296875,0.4985216796875,0.4746875,0.4999982421875,0.4954875,0.495721875,0.49583671875,0.49689921875,0.495721875,0.497721875,0.49728046875,0.4982,0.49264921875,0.4868982421875,0.4951857421875,0.49560546875,0.4984875,0.4994513671875,0.4995310546875,0.49669921875,0.4958935546875,0.499971875,0.49943046875,0.4992,0.4909716796875,0.488371875,0.4712,0.4983826171875,0.4996875,0.4913044921875,0.498621875,0.499096875,0.49951171875,0.4985888671875,0.499971875,0.49827421875,0.49264921875,0.4998123046875,0.49893046875,0.49998046875,0.4938810546875,0.479496875,0.4984529296875,0.49934296875,0.4922654296875,0.48739921875,0.4942888671875,0.49583671875,0.4976794921875,0.4962263671875,0.49951171875,0.49649296875,0.4989591796875,0.4921091796875,0.4994513671875,0.498346875,0.4823044921875,0.49982421875,0.4980857421875,0.4998576171875,0.4984529296875,0.4999763671875,0.4982373046875,0.4858669921875,0.499471875,0.49986796875,0.49628046875,0.496996875,0.4999875,0.4996716796875,0.4951857421875,0.4996388671875,0.4963341796875,0.4989591796875,0.4970451171875,0.4989875,0.4995685546875,0.49977421875,0.4990701171875,0.4962263671875,0.494746875,0.49841796875,0.49993671875,0.4990701171875,0.49203046875,0.4993875,0.4973263671875,0.497721875,0.497721875,0.4990701171875,0.4996044921875,0.4981623046875,0.48218671875,0.4993875,0.49746171875,0.4838,0.4996388671875,0.4993654296875,0.4993875,0.4994091796875,0.49105546875,0.49943046875,0.49924921875,0.4809875,0.48218671875,0.4958935546875,0.4946826171875,0.4990701171875,0.489121875,0.4858669921875,0.4998576171875,0.4963875,0.4930232421875,0.4734060546875,0.4996388671875,0.498621875,0.499971875,0.4863875,0.4884669921875,0.49999296875,0.4685935546875,0.48966796875,0.49841796875,0.49971796875,0.495,0.49904296875,0.4957794921875,0.4999875,0.497721875,0.49943046875,0.4992732421875,0.4995685546875,0.48875,0.4756623046875,0.4994091796875,0.494221875,0.49155,0.4999435546875,0.49841796875,0.4968,0.4882763671875,0.498346875,0.4911388671875,0.4997607421875,0.49958671875,0.49875,0.4830029296875,0.49998046875,0.4998875,0.4994513671875,0.4988419921875,0.49689921875,0.4987185546875,0.4933875,0.49812421875,0.4973263671875,0.49951171875,0.496596875,0.497721875,0.4944875,0.4917919921875,0.4996044921875,0.49951171875,0.4990154296875,0.497721875,0.4989013671875,0.4973263671875,0.4998875,0.496996875,0.4998357421875,0.4998779296875,0.4993875,0.4993654296875,0.4979279296875,0.4999998046875,0.4860763671875,0.490546875,0.49728046875,0.49461796875,0.4847966796875,0.48576171875,0.49993671875,0.49780546875,0.4968,0.4909716796875,0.4954279296875,0.499921875,0.4971875,0.4960060546875,0.4987185546875,0.4972341796875,0.49993671875,0.4874982421875,0.4999763671875,0.4999435546875,0.49138671875,0.499996875,0.4962263671875,0.499996875,0.499746875,0.4996716796875,0.4993201171875,0.4858669921875,0.4971404296875,0.49904296875,0.499971875,0.49924921875,0.49560546875,0.4968,0.4999875,0.4983107421875,0.485971875,0.4936013671875,0.4933154296875,0.49812421875,0.4999138671875,0.49689921875,0.49999921875,0.4992732421875,0.49993671875,0.49796796875,0.4984529296875,0.49993671875,0.498621875
0.4999669921875,0.4712,0.49958671875,0.4991748046875,0.4789875,0.4973263671875,0.4974169921875,0.4984529296875,0.49934296875,0.49827421875,0.4764826171875,0.4927248046875,0.4999669921875,0.499621875,0.4968,0.49461796875,0.49955,0.4953076171875,0.4925732421875,0.49977421875,0.4963875,0.4948107421875,0.4982,0.49999921875,0.49990546875,0.4303888671875,0.49763671875,0.49999296875,0.49990546875,0.48195,0.4994091796875,0.499621875,0.4845779296875,0.49998046875,0.4996044921875,0.49536796875,0.49943046875,0.49982421875,0.495721875,0.4922654296875,0.499996875,0.4911388671875,0.4958935546875,0.4783419921875,0.4999875,0.471796875,0.4999294921875,0.4997607421875,0.4964404296875,0.4931701171875,0.4999294921875,0.4995310546875,0.49746171875,0.49943046875,0.499096875,0.4994919921875,0.4998779296875,0.498621875,0.4809875,0.49709296875,0.4989013671875,0.499971875,0.49669921875,0.493671875,0.48966796875,0.4993875,0.4956638671875,0.4956638671875,0.4836873046875,0.49875,0.49560546875,0.4924201171875,0.4890294921875,0.498871875,0.492496875,0.4876951171875,0.49875,0.49998046875,0.4866951171875,0.4966482421875,0.499621875,0.4998966796875,0.4983107421875,0.4913044921875,0.4954875,0.4996044921875,0.49924921875,0.4994919921875,0.48966796875,0.4999904296875,0.49763671875,0.4872,0.49875,0.4933875,0.497371875,0.496171875,0.4983107421875,0.4948107421875,0.4919513671875,0.4995685546875,0.4746875,0.49955,0.4968,0.4999998046875,0.4997326171875,0.48024921875,0.4893966796875,0.499746875,0.49709296875,0.489121875,0.476346875,0.4999998046875,0.462871875,0.49993671875,0.4933875,0.4982,0.49996171875,0.49999921875,0.48893671875,0.49955,0.49977421875,0.4999875,0.4933875,0.49002421875,0.4911388671875,0.49986796875,0.4897576171875,0.4990154296875,0.49812421875,0.49995,0.49728046875,0.4946826171875,0.4994919921875,0.49943046875,0.4992,0.4971875,0.4987185546875,0.499746875,0.49995,0.49560546875,0.49924921875,0.49234296875,0.4998357421875,0.49904296875,0.49595,0.4975060546875,0.4993654296875,0.4992248046875,0.4999998046875,0.4860763671875,0.4866951171875,0.49958671875,0.486796875,0.4989591796875,0.499621875,0.49996171875,0.49324296875,0.49138671875,0.49294921875,0.4934591796875,0.4993201171875,0.4995685546875,0.49408671875,0.4916310546875,0.49381171875,0.4989591796875,0.4996388671875,0.4999560546875,0.4999841796875,0.49977421875,0.4963875,0.4992248046875,0.4978875,0.4988419921875,0.4994091796875,0.49914921875,0.4936013671875,0.4985888671875,0.4968,0.4847966796875,0.4999951171875,0.499296875,0.491871875,0.4993201171875,0.4998875,0.4987185546875,0.4996875,0.496171875,0.49606171875,0.4994513671875,0.4998123046875,0.4953076171875,0.499996875,0.4999560546875,0.49996171875,0.49595,0.4987810546875,0.4999669921875,0.4984529296875,0.49595,0.49606171875,0.49649296875,0.4933875,0.499996875,0.4997326171875,0.4999875,0.4980076171875,0.495246875,0.4998576171875,0.4864904296875,0.49999921875,0.4878904296875,0.4850138671875,0.4909716796875,0.496171875,0.4984875,0.48533671875,0.4999841796875,0.4985888671875,0.49536796875,0.4998779296875,0.495721875,0.4993201171875,0.4999998046875,0.4974169921875,0.49171171875,0.494746875,0.4996388671875,0.49728046875,0.4999138671875,0.49955,0.49971796875,0.4770216796875,0.4704451171875,0.498621875,0.494221875,0.4999294921875,0.496171875,0.49324296875,0.48402421875,0.4962263671875,0.4832326171875,0.4936013671875,0.4882763671875,0.4996388671875,0.4660373046875,0.49924921875,0.4973263671875,0.4971875,0.4984529296875,0.4975060546875,0.4934591796875,0.489121875,0.48311796875,0.496996875,0.49996171875,0.4944216796875,0.48446796875,0.4841357421875,0.4830029296875,0.49951171875,0.4944216796875,0.499621875,0.497371875,0.4993654296875,0.49606171875,0.4986544921875,0.4998123046875,0.49595,0.4996875,0.4973263671875,0.4963875,0.49435546875,0.48739921875,0.4962263671875,0.4806201171875,0.4961169921875,0.4971404296875,0.4775544921875,0.4996388671875,0.4997029296875,0.4908029296875,0.4994919921875,0.4997873046875,0.499846875,0.4964404296875,0.4985888671875,0.4955466796875,0.4954279296875,0.4940185546875,0.4996875,0.4999138671875,0.4957794921875,0.4999763671875,0.49868671875,0.4999294921875,0.4982373046875,0.4880841796875,0.4999294921875,0.4980857421875,0.4999560546875,0.4979279296875,0.4994919921875,0.4970451171875,0.4954875,0.4999951171875,0.4998123046875,0.4955466796875,0.494746875,0.4999138671875,0.4892138671875,0.4801248046875,0.49606171875,0.4998576171875,0.4944875,0.49796796875,0.49763671875,0.4901123046875,0.49780546875,0.4999669921875,0.499096875,0.4980076171875,0.4987810546875,0.4937419921875,0.4956638671875,0.49934296875,0.494746875,0.4999951171875,0.49868671875,0.4995310546875,0.4985888671875,0.4999138671875,0.4996044921875,0.4941544921875,0.49999921875,0.4960060546875,0.49324296875,0.4980076171875,0.49264921875,0.49827421875,0.49560546875,0.499746875,0.4999875,0.499846875,0.4985888671875,0.474121875,0.4991748046875,0.49689921875,0.496171875,0.4999951171875,0.49881171875,0.49955,0.4993201171875,0.496996875,0.4997873046875,0.49875,0.49998046875,0.4432576171875,0.499996875,0.49461796875,0.4996044921875,0.4999982421875,0.4893966796875,0.491221875,0.499996875,0.498871875,0.497721875,0.4998966796875,0.49812421875,0.49914921875,0.49855546875,0.4951857421875,0.498046875,0.4908875,0.4997029296875,0.4968498046875,0.4863875,0.4908029296875,0.49971796875,0.4936013671875,0.4981623046875,0.49971796875,0.4961169921875,0.4927248046875,0.4890294921875,0.49755,0.4933154296875,0.49995,0.4993875,0.49993671875,0.4960060546875,0.498621875,0.49893046875,0.49986796875,0.4924201171875,0.49958671875,0.4917919921875,0.4981623046875,0.49971796875,0.4998576171875,0.49995,0.4984875,0.4968498046875,0.49924921875,0.4864904296875,0.4999904296875,0.48555,0.4960060546875,0.49595,0.4968498046875,0.48856171875,0.4921875,0.4997873046875,0.49827421875,0.49536796875,0.49105546875,0.4998123046875,0.4933875,0.499971875,0.49855546875,0.4989875,0.49990546875,0.47661796875,0.4998357421875,0.49171171875,0.4993654296875,0.4880841796875,0.49037421875,0.4882763671875,0.49780546875,0.4957794921875,0.4998,0.49951171875,0.4991232421875,0.4845779296875,0.485121875,0.49763671875,0.496596875,0.480496875,0.4953076171875,0.4996875,0.4975935546875,0.49536796875,0.49914921875,0.4953076171875,0.4957794921875,0.49628046875,0.49965546875,0.499621875,0.49943046875,0.4949373046875,0.4999875,0.4997326171875,0.4971404296875,0.4992,0.49999296875,0.4913044921875,0.4993875,0.4960060546875,0.4989591796875,0.4996388671875,0.49709296875,0.4963341796875,0.4897576171875,0.495,0.4916310546875,0.4999560546875,0.4984529296875,0.499846875,0.4992732421875,0.4902873046875,0.479496875,0.4892138671875,0.4996044921875,0.4993201171875,0.4922654296875,0.49924921875,0.4954279296875,0.4999904296875,0.497371875,0.4975060546875,0.499921875,0.471796875,0.4980857421875,0.4906326171875,0.4978466796875,0.4999669921875,0.4985216796875,0.4933154296875,0.4991232421875,0.4946826171875,0.49746171875,0.491221875,0.4984875,0.4716482421875,0.49998046875,0.4985888671875,0.4999435546875,0.4930232421875,0.49982421875,0.49264921875,0.4796232421875,0.4942888671875,0.4974169921875,0.49986796875,0.49995,0.472971875,0.4989591796875,0.49998046875,0.4987810546875,0.497371875,0.4746875,0.4999998046875,0.4878904296875,0.4989591796875,0.4872,0.4999982421875,0.4977638671875,0.49999921875,0.4993875,0.49746171875,0.49986796875,0.49461796875,0.49487421875,0.4927248046875,0.4748279296875,0.4934591796875,0.4884669921875,0.49827421875,0.49999296875,0.49037421875,0.49264921875,0.499996875,0.4977638671875,0.481471875,0.49855546875,0.492496875,0.491221875,0.4999669921875,0.49583671875,0.49943046875,0.4987810546875,0.4964404296875,0.49381171875,0.4930232421875,0.492496875,0.49995,0.4962263671875,0.4999763671875,0.4914685546875,0.4878904296875,0.4998966796875,0.4934591796875,0.4978875,0.4901123046875,0.4984529296875,0.498046875,0.49977421875,0.49827421875,0.4971875,0.49560546875,0.49924921875,0.4949373046875,0.499846875,0.499921875,0.494221875,0.4983826171875,0.4981623046875,0.4937419921875,0.4980076171875,0.4978875,0.4933154296875,0.4997029296875,0.4985216796875,0.4886560546875,0.49669921875,0.4971875,0.4928,0.4914685546875,0.49904296875,0.499621875,0.4836873046875,0.4966482421875,0.4991748046875,0.4995685546875,0.4994919921875,0.49796796875,0.4965451171875,0.49893046875,0.4924201171875,0.4961169921875,0.4999294921875,0.4999841796875,0.4986544921875,0.4997873046875,0.4719451171875,0.4911388671875,0.4927248046875,0.4922654296875,0.4925732421875,0.49746171875,0.49264921875,0.49924921875,0.4999998046875,0.49138671875,0.4998779296875,0.499921875,0.4999669921875,0.495246875,0.4999138671875,0.4941544921875,0.4985888671875,0.499746875,0.4992248046875,0.4977638671875,0.4992248046875,0.4984529296875,0.4999138671875,0.49934296875,0.4985888671875,0.4991748046875,0.4948107421875,0.4925732421875,0.49841796875,0.4922654296875,0.499296875,0.4917919921875,0.462871875,0.4993201171875,0.4927248046875,0.4963341796875,0.49796796875,0.498871875,0.49977421875,0.4999982421875,0.498346875,0.49982421875,0.48555,0.485121875,0.499971875,0.49914921875,0.4995685546875,0.4998123046875,0.497371875,0.4972341796875,0.4884669921875,0.4921091796875,0.49812421875,0.4870998046875,0.49971796875,0.4996716796875,0.4989013671875,0.49512421875,0.49958671875,0.49996171875,0.49958671875,0.4992732421875,0.4971404296875,0.499921875,0.4888435546875,0.49294921875,0.4987810546875,0.49990546875,0.4976794921875,0.49105546875,0.4921875,0.49881171875,0.4904607421875,0.49435546875,0.4998357421875,0.4991232421875,0.4965451171875,0.4995310546875,0.4991232421875,0.4994919921875,0.49924921875,0.4993654296875,0.4992732421875,0.49669921875,0.4987810546875,0.4999560546875,0.4999294921875,0.49855546875,0.49746171875,0.4783419921875,0.49105546875,0.49812421875,0.4993875,0.49203046875,0.4938810546875,0.4979279296875,0.499846875,0.49971796875,0.48966796875,0.4953076171875,0.49037421875,0.4989875,0.4978466796875,0.4990154296875,0.497371875,0.4978875,0.4979279296875,0.4996875,0.4993201171875,0.4928,0.49995,0.4980076171875,0.4838,0.495,0.4725341796875,0.48265546875,0.4966482421875,0.4901123046875,0.4998576171875,0.494221875,0.4874982421875,0.493671875,0.4998123046875,0.4999669921875,0.4999435546875,0.4998875,0.4985216796875,0.49914921875,0.49977421875,0.4982373046875,0.4983107421875,0.498046875,0.49487421875,0.4914685546875,0.49560546875,0.49755,0.499846875,0.48893671875,0.49234296875,0.4957794921875,0.4985216796875,0.49487421875,0.499921875,0.49037421875,0.4895779296875,0.4998123046875,0.48265546875,0.49841796875,0.4931701171875,0.4856560546875,0.49689921875,0.49990546875,0.4961169921875,0.499996875,0.49958671875,0.4838,0.49993671875,0.49628046875,0.499921875,0.49868671875,0.4998576171875,0.4999294921875,0.4876951171875,0.49914921875,0.48779296875,0.4962263671875,0.4998875,0.4919513671875,0.4999904296875,0.49958671875,0.4975935546875,0.4995685546875,0.4999560546875,0.4994919921875,0.49924921875,0.49746171875,0.4999951171875,0.4868982421875,0.4978875,0.49995,0.4941544921875,0.49904296875,0.4970451171875,0.4710498046875,0.4993654296875,0.49628046875,0.49755,0.49841796875,0.499096875,0.4973263671875,0.49606171875,0.4975060546875,0.4982373046875,0.4906326171875,0.4834607421875,0.49583671875,0.4971404296875,0.49904296875,0.4996388671875,0.49958671875,0.4967498046875,0.4973263671875,0.49977421875,0.4990154296875,0.4989875,0.4908875,0.491871875,0.46521796875,0.4993201171875,0.49977421875,0.491221875,0.49875,0.4989591796875,0.4991748046875,0.4978466796875,0.49998046875,0.4976794921875,0.4899357421875,0.4990701171875,0.4995685546875,0.4999998046875,0.491871875,0.4828875,0.4992248046875,0.49904296875,0.4937419921875,0.4897576171875,0.49560546875,0.4951857421875,0.4955466796875,0.49560546875,0.4993654296875,0.49606171875,0.4978466796875,0.4906326171875,0.4994513671875,0.49595,0.48402421875,0.4996716796875,0.4983107421875,0.4993875,0.4984529296875,0.4996875,0.49812421875,0.486796875,0.4996044921875,0.4999138671875,0.496171875,0.4961169921875,0.499846875,0.49986796875,0.4928,0.4975060546875,0.49841796875,0.49812421875,0.4954875,0.4984875,0.4983826171875,0.49958671875,0.4993875,0.4975060546875,0.4934591796875,0.4982,0.4999998046875,0.49827421875,0.49395,0.4986544921875,0.4963875,0.49583671875,0.49583671875,0.49875,0.4999138671875,0.49583671875,0.4836873046875,0.49982421875,0.49951171875,0.4813513671875,0.4994919921875,0.4985216796875,0.498621875,0.49881171875,0.49171171875,0.4998779296875,0.49965546875,0.47768671875,0.48074296875,0.49746171875,0.49324296875,0.4996875,0.489846875,0.4854435546875,0.49996171875,0.4965451171875,0.4938810546875,0.47607421875,0.4998576171875,0.4974169921875,0.4997873046875,0.4847966796875,0.49037421875,0.49993671875,0.4722404296875,0.49071796875,0.49812421875,0.4994091796875,0.49606171875,0.49893046875,0.497721875,0.4999875,0.4966482421875,0.4999841796875,0.4992732421875,0.4997029296875,0.4872998046875,0.4820685546875,0.4996716796875,0.49408671875,0.49324296875,0.4999560546875,0.49855546875,0.4970451171875,0.4913044921875,0.49855546875,0.4892138671875,0.4995685546875,0.499296875,0.4957794921875,0.4823044921875,0.499471875,0.499471875,0.498871875,0.49875,0.4967498046875,0.499296875,0.49628046875,0.498621875,0.49728046875,0.49982421875,0.4976794921875,0.49649296875,0.494221875,0.4924201171875,0.49924921875,0.499471875,0.4978466796875,0.496596875,0.4987185546875,0.4973263671875,0.4999875,0.4969482421875,0.4998357421875,0.4992732421875,0.4990701171875,0.4988419921875,0.49893046875,0.4992,0.4834607421875,0.4941544921875,0.4998123046875,0.49461796875,0.4858669921875,0.4870998046875,0.49999921875,0.4964404296875,0.49669921875,0.49324296875,0.49536796875,0.4997029296875,0.4981623046875,0.4981623046875,0.4984529296875,0.499746875,0.49993671875,0.489121875,0.4999138671875,0.4999951171875,0.4948107421875,0.49996171875,0.4964404296875,0.49993671875,0.4996044921875,0.4994513671875,0.4987810546875,0.48074296875,0.4984529296875,0.4987185546875,0.4999998046875,0.4982,0.4933154296875,0.4967498046875,0.4993875,0.4998966796875,0.48818046875,0.4938810546875,0.495721875,0.4989591796875,0.4998875,0.4973263671875,0.4997873046875,0.49924921875,0.4997607421875,0.4984875,0.4997607421875,0.49986796875,0.49689921875
0.499846875,0.47149921875,0.498046875,0.4988419921875,0.4793701171875,0.49868671875,0.4978875,0.4982,0.49841796875,0.4968498046875,0.47821171875,0.4922654296875,0.49995,0.499621875,0.49763671875,0.4925732421875,0.49943046875,0.49408671875,0.49264921875,0.4999875,0.49746171875,0.49649296875,0.4989591796875,0.5,0.4998779296875,0.4289826171875,0.496996875,0.49996171875,0.4999138671875,0.4838,0.4984529296875,0.4996875,0.482421875,0.499096875,0.499621875,0.4960060546875,0.49995,0.4998357421875,0.4963341796875,0.4921091796875,0.49996171875,0.4866951171875,0.4945529296875,0.475246875,0.4999951171875,0.4663623046875,0.4998123046875,0.499471875,0.4990154296875,0.4962263671875,0.4999875,0.4997029296875,0.4963875,0.49893046875,0.4983826171875,0.49914921875,0.49990546875,0.4984529296875,0.48195,0.4980076171875,0.497371875,0.49999296875,0.4982373046875,0.49583671875,0.4888435546875,0.49881171875,0.4967498046875,0.4964404296875,0.485971875,0.4995310546875,0.496996875,0.4893966796875,0.48699921875,0.4996388671875,0.4908029296875,0.4818310546875,0.4981623046875,0.4999138671875,0.4854435546875,0.49487421875,0.4997607421875,0.49965546875,0.4980076171875,0.4921875,0.4941544921875,0.49999921875,0.497721875,0.4999138671875,0.48966796875,0.4996388671875,0.4987185546875,0.4862841796875,0.4984875,0.4954875,0.4978875,0.4937419921875,0.4975060546875,0.49512421875,0.4911388671875,0.4997326171875,0.4739794921875,0.4996044921875,0.4982,0.5,0.49990546875,0.484246875,0.4864904296875,0.4999763671875,0.4968,0.49155,0.4786013671875,0.4998357421875,0.4685935546875,0.49986796875,0.4946826171875,0.4978875,0.49993671875,0.4996044921875,0.49138671875,0.4997607421875,0.4989875,0.4998966796875,0.4956638671875,0.4901123046875,0.4922654296875,0.4999763671875,0.49171171875,0.499996875,0.49796796875,0.499996875,0.4956638671875,0.49461796875,0.4997029296875,0.4994513671875,0.49827421875,0.495721875,0.4992732421875,0.499471875,0.49999296875,0.4928748046875,0.4995310546875,0.4941544921875,0.4999998046875,0.49875,0.495,0.49728046875,0.4980857421875,0.4999138671875,0.4999875,0.48818046875,0.4838,0.4990154296875,0.4854435546875,0.4995310546875,0.4998966796875,0.4998357421875,0.4963341796875,0.4906326171875,0.492496875,0.4945529296875,0.499471875,0.49986796875,0.4944875,0.4922654296875,0.49595,0.4983826171875,0.4997029296875,0.49924921875,0.4999998046875,0.4990154296875,0.495,0.49955,0.4984875,0.4980076171875,0.4988419921875,0.4998,0.49234296875,0.4986544921875,0.49669921875,0.4862841796875,0.4998,0.4998576171875,0.49294921875,0.49796796875,0.4998576171875,0.49746171875,0.49914921875,0.49868671875,0.496596875,0.49827421875,0.4993201171875,0.4954875,0.4999294921875,0.4999982421875,0.4999294921875,0.4961169921875,0.49649296875,0.49999921875,0.497721875,0.49796796875,0.496596875,0.49827421875,0.48856171875,0.49996171875,0.49943046875,0.4999982421875,0.4981623046875,0.491221875,0.4994919921875,0.4775544921875,0.4992732421875,0.4806201171875,0.4839123046875,0.49264921875,0.4942888671875,0.4975060546875,0.488371875,0.4997607421875,0.49996171875,0.49583671875,0.49855546875,0.49435546875,0.4999294921875,0.499296875,0.4978466796875,0.49649296875,0.4913044921875,0.499471875,0.4983826171875,0.4998779296875,0.4963875,0.49995,0.4759373046875,0.47029296875,0.4977638671875,0.49487421875,0.49955,0.498346875,0.49324296875,0.4836873046875,0.4983107421875,0.48311796875,0.4946826171875,0.48576171875,0.499471875,0.46253046875,0.4986544921875,0.4975935546875,0.4969482421875,0.49728046875,0.4962263671875,0.495,0.48856171875,0.4838,0.4960060546875,0.49990546875,0.49606171875,0.4854435546875,0.4847966796875,0.4838,0.4996044921875,0.493096875,0.4996875,0.49583671875,0.4998,0.4963875,0.498046875,0.4992248046875,0.4946826171875,0.499296875,0.4994091796875,0.4942888671875,0.4938810546875,0.4944216796875,0.4931701171875,0.4828875,0.4899357421875,0.4983107421875,0.47821171875,0.4993201171875,0.4999560546875,0.49037421875,0.4997607421875,0.4989013671875,0.4992732421875,0.4949373046875,0.4975935546875,0.49324296875,0.489846875,0.49487421875,0.49881171875,0.4993201171875,0.49728046875,0.4999841796875,0.496996875,0.4999138671875,0.49755,0.4870998046875,0.4991748046875,0.4992,0.4996388671875,0.4975060546875,0.4990154296875,0.4961169921875,0.4909716796875,0.4999982421875,0.49998046875,0.49002421875,0.4948107421875,0.4999904296875,0.489121875,0.47873046875,0.496596875,0.4998,0.4909716796875,0.4981623046875,0.4981623046875,0.4866951171875,0.49881171875,0.4999138671875,0.4986544921875,0.4978466796875,0.49780546875,0.495246875,0.4971875,0.49812421875,0.4968,0.4999560546875,0.4980076171875,0.4987810546875,0.49951171875,0.49998046875,0.4997029296875,0.494221875,0.4998,0.4946826171875,0.4927248046875,0.4971875,0.49408671875,0.497371875,0.4946826171875,0.49996171875,0.4999875,0.4999560546875,0.4966482421875,0.4682794921875,0.4981623046875,0.49746171875,0.49649296875,0.4999435546875,0.4996388671875,0.4997873046875,0.4984875,0.4967498046875,0.49999921875,0.49780546875,0.4999560546875,0.45195,0.4999294921875,0.4938810546875,0.4995310546875,0.4997607421875,0.48875,0.4917919921875,0.4992,0.4995310546875,0.4941544921875,0.49998046875,0.4982,0.495721875,0.4989875,0.4955466796875,0.4969482421875,0.4876951171875,0.4984529296875,0.4962263671875,0.4879875,0.4938810546875,0.4993201171875,0.4908029296875,0.4979279296875,0.4999294921875,0.4960060546875,0.4949373046875,0.488371875,0.4949373046875,0.492496875,0.49999921875,0.4999669921875,0.4998,0.493096875,0.4982,0.4994513671875,0.49977421875,0.49512421875,0.4996875,0.4904607421875,0.4991232421875,0.49914921875,0.49881171875,0.4977638671875,0.49893046875,0.49875,0.4984875,0.4796232421875,0.49999296875,0.4856560546875,0.4937419921875,0.497371875,0.49536796875,0.485121875,0.49294921875,0.4994091796875,0.4978875,0.4955466796875,0.4856560546875,0.49951171875,0.491871875,0.49982421875,0.4971875,0.49924921875,0.49881171875,0.48171171875,0.4997873046875,0.4928,0.4997607421875,0.48893671875,0.48779296875,0.4854435546875,0.4965451171875,0.49435546875,0.4998875,0.4978466796875,0.4993201171875,0.4870998046875,0.48311796875,0.49780546875,0.4977638671875,0.47383671875,0.4941544921875,0.49990546875,0.4971875,0.49395,0.4985888671875,0.4930232421875,0.49689921875,0.4951857421875,0.4998576171875,0.4996875,0.4998779296875,0.496996875,0.4999841796875,0.4999669921875,0.4966482421875,0.49955,0.49993671875,0.487596875,0.4993654296875,0.4977638671875,0.4978875,0.4996388671875,0.4945529296875,0.4951857421875,0.4886560546875,0.495246875,0.4948107421875,0.4997873046875,0.4966482421875,0.4999560546875,0.4996716796875,0.49071796875,0.485121875,0.48818046875,0.49971796875,0.4999435546875,0.491871875,0.4994513671875,0.49728046875,0.49996171875,0.49780546875,0.4982373046875,0.4993654296875,0.47268046875,0.4990701171875,0.4922654296875,0.49841796875,0.4999669921875,0.49881171875,0.4940185546875,0.4996044921875,0.493671875,0.4972341796875,0.49841796875,0.4998,0.4673279296875,0.49990546875,0.49827421875,0.49958671875,0.4908029296875,0.4994919921875,0.4965451171875,0.4731169921875,0.4948107421875,0.49669921875,0.499996875,0.49977421875,0.4745466796875,0.4986544921875,0.4999998046875,0.4991232421875,0.4993654296875,0.4670076171875,0.49958671875,0.48875,0.49689921875,0.4886560546875,0.4999763671875,0.49796796875,0.499621875,0.4996716796875,0.4973263671875,0.4999763671875,0.495246875,0.4944216796875,0.4924201171875,0.4852294921875,0.4928,0.4880841796875,0.4984875,0.4998875,0.4913044921875,0.4914685546875,0.4996875,0.4971404296875,0.4783419921875,0.49709296875,0.48893671875,0.4933154296875,0.49996171875,0.4972341796875,0.4999982421875,0.4968,0.4963875,0.49264921875,0.4925732421875,0.4901123046875,0.4998966796875,0.4941544921875,0.4999875,0.4886560546875,0.48265546875,0.49977421875,0.4940185546875,0.4964404296875,0.4919513671875,0.4991232421875,0.49689921875,0.4998576171875,0.4977638671875,0.4954875,0.49595,0.49924921875,0.4950623046875,0.4995310546875,0.4993875,0.4978466796875,0.4980076171875,0.49796796875,0.4956638671875,0.4997607421875,0.49958671875,0.4924201171875,0.49993671875,0.4986544921875,0.4850138671875,0.496171875,0.49728046875,0.48875,0.4919513671875,0.4984875,0.4987810546875,0.485971875,0.49595,0.49875,0.49958671875,0.4996875,0.49689921875,0.49649296875,0.4997029296875,0.4956638671875,0.4957794921875,0.4997326171875,0.4998966796875,0.4960060546875,0.49943046875,0.47715546875,0.4890294921875,0.4908875,0.4938810546875,0.49353046875,0.49583671875,0.493096875,0.4982,0.49999921875,0.4928,0.4992248046875,0.4999841796875,0.4998,0.4927248046875,0.4998966796875,0.4954279296875,0.4977638671875,0.49971796875,0.49827421875,0.4970451171875,0.499096875,0.4983826171875,0.49965546875,0.499621875,0.4989013671875,0.4989013671875,0.4934591796875,0.4940185546875,0.4992,0.4904607421875,0.498046875,0.4931701171875,0.4602732421875,0.4995685546875,0.491221875,0.4963875,0.4962263671875,0.4999560546875,0.499846875,0.499996875,0.4970451171875,0.4995685546875,0.4830029296875,0.4806201171875,0.499996875,0.4989875,0.4999998046875,0.49977421875,0.4985216796875,0.4968498046875,0.4895779296875,0.48893671875,0.4984875,0.486796875,0.4999138671875,0.4997607421875,0.4967498046875,0.49536796875,0.4995310546875,0.4998875,0.498871875,0.4978875,0.49763671875,0.49998046875,0.4895779296875,0.49264921875,0.49780546875,0.49951171875,0.49893046875,0.4930232421875,0.486796875,0.499296875,0.4872998046875,0.4928,0.4998357421875,0.4995685546875,0.49408671875,0.4979279296875,0.4989013671875,0.4996044921875,0.4987810546875,0.49986796875,0.4994513671875,0.49746171875,0.49904296875,0.4993875,0.4991232421875,0.49755,0.49669921875,0.4762107421875,0.4913044921875,0.49728046875,0.4988419921875,0.491221875,0.491221875,0.4997326171875,0.4993875,0.49999296875,0.4888435546875,0.4973263671875,0.4901123046875,0.4998,0.4979279296875,0.49934296875,0.4968,0.4969482421875,0.49914921875,0.4996044921875,0.4991748046875,0.493671875,0.4999951171875,0.4982373046875,0.4850138671875,0.49560546875,0.47149921875,0.48218671875,0.4975060546875,0.4854435546875,0.4999560546875,0.493096875,0.4827716796875,0.4931701171875,0.4997607421875,0.4999763671875,0.4995310546875,0.49993671875,0.4955466796875,0.4984529296875,0.5,0.4964404296875,0.4989013671875,0.4972341796875,0.49649296875,0.49294921875,0.4966482421875,0.4954875,0.4997607421875,0.48533671875,0.4899357421875,0.4917919921875,0.4991748046875,0.49408671875,0.4983826171875,0.4922654296875,0.49138671875,0.4990154296875,0.484246875,0.4984875,0.4945529296875,0.4860763671875,0.49709296875,0.4998576171875,0.49628046875,0.49995,0.49934296875,0.48533671875,0.499971875,0.4951857421875,0.49990546875,0.49812421875,0.4997326171875,0.49955,0.486796875,0.4983826171875,0.48490546875,0.4972341796875,0.49995,0.48739921875,0.499621875,0.4998,0.4983826171875,0.4984875,0.499996875,0.4991748046875,0.49982421875,0.4968,0.49999921875,0.48576171875,0.49881171875,0.49998046875,0.4953076171875,0.4983826171875,0.4961169921875,0.4674875,0.498871875,0.4953076171875,0.4961169921875,0.4984875,0.4973263671875,0.4976794921875,0.49755,0.496171875,0.4980857421875,0.4945529296875,0.4813513671875,0.49381171875,0.4945529296875,0.4985888671875,0.4992732421875,0.499471875,0.4973263671875,0.4976794921875,0.4997326171875,0.49841796875,0.4985888671875,0.4948107421875,0.4946826171875,0.4723875,0.499296875,0.4979279296875,0.4921091796875,0.4999560546875,0.499921875,0.4973263671875,0.4979279296875,0.49977421875,0.49780546875,0.48818046875,0.499621875,0.4989875,0.4996875,0.4921875,0.4808654296875,0.4981623046875,0.4993654296875,0.4940185546875,0.48930546875,0.4954875,0.49264921875,0.4960060546875,0.495246875,0.4998966796875,0.496596875,0.4983107421875,0.4914685546875,0.4998875,0.496596875,0.48357421875,0.4998,0.497371875,0.4997873046875,0.49536796875,0.499621875,0.4991748046875,0.4863875,0.4982373046875,0.4998123046875,0.4948107421875,0.4978466796875,0.49986796875,0.49995,0.4933875,0.4989591796875,0.4989875,0.4971404296875,0.495721875,0.49728046875,0.4983826171875,0.4995310546875,0.499846875,0.4973263671875,0.49487421875,0.49827421875,0.4998875,0.4996044921875,0.4913044921875,0.49606171875,0.4975935546875,0.4979279296875,0.49728046875,0.4990701171875,0.4994513671875,0.495246875,0.47924296875,0.49914921875,0.4988419921875,0.4793701171875,0.49995,0.4991748046875,0.498046875,0.4989875,0.4921091796875,0.4989875,0.49982421875,0.4786013671875,0.4825388671875,0.4974169921875,0.4895779296875,0.49982421875,0.489846875,0.4825388671875,0.49999921875,0.4971404296875,0.4941544921875,0.47607421875,0.4998357421875,0.49841796875,0.49999296875,0.4864904296875,0.4911388671875,0.4996388671875,0.4699875,0.4921875,0.49709296875,0.49958671875,0.49408671875,0.4987185546875,0.49669921875,0.49982421875,0.4987810546875,0.4999763671875,0.49709296875,0.4987185546875,0.4872998046875,0.4811091796875,0.499921875,0.4951857421875,0.4936013671875,0.4997326171875,0.4990154296875,0.49755,0.48739921875,0.49763671875,0.4893966796875,0.4998779296875,0.4997029296875,0.498346875,0.4818310546875,0.499996875,0.4999138671875,0.49934296875,0.4982373046875,0.497371875,0.49904296875,0.4974169921875,0.4978875,0.4973263671875,0.49855546875,0.4956638671875,0.4979279296875,0.4941544921875,0.4914685546875,0.4993201171875,0.49996171875,0.4987185546875,0.4980076171875,0.4993201171875,0.4978875,0.4999951171875,0.4980857421875,0.49998046875,0.499096875,0.499096875,0.4987185546875,0.49812421875,0.4992732421875,0.4850138671875,0.497721875,0.4988419921875,0.4956638671875,0.49155,0.48930546875,0.4991748046875,0.4963341796875,0.49763671875,0.4933875,0.49628046875,0.4999294921875,0.49924921875,0.4951857421875,0.499096875,0.4990154296875,0.4999951171875,0.49071796875,0.4999138671875,0.49977421875,0.4954875,0.5,0.4974169921875,0.4999669921875,0.4998875,0.4982373046875,0.4999875,0.4843576171875,0.4997873046875,0.4998357421875,0.499996875,0.498346875,0.4914685546875,0.49709296875,0.4999841796875,0.4993875,0.48699921875,0.49408671875,0.4944875,0.4994513671875,0.4996716796875,0.497721875,0.49998046875,0.4993201171875,0.4996044921875,0.49746171875,0.49986796875,0.49986796875,0.4985888671875
0.49977421875,0.47326171875,0.499471875,0.49893046875,0.480496875,0.4979279296875,0.4987185546875,0.49728046875,0.4977638671875,0.498621875,0.4753857421875,0.4888435546875,0.49999921875,0.4989591796875,0.49669921875,0.493096875,0.499971875,0.49812421875,0.492496875,0.4987185546875,0.498871875,0.49595,0.49914921875,0.4999669921875,0.499996875,0.428746875,0.4979279296875,0.4999294921875,0.498621875,0.48446796875,0.49868671875,0.4994091796875,0.4847966796875,0.4982373046875,0.4999982421875,0.49649296875,0.4999138671875,0.4999138671875,0.496171875,0.4925732421875,0.4999951171875,0.4908029296875,0.4950623046875,0.4770216796875,0.499621875,0.4748279296875,0.5,0.49971796875,0.4983826171875,0.4973263671875,0.49990546875,0.4999841796875,0.4978875,0.499296875,0.49893046875,0.4989875,0.4996716796875,0.496996875,0.479496875,0.4992,0.4982,0.4996875,0.4954875,0.4956638671875,0.49264921875,0.49796796875,0.4968,0.4955466796875,0.4927248046875,0.4995310546875,0.49841796875,0.49071796875,0.4899357421875,0.49827421875,0.4886560546875,0.48490546875,0.4982373046875,0.4996875,0.48739921875,0.497721875,0.4998,0.498871875,0.4984529296875,0.49138671875,0.496596875,0.4997326171875,0.498621875,0.499621875,0.4890294921875,0.4993654296875,0.49780546875,0.484246875,0.4984529296875,0.49487421875,0.497371875,0.4928,0.497721875,0.4971404296875,0.4919513671875,0.499296875,0.47715546875,0.4986544921875,0.4992248046875,0.49958671875,0.4999763671875,0.48074296875,0.4897576171875,0.4998875,0.4989591796875,0.49234296875,0.4712,0.499846875,0.4666857421875,0.49986796875,0.4937419921875,0.498621875,0.4994091796875,0.4999951171875,0.4940185546875,0.4999560546875,0.49881171875,0.4999904296875,0.495246875,0.486796875,0.4901123046875,0.49998046875,0.4886560546875,0.49904296875,0.4961169921875,0.49990546875,0.4968,0.4965451171875,0.4993201171875,0.4968498046875,0.49943046875,0.496171875,0.49841796875,0.4998357421875,0.4998966796875,0.4946826171875,0.49934296875,0.4899357421875,0.4999669921875,0.4983826171875,0.4964404296875,0.49689921875,0.4982,0.499921875,0.49998046875,0.48930546875,0.4870998046875,0.4982373046875,0.4888435546875,0.4998576171875,0.49982421875,0.498346875,0.4958935546875,0.4930232421875,0.4870998046875,0.49536796875,0.49965546875,0.4999904296875,0.4953076171875,0.4913044921875,0.4957794921875,0.4998357421875,0.4998779296875,0.4996875,0.499921875,0.4996388671875,0.493671875,0.4995310546875,0.49914921875,0.49746171875,0.4991232421875,0.499971875,0.4927248046875,0.49780546875,0.4983826171875,0.49138671875,0.4998357421875,0.4997326171875,0.49294921875,0.4982373046875,0.4996044921875,0.49763671875,0.4984875,0.4980857421875,0.493671875,0.4993875,0.49993671875,0.49583671875,0.4997607421875,0.49998046875,0.4999763671875,0.4973263671875,0.49943046875,0.4998966796875,0.4993201171875,0.4962263671875,0.493671875,0.49868671875,0.4936013671875,0.4999841796875,0.4999951171875,0.4999875,0.4989591796875,0.4845779296875,0.499846875,0.47821171875,0.4992248046875,0.4847966796875,0.4860763671875,0.493096875,0.4954279296875,0.4978875,0.48533671875,0.4993875,0.49990546875,0.4972341796875,0.499471875,0.49381171875,0.49958671875,0.4987810546875,0.494746875,0.49536796875,0.49264921875,0.4997607421875,0.4983107421875,0.4999841796875,0.4970451171875,0.49986796875,0.46968046875,0.47268046875,0.4986544921875,0.49138671875,0.4997326171875,0.4982,0.49105546875,0.4860763671875,0.498346875,0.48123046875,0.4913044921875,0.4880841796875,0.4998966796875,0.4599201171875,0.499471875,0.496596875,0.4961169921875,0.4983107421875,0.4950623046875,0.4949373046875,0.48779296875,0.48311796875,0.4967498046875,0.4999763671875,0.4941544921875,0.4866951171875,0.4914685546875,0.4843576171875,0.49982421875,0.4930232421875,0.4997029296875,0.4957794921875,0.4999904296875,0.4985888671875,0.4977638671875,0.499921875,0.4937419921875,0.4998779296875,0.4982,0.4964404296875,0.492496875,0.4930232421875,0.4944875,0.4864904296875,0.4925732421875,0.4975935546875,0.481471875,0.4978875,0.4999982421875,0.4845779296875,0.4994091796875,0.4998779296875,0.499746875,0.49512421875,0.4986544921875,0.4954279296875,0.4906326171875,0.4914685546875,0.4998875,0.49914921875,0.4985888671875,0.4999982421875,0.4992248046875,0.4998576171875,0.4989591796875,0.486796875,0.4993654296875,0.4981623046875,0.49996171875,0.49487421875,0.49875,0.4963341796875,0.4942888671875,0.4984875,0.49999921875,0.489121875,0.4928748046875,0.4998,0.48659296875,0.471796875,0.494746875,0.4999998046875,0.49324296875,0.4985888671875,0.49763671875,0.4866951171875,0.4994513671875,0.49998046875,0.498346875,0.4970451171875,0.4971404296875,0.494221875,0.49689921875,0.49536796875,0.497721875,0.4999998046875,0.4984875,0.4975935546875,0.4994919921875,0.4998779296875,0.4998,0.49435546875,0.49977421875,0.4964404296875,0.4919513671875,0.4972341796875,0.4971404296875,0.49763671875,0.4945529296875,0.49990546875,0.4999138671875,0.4997029296875,0.4966482421875,0.4780810546875,0.49780546875,0.4949373046875,0.4957794921875,0.4998779296875,0.4997029296875,0.49934296875,0.497371875,0.495246875,0.4999875,0.4983107421875,0.49996171875,0.4453435546875,0.499971875,0.49560546875,0.4993875,0.4990154296875,0.489846875,0.4928,0.4989013671875,0.4980857421875,0.49435546875,0.4999669921875,0.4975060546875,0.49868671875,0.49812421875,0.49381171875,0.499296875,0.490546875,0.4984875,0.494221875,0.4823044921875,0.4930232421875,0.4993875,0.49461796875,0.4978875,0.49995,0.498871875,0.4981623046875,0.48402421875,0.49628046875,0.4901123046875,0.4998966796875,0.49868671875,0.499996875,0.49381171875,0.4994513671875,0.4994091796875,0.49951171875,0.493096875,0.4998966796875,0.49037421875,0.4994091796875,0.4994091796875,0.49958671875,0.4989013671875,0.4999998046875,0.49812421875,0.4979279296875,0.4858669921875,0.49995,0.4841357421875,0.4917919921875,0.49669921875,0.4948107421875,0.49037421875,0.4909716796875,0.4992,0.49914921875,0.4944216796875,0.4852294921875,0.4992732421875,0.491221875,0.4999138671875,0.497721875,0.49855546875,0.4998966796875,0.47661796875,0.4996388671875,0.494221875,0.4993201171875,0.48699921875,0.4872998046875,0.4864904296875,0.498046875,0.49536796875,0.4998779296875,0.4983107421875,0.49796796875,0.48893671875,0.4827716796875,0.49855546875,0.4963341796875,0.474121875,0.49583671875,0.4994091796875,0.49709296875,0.4940185546875,0.4989875,0.4922654296875,0.49709296875,0.49408671875,0.4996388671875,0.499296875,0.4997326171875,0.4953076171875,0.4999904296875,0.4999294921875,0.4961169921875,0.4996875,0.4999669921875,0.4927248046875,0.4989875,0.4973263671875,0.4986544921875,0.4994091796875,0.4946826171875,0.4978466796875,0.4890294921875,0.4960060546875,0.49395,0.49998046875,0.498046875,0.4999294921875,0.49934296875,0.4880841796875,0.48265546875,0.4904607421875,0.4993201171875,0.4989591796875,0.4902,0.49881171875,0.4971875,0.4996044921875,0.4972341796875,0.499096875,0.4993201171875,0.4745466796875,0.499096875,0.4930232421875,0.497721875,0.49982421875,0.49728046875,0.49595,0.4999875,0.4940185546875,0.496171875,0.49812421875,0.498621875,0.46114921875,0.49965546875,0.4990154296875,0.49999296875,0.48818046875,0.4999138671875,0.4968498046875,0.47795,0.4945529296875,0.495721875,0.4999294921875,0.4999138671875,0.4712,0.4987185546875,0.499971875,0.4984529296875,0.49893046875,0.4616701171875,0.49999921875,0.4890294921875,0.49780546875,0.48490546875,0.4989591796875,0.49709296875,0.499846875,0.49990546875,0.496996875,0.4997873046875,0.4945529296875,0.4927248046875,0.49560546875,0.4827716796875,0.49487421875,0.49171171875,0.4984529296875,0.4999138671875,0.4925732421875,0.49353046875,0.4998779296875,0.4975060546875,0.4770216796875,0.4976794921875,0.4936013671875,0.49583671875,0.4999435546875,0.4963875,0.49993671875,0.4978466796875,0.495721875,0.4948107421875,0.493671875,0.4921091796875,0.499921875,0.4933875,0.4999138671875,0.4908029296875,0.4846875,0.4997873046875,0.49071796875,0.4969482421875,0.4888435546875,0.4982,0.4980076171875,0.4998779296875,0.49780546875,0.4976794921875,0.4970451171875,0.4992248046875,0.49353046875,0.49986796875,0.49914921875,0.49796796875,0.4984875,0.49689921875,0.497721875,0.4990154296875,0.49796796875,0.495246875,0.49986796875,0.49709296875,0.4801248046875,0.4989875,0.49728046875,0.4894875,0.49171171875,0.4990701171875,0.49893046875,0.4888435546875,0.49812421875,0.4996388671875,0.49934296875,0.4999951171875,0.49796796875,0.49827421875,0.4997029296875,0.498046875,0.4974169921875,0.4999904296875,0.4997326171875,0.495,0.49924921875,0.4756623046875,0.4906326171875,0.49203046875,0.4925732421875,0.4908029296875,0.498346875,0.494746875,0.4996875,0.4999138671875,0.4936013671875,0.4983107421875,0.4995685546875,0.499621875,0.49294921875,0.4999951171875,0.4961169921875,0.498046875,0.4995685546875,0.4993654296875,0.4971875,0.4992,0.4994919921875,0.4989875,0.4995685546875,0.4980076171875,0.4972341796875,0.493671875,0.49395,0.4991232421875,0.4866951171875,0.4965451171875,0.4950623046875,0.4676466796875,0.49971796875,0.4924201171875,0.49606171875,0.4973263671875,0.4995685546875,0.4992248046875,0.4999951171875,0.4981623046875,0.49904296875,0.4825388671875,0.481471875,0.499471875,0.49943046875,0.4999669921875,0.4996388671875,0.499096875,0.4983107421875,0.4872998046875,0.4901123046875,0.4978875,0.485971875,0.4993201171875,0.4999875,0.4962263671875,0.4933875,0.49827421875,0.49999921875,0.49965546875,0.4970451171875,0.49689921875,0.4999560546875,0.4864904296875,0.495721875,0.4994513671875,0.49999921875,0.4996875,0.4948107421875,0.48618046875,0.4985888671875,0.48966796875,0.4936013671875,0.49998046875,0.49904296875,0.491221875,0.4981623046875,0.4996716796875,0.49982421875,0.4983107421875,0.499746875,0.4983107421875,0.4996716796875,0.4991232421875,0.498621875,0.4999763671875,0.4933154296875,0.4980857421875,0.4713498046875,0.487596875,0.4983826171875,0.49868671875,0.491871875,0.4902,0.4995310546875,0.49990546875,0.4995685546875,0.48818046875,0.4961169921875,0.4930232421875,0.49958671875,0.4997607421875,0.4994513671875,0.4957794921875,0.4972341796875,0.49875,0.49893046875,0.4999669921875,0.4902,0.49999296875,0.4987185546875,0.4870998046875,0.4975935546875,0.4698341796875,0.483346875,0.49780546875,0.489846875,0.499746875,0.49353046875,0.48739921875,0.493096875,0.4998966796875,0.4999763671875,0.49855546875,0.4995310546875,0.4984875,0.4983826171875,0.4998779296875,0.49796796875,0.4985888671875,0.4988419921875,0.4962263671875,0.4927248046875,0.49689921875,0.4953076171875,0.4989875,0.4870998046875,0.48966796875,0.4949373046875,0.4992732421875,0.4936013671875,0.49812421875,0.493096875,0.4863875,0.4970451171875,0.4863875,0.4971875,0.4960060546875,0.4854435546875,0.4963875,0.4996044921875,0.49875,0.49993671875,0.4993201171875,0.4786013671875,0.49999921875,0.4966482421875,0.4998,0.4989875,0.4996044921875,0.4994513671875,0.4815919921875,0.4989875,0.4864904296875,0.49709296875,0.4998966796875,0.49002421875,0.4993201171875,0.49990546875,0.4986544921875,0.4978875,0.499971875,0.4999138671875,0.4994513671875,0.4976794921875,0.49995,0.4786013671875,0.4982373046875,0.499746875,0.495246875,0.4987185546875,0.498046875,0.47209296875,0.4991748046875,0.4963341796875,0.4968498046875,0.4981623046875,0.4989013671875,0.4985216796875,0.4969482421875,0.494746875,0.49827421875,0.49606171875,0.47661796875,0.4933154296875,0.4937419921875,0.4984875,0.4990701171875,0.4997326171875,0.49755,0.4961169921875,0.499746875,0.4956638671875,0.4991232421875,0.49487421875,0.4958935546875,0.4627013671875,0.49965546875,0.4989875,0.4908029296875,0.49986796875,0.49965546875,0.49914921875,0.4973263671875,0.499996875,0.4978466796875,0.492496875,0.4991232421875,0.498621875,0.4999904296875,0.49461796875,0.483346875,0.4992,0.4982,0.4902873046875,0.4860763671875,0.4958935546875,0.49746171875,0.4970451171875,0.49595,0.4980076171875,0.49728046875,0.4984529296875,0.49324296875,0.5,0.4967498046875,0.48357421875,0.49958671875,0.4958935546875,0.49958671875,0.49628046875,0.4999560546875,0.49893046875,0.4917919921875,0.49943046875,0.4980857421875,0.4960060546875,0.49893046875,0.4997326171875,0.4999560546875,0.494746875,0.4991232421875,0.49689921875,0.497721875,0.4954279296875,0.4980076171875,0.4983826171875,0.4995310546875,0.49855546875,0.4982373046875,0.4951857421875,0.4991748046875,0.49943046875,0.49993671875,0.4895779296875,0.498046875,0.4988419921875,0.4961169921875,0.49395,0.49924921875,0.4993875,0.49560546875,0.4739794921875,0.4985888671875,0.4997029296875,0.4813513671875,0.4999998046875,0.4993654296875,0.49583671875,0.49855546875,0.49071796875,0.49914921875,0.49990546875,0.4758,0.48,0.4975060546875,0.4892138671875,0.4998123046875,0.4906326171875,0.47924296875,0.4998779296875,0.4954875,0.4942888671875,0.47821171875,0.4994091796875,0.4981623046875,0.4997029296875,0.49138671875,0.4884669921875,0.4995310546875,0.4676466796875,0.4901123046875,0.4982373046875,0.49999296875,0.49487421875,0.49841796875,0.4975060546875,0.4990154296875,0.4984529296875,0.4999841796875,0.49689921875,0.4999951171875,0.4836873046875,0.4813513671875,0.5,0.4955466796875,0.4942888671875,0.4999560546875,0.49868671875,0.4961169921875,0.4839123046875,0.49669921875,0.4846875,0.4999669921875,0.4994919921875,0.4974169921875,0.4841357421875,0.4999294921875,0.499996875,0.4993875,0.4992,0.49812421875,0.49904296875,0.49560546875,0.49924921875,0.4966482421875,0.49904296875,0.4972341796875,0.49780546875,0.4924201171875,0.4914685546875,0.49868671875,0.4998357421875,0.4989591796875,0.4955466796875,0.4987185546875,0.4978466796875,0.49993671875,0.4983107421875,0.4995310546875,0.4989591796875,0.4998779296875,0.4990154296875,0.497721875,0.4969482421875,0.4908029296875,0.4958935546875,0.49924921875,0.4975935546875,0.488371875,0.4884669921875,0.4999951171875,0.4973263671875,0.498046875,0.4908029296875,0.49763671875,0.4999904296875,0.4993201171875,0.49595,0.4997029296875,0.4993201171875,0.49990546875,0.491871875,0.4998875,0.4993654296875,0.4951857421875,0.49999296875,0.4975935546875,0.4996875,0.4994919921875,0.4997029296875,0.4985216796875,0.4836873046875,0.4992,0.49893046875,0.4999560546875,0.4975060546875,0.49105546875,0.496171875,0.4999435546875,0.4994919921875,0.4845779296875,0.4941544921875,0.4888435546875,0.498871875,0.4997873046875,0.497721875,0.4998576171875,0.49955,0.4995685546875,0.4975060546875,0.49943046875,0.499996875,0.4972341796875
0.49986796875,0.474121875,0.49746171875,0.4997029296875,0.480496875,0.4982,0.4982,0.49827421875,0.4982373046875,0.4975935546875,0.4753857421875,0.491221875,0.4991748046875,0.49649296875,0.4980857421875,0.4955466796875,0.4994919921875,0.4980857421875,0.48533671875,0.4964404296875,0.4971875,0.49583671875,0.49943046875,0.499971875,0.4999982421875,0.4363201171875,0.4970451171875,0.499996875,0.4999763671875,0.485121875,0.49728046875,0.4981623046875,0.48555,0.497371875,0.499746875,0.49812421875,0.4999669921875,0.4998875,0.497371875,0.493096875,0.4994919921875,0.4908029296875,0.4937419921875,0.4731169921875,0.4999998046875,0.4756623046875,0.49924921875,0.499621875,0.4972341796875,0.4961169921875,0.4999982421875,0.4999951171875,0.4965451171875,0.4996716796875,0.4989875,0.49971796875,0.499971875,0.49796796875,0.4809875,0.4989875,0.4971404296875,0.499621875,0.49381171875,0.4945529296875,0.4895779296875,0.49728046875,0.4956638671875,0.4921091796875,0.4940185546875,0.4999138671875,0.49827421875,0.48966796875,0.4868982421875,0.49827421875,0.4856560546875,0.479496875,0.4995310546875,0.4994091796875,0.4901123046875,0.4982,0.4999138671875,0.4997029296875,0.49649296875,0.4922654296875,0.49728046875,0.49924921875,0.497721875,0.49998046875,0.48533671875,0.49904296875,0.4977638671875,0.4818310546875,0.4968498046875,0.4913044921875,0.4950623046875,0.49461796875,0.4980076171875,0.49669921875,0.49381171875,0.4997326171875,0.4767529296875,0.4975935546875,0.49982421875,0.49996171875,0.4996044921875,0.4868982421875,0.48779296875,0.49990546875,0.4975060546875,0.4931701171875,0.4753857421875,0.49993671875,0.4621875,0.49986796875,0.4925732421875,0.4989875,0.49924921875,0.4996716796875,0.49171171875,0.4996388671875,0.4972341796875,0.4997607421875,0.4968498046875,0.4863875,0.49071796875,0.4999982421875,0.48779296875,0.49986796875,0.4967498046875,0.4997326171875,0.4971404296875,0.4961169921875,0.4992732421875,0.4982,0.49965546875,0.49461796875,0.4975060546875,0.4997873046875,0.4999998046875,0.4968498046875,0.4998123046875,0.4884669921875,0.4998966796875,0.4989875,0.4976794921875,0.4971404296875,0.4995310546875,0.4999138671875,0.49993671875,0.485971875,0.4872,0.496596875,0.4880841796875,0.49965546875,0.4999294921875,0.4992732421875,0.49669921875,0.4940185546875,0.4836873046875,0.49435546875,0.4993201171875,0.4998875,0.49763671875,0.49037421875,0.49353046875,0.4999669921875,0.4999841796875,0.499296875,0.4995685546875,0.4993201171875,0.49560546875,0.49955,0.4994513671875,0.496996875,0.49955,0.4996044921875,0.4931701171875,0.4975935546875,0.497721875,0.4902873046875,0.4997607421875,0.4992732421875,0.4934591796875,0.498046875,0.4993201171875,0.4970451171875,0.499096875,0.49796796875,0.49583671875,0.4998123046875,0.4996044921875,0.4966482421875,0.4998357421875,0.499921875,0.4999294921875,0.4960060546875,0.49881171875,0.4996875,0.4989013671875,0.495246875,0.49461796875,0.4995685546875,0.4902,0.4999294921875,0.4999138671875,0.4999904296875,0.4997029296875,0.4886560546875,0.49990546875,0.4843576171875,0.4978466796875,0.48402421875,0.4838,0.493096875,0.49381171875,0.49746171875,0.4852294921875,0.49990546875,0.4997029296875,0.4946826171875,0.4991748046875,0.4938810546875,0.4983826171875,0.4992732421875,0.4949373046875,0.49408671875,0.493096875,0.499921875,0.4974169921875,0.4999982421875,0.49796796875,0.499621875,0.46906171875,0.47607421875,0.4985888671875,0.495,0.4990701171875,0.4963341796875,0.49395,0.4841357421875,0.4991748046875,0.4841357421875,0.4908029296875,0.4921875,0.49996171875,0.4564875,0.4998,0.4956638671875,0.4961169921875,0.4983826171875,0.4958935546875,0.49002421875,0.4899357421875,0.481471875,0.4938810546875,0.49827421875,0.4951857421875,0.4847966796875,0.48533671875,0.4878904296875,0.4999904296875,0.49138671875,0.499471875,0.4933154296875,0.499921875,0.4976794921875,0.4984529296875,0.4990701171875,0.4948107421875,0.499621875,0.498871875,0.4965451171875,0.49071796875,0.4944216796875,0.4968,0.4866951171875,0.491871875,0.49649296875,0.484246875,0.4967498046875,0.4984875,0.4850138671875,0.4989591796875,0.49993671875,0.49996171875,0.49435546875,0.499296875,0.49689921875,0.4916310546875,0.49171171875,0.4999998046875,0.4992732421875,0.4977638671875,0.4999951171875,0.4974169921875,0.4998123046875,0.4983107421875,0.486796875,0.4987810546875,0.498046875,0.4996044921875,0.4942888671875,0.49977421875,0.4925732421875,0.49264921875,0.4971875,0.4997607421875,0.4902873046875,0.49746171875,0.4998966796875,0.488371875,0.4786013671875,0.49294921875,0.4999982421875,0.49353046875,0.4989591796875,0.498621875,0.48490546875,0.4988419921875,0.49965546875,0.49796796875,0.49461796875,0.4976794921875,0.49461796875,0.4944875,0.49709296875,0.4979279296875,0.499921875,0.4985216796875,0.4981623046875,0.499296875,0.499921875,0.4991748046875,0.4953076171875,0.49999296875,0.4986544921875,0.48930546875,0.4958935546875,0.496596875,0.4983826171875,0.4954279296875,0.4998123046875,0.499621875,0.4989591796875,0.49560546875,0.4762107421875,0.4979279296875,0.4976794921875,0.4966482421875,0.4999875,0.4998966796875,0.49943046875,0.4986544921875,0.4911388671875,0.4999998046875,0.4978466796875,0.499846875,0.4481982421875,0.4997873046875,0.4979279296875,0.4998875,0.49990546875,0.492496875,0.4890294921875,0.499096875,0.4979279296875,0.494221875,0.4999763671875,0.4986544921875,0.4985888671875,0.49868671875,0.49560546875,0.4992732421875,0.48966796875,0.49780546875,0.4956638671875,0.4841357421875,0.4914685546875,0.4997873046875,0.4940185546875,0.4978466796875,0.4999560546875,0.4964404296875,0.49827421875,0.4850138671875,0.49881171875,0.4930232421875,0.499971875,0.49628046875,0.49999921875,0.49203046875,0.498346875,0.49958671875,0.4997873046875,0.4894875,0.49943046875,0.49203046875,0.49971796875,0.4999435546875,0.4995310546875,0.49893046875,0.49990546875,0.4983107421875,0.49689921875,0.484246875,0.49993671875,0.478471875,0.492496875,0.4981623046875,0.4944875,0.4908875,0.4914685546875,0.49995,0.498621875,0.49234296875,0.48402421875,0.4998576171875,0.485971875,0.4999669921875,0.4988419921875,0.4993875,0.4997326171875,0.4798748046875,0.4999435546875,0.493096875,0.499471875,0.4899357421875,0.4846875,0.485971875,0.49827421875,0.4938810546875,0.4996044921875,0.4993875,0.4981623046875,0.48966796875,0.4866951171875,0.4983826171875,0.496596875,0.4742638671875,0.494746875,0.4996044921875,0.4980076171875,0.4933154296875,0.4979279296875,0.4944216796875,0.49649296875,0.4916310546875,0.49893046875,0.4979279296875,0.4985216796875,0.49461796875,0.4999904296875,0.49924921875,0.49763671875,0.5,0.49998046875,0.4899357421875,0.499846875,0.49606171875,0.4973263671875,0.49841796875,0.49595,0.496596875,0.4886560546875,0.49435546875,0.4914685546875,0.49977421875,0.49669921875,0.4999904296875,0.4990701171875,0.487596875,0.4811091796875,0.492496875,0.4995685546875,0.4998,0.48576171875,0.49881171875,0.4978875,0.49951171875,0.4955466796875,0.4989591796875,0.499746875,0.47149921875,0.499296875,0.4913044921875,0.49827421875,0.49943046875,0.4969482421875,0.4951857421875,0.4999875,0.4928748046875,0.4966482421875,0.49536796875,0.4982,0.4613232421875,0.4995310546875,0.49875,0.49998046875,0.4862841796875,0.4996388671875,0.4928748046875,0.47821171875,0.4919513671875,0.4946826171875,0.4996875,0.4999560546875,0.47552421875,0.4984875,0.499746875,0.4966482421875,0.49841796875,0.4574044921875,0.49977421875,0.485121875,0.49875,0.4882763671875,0.4994919921875,0.49689921875,0.4999998046875,0.4999982421875,0.49461796875,0.499471875,0.4966482421875,0.49037421875,0.4938810546875,0.48123046875,0.4933875,0.49203046875,0.49881171875,0.4994513671875,0.4892138671875,0.49171171875,0.49996171875,0.498621875,0.47607421875,0.4963341796875,0.4927248046875,0.4974169921875,0.4997029296875,0.496996875,0.49995,0.4967498046875,0.4961169921875,0.4964404296875,0.49203046875,0.4917919921875,0.49982421875,0.4955466796875,0.49986796875,0.48856171875,0.485121875,0.4998966796875,0.49560546875,0.4954875,0.4879875,0.496996875,0.49855546875,0.4999560546875,0.49689921875,0.4968498046875,0.49868671875,0.49881171875,0.4938810546875,0.49999921875,0.49934296875,0.4987185546875,0.4986544921875,0.4965451171875,0.4984529296875,0.4996044921875,0.4997326171875,0.498621875,0.49977421875,0.497371875,0.479496875,0.4991232421875,0.4953076171875,0.49037421875,0.49071796875,0.4982373046875,0.4989591796875,0.4866951171875,0.4982,0.4998,0.49868671875,0.499971875,0.4966482421875,0.4965451171875,0.499621875,0.498871875,0.4972341796875,0.499621875,0.4999982421875,0.49746171875,0.4978875,0.46968046875,0.4897576171875,0.4919513671875,0.4950623046875,0.4911388671875,0.4971875,0.495246875,0.4999435546875,0.4998123046875,0.49264921875,0.49855546875,0.4997607421875,0.49971796875,0.495246875,0.49982421875,0.49583671875,0.4963875,0.49746171875,0.49971796875,0.4980857421875,0.4997873046875,0.49924921875,0.4985888671875,0.4996388671875,0.49796796875,0.4953076171875,0.4960060546875,0.49435546875,0.4996044921875,0.4868982421875,0.496596875,0.4917919921875,0.46587421875,0.49971796875,0.4933154296875,0.4963341796875,0.4961169921875,0.4994919921875,0.4994091796875,0.4999998046875,0.497721875,0.499621875,0.4811091796875,0.4850138671875,0.49827421875,0.4997873046875,0.4999904296875,0.4999435546875,0.4984875,0.4989013671875,0.48893671875,0.4902873046875,0.4971875,0.4828875,0.4985888671875,0.4996044921875,0.4954279296875,0.4921091796875,0.4988419921875,0.49990546875,0.4997607421875,0.4989591796875,0.49628046875,0.49986796875,0.48818046875,0.49138671875,0.49914921875,0.49993671875,0.49971796875,0.495,0.4908875,0.49868671875,0.4917919921875,0.4927248046875,0.4999294921875,0.4992,0.49138671875,0.4971875,0.4999951171875,0.49924921875,0.49893046875,0.4996044921875,0.4989591796875,0.4989875,0.4967498046875,0.4983107421875,0.4998576171875,0.4944216796875,0.49812421875,0.4772888671875,0.4866951171875,0.49536796875,0.49893046875,0.4941544921875,0.4927248046875,0.4994919921875,0.49875,0.4993201171875,0.4878904296875,0.49649296875,0.4902,0.4996044921875,0.499921875,0.49796796875,0.49595,0.4966482421875,0.49855546875,0.4992248046875,0.4997029296875,0.49461796875,0.49998046875,0.4993654296875,0.48739921875,0.49628046875,0.470596875,0.485971875,0.4984875,0.4895779296875,0.4997326171875,0.4925732421875,0.4847966796875,0.49353046875,0.4996875,0.4998966796875,0.49875,0.49965546875,0.49934296875,0.498046875,0.4996388671875,0.498871875,0.4995685546875,0.4990154296875,0.49763671875,0.4948107421875,0.4951857421875,0.4948107421875,0.498871875,0.4843576171875,0.4860763671875,0.49353046875,0.49875,0.49264921875,0.4996716796875,0.495246875,0.4917919921875,0.4977638671875,0.4860763671875,0.49812421875,0.49408671875,0.4798748046875,0.495721875,0.4999294921875,0.496996875,0.4999294921875,0.4984529296875,0.4808654296875,0.5,0.4911388671875,0.4999435546875,0.4983826171875,0.4983826171875,0.4996388671875,0.4830029296875,0.4991748046875,0.4878904296875,0.4954279296875,0.49995,0.491221875,0.49924921875,0.4998966796875,0.49914921875,0.49560546875,0.4999138671875,0.4978875,0.499471875,0.4987185546875,0.49914921875,0.4830029296875,0.4963875,0.499996875,0.496596875,0.4970451171875,0.4983107421875,0.4716482421875,0.4998576171875,0.4974169921875,0.4958935546875,0.4974169921875,0.499096875,0.496996875,0.4979279296875,0.49689921875,0.4985888671875,0.49512421875,0.484246875,0.4937419921875,0.4968498046875,0.4979279296875,0.4988419921875,0.49995,0.49595,0.49628046875,0.499846875,0.4983107421875,0.4980076171875,0.49512421875,0.49264921875,0.4627013671875,0.49904296875,0.49914921875,0.49155,0.4991748046875,0.4999998046875,0.4996716796875,0.496596875,0.49999296875,0.496171875,0.48856171875,0.4990701171875,0.4998357421875,0.4999998046875,0.4957794921875,0.4748279296875,0.49763671875,0.4978875,0.4924201171875,0.4830029296875,0.497721875,0.4985888671875,0.49595,0.49461796875,0.4982373046875,0.49868671875,0.49955,0.4902873046875,0.4998123046875,0.4975935546875,0.4856560546875,0.4986544921875,0.498346875,0.4993875,0.497371875,0.49924921875,0.4993201171875,0.49155,0.49914921875,0.4989875,0.4969482421875,0.4985888671875,0.4998123046875,0.4998123046875,0.4933875,0.4996044921875,0.4944216796875,0.49812421875,0.4965451171875,0.49796796875,0.499296875,0.4999763671875,0.4994919921875,0.4977638671875,0.49746171875,0.499746875,0.499746875,0.4998875,0.4908029296875,0.49763671875,0.4975935546875,0.4933875,0.4953076171875,0.4978875,0.4991748046875,0.4945529296875,0.4723875,0.49875,0.4993875,0.4775544921875,0.4999294921875,0.4996388671875,0.4963341796875,0.4987185546875,0.4906326171875,0.4996716796875,0.4999138671875,0.4775544921875,0.48024921875,0.4973263671875,0.4919513671875,0.49904296875,0.4921875,0.4874982421875,0.49977421875,0.4974169921875,0.4940185546875,0.4762107421875,0.49689921875,0.498871875,0.4999951171875,0.48446796875,0.4856560546875,0.4999951171875,0.470596875,0.4872998046875,0.4973263671875,0.4998576171875,0.4933154296875,0.4989875,0.49780546875,0.4989591796875,0.4967498046875,0.49998046875,0.4944216796875,0.499921875,0.4897576171875,0.472971875,0.499996875,0.49487421875,0.49353046875,0.4999138671875,0.49881171875,0.49583671875,0.481471875,0.496996875,0.48576171875,0.4989013671875,0.4999763671875,0.49841796875,0.48218671875,0.49998046875,0.4999998046875,0.4989013671875,0.49965546875,0.4994513671875,0.4967498046875,0.49628046875,0.4999763671875,0.4945529296875,0.49934296875,0.49780546875,0.4944875,0.48875,0.48533671875,0.4985888671875,0.4998576171875,0.49977421875,0.496996875,0.4991748046875,0.4990154296875,0.4999904296875,0.4987185546875,0.4999951171875,0.4994513671875,0.4994091796875,0.4996388671875,0.49780546875,0.4988419921875,0.48818046875,0.4953076171875,0.4998966796875,0.49583671875,0.48818046875,0.4876951171875,0.4996875,0.4972341796875,0.4991232421875,0.4892138671875,0.4968498046875,0.49999296875,0.49914921875,0.495,0.4999998046875,0.4986544921875,0.49990546875,0.4909716796875,0.499846875,0.4998966796875,0.49512421875,0.4999875,0.4995685546875,0.49990546875,0.4995685546875,0.4994091796875,0.4985216796875,0.48659296875,0.498046875,0.49875,0.4999294921875,0.4990154296875,0.4890294921875,0.4980076171875,0.49998046875,0.4980076171875,0.47821171875,0.49487421875,0.48779296875,0.49827421875,0.4996388671875,0.4984875,0.49971796875,0.4989013671875,0.49982421875,0.49536796875,0.4990701171875,0.4999841796875,0.4997326171875
0.4989591796875,0.47268046875,0.496171875,0.4996388671875,0.47873046875,0.49855546875,0.498621875,0.49628046875,0.4979279296875,0.498621875,0.4739794921875,0.4930232421875,0.49958671875,0.49709296875,0.4982373046875,0.4933154296875,0.49893046875,0.495721875,0.4872998046875,0.49595,0.4978466796875,0.493096875,0.4986544921875,0.4999763671875,0.4999841796875,0.432471875,0.4982,0.49971796875,0.4997029296875,0.4796232421875,0.4968498046875,0.4993654296875,0.485971875,0.4987810546875,0.4998576171875,0.496996875,0.4999875,0.4998576171875,0.4975060546875,0.4924201171875,0.4993201171875,0.4913044921875,0.49560546875,0.47149921875,0.4998779296875,0.4832326171875,0.4983826171875,0.49965546875,0.4978875,0.4954875,0.499921875,0.4996044921875,0.49649296875,0.4976794921875,0.4966482421875,0.4996044921875,0.49993671875,0.4973263671875,0.47821171875,0.49755,0.49796796875,0.4991232421875,0.4950623046875,0.4888435546875,0.4917919921875,0.49796796875,0.4928748046875,0.49138671875,0.49138671875,0.4999904296875,0.499921875,0.48659296875,0.4866951171875,0.4955466796875,0.4894875,0.4823044921875,0.49924921875,0.4987810546875,0.4882763671875,0.4973263671875,0.4997326171875,0.4991232421875,0.49606171875,0.4904607421875,0.4957794921875,0.49958671875,0.49728046875,0.5,0.4836873046875,0.4990701171875,0.4986544921875,0.4841357421875,0.4979279296875,0.489121875,0.4966482421875,0.4954875,0.4975060546875,0.4953076171875,0.4963875,0.4995685546875,0.4770216796875,0.4978466796875,0.49875,0.4995685546875,0.49995,0.4874982421875,0.4856560546875,0.4998576171875,0.4964404296875,0.49435546875,0.4719451171875,0.4999138671875,0.4599201171875,0.49999921875,0.49381171875,0.49965546875,0.4996716796875,0.4998779296875,0.4944875,0.4983107421875,0.4984529296875,0.499971875,0.496996875,0.48618046875,0.4941544921875,0.49999296875,0.48659296875,0.4996044921875,0.4962263671875,0.4975060546875,0.4960060546875,0.4953076171875,0.4996716796875,0.4984529296875,0.4997607421875,0.4964404296875,0.4997029296875,0.4996044921875,0.4999982421875,0.49709296875,0.4993201171875,0.4878904296875,0.499471875,0.4997029296875,0.4964404296875,0.4975060546875,0.4984529296875,0.4997029296875,0.4999841796875,0.4904607421875,0.4832326171875,0.49812421875,0.4908029296875,0.499971875,0.49998046875,0.4982373046875,0.495246875,0.4956638671875,0.4832326171875,0.4930232421875,0.4981623046875,0.499996875,0.49728046875,0.4957794921875,0.4945529296875,0.4999138671875,0.4994919921875,0.4975935546875,0.49924921875,0.49924921875,0.4966482421875,0.498346875,0.4994919921875,0.49755,0.4996716796875,0.49943046875,0.4927248046875,0.4969482421875,0.49709296875,0.489121875,0.49990546875,0.49893046875,0.4934591796875,0.4968498046875,0.49875,0.4964404296875,0.4976794921875,0.497721875,0.49536796875,0.49977421875,0.4979279296875,0.4968498046875,0.4998123046875,0.499096875,0.49999921875,0.4954875,0.4990154296875,0.4999998046875,0.4989013671875,0.4936013671875,0.4954875,0.49982421875,0.48779296875,0.4999875,0.4999294921875,0.4996875,0.4993875,0.4890294921875,0.4993875,0.4827716796875,0.49934296875,0.4852294921875,0.4854435546875,0.495,0.49583671875,0.4971404296875,0.4830029296875,0.4998779296875,0.4984875,0.4971404296875,0.4998779296875,0.49728046875,0.49914921875,0.49951171875,0.49669921875,0.49395,0.4902,0.499621875,0.49606171875,0.49999921875,0.4981623046875,0.4999998046875,0.4710498046875,0.4719451171875,0.49855546875,0.4953076171875,0.4984875,0.49943046875,0.49395,0.48357421875,0.4981623046875,0.4830029296875,0.4895779296875,0.4909716796875,0.4997873046875,0.4513669921875,0.4985216796875,0.49294921875,0.49560546875,0.4993875,0.4957794921875,0.4927248046875,0.48618046875,0.4813513671875,0.49395,0.4995310546875,0.4951857421875,0.483346875,0.4775544921875,0.4858669921875,0.4998123046875,0.48893671875,0.5,0.4928748046875,0.4998123046875,0.49875,0.4983107421875,0.4999841796875,0.49746171875,0.4999904296875,0.4984875,0.49780546875,0.49324296875,0.4924201171875,0.4944875,0.491871875,0.49138671875,0.49408671875,0.4775544921875,0.4983107421875,0.499746875,0.48618046875,0.4998966796875,0.49999921875,0.49934296875,0.4893966796875,0.4971404296875,0.4956638671875,0.49155,0.49408671875,0.49955,0.49982421875,0.49755,0.4998123046875,0.4989875,0.4998779296875,0.49780546875,0.4876951171875,0.4994091796875,0.49628046875,0.4997029296875,0.49536796875,0.49893046875,0.4913044921875,0.4921875,0.49560546875,0.49995,0.48739921875,0.49628046875,0.49971796875,0.4847966796875,0.47974921875,0.49234296875,0.4996388671875,0.4949373046875,0.49875,0.4970451171875,0.491221875,0.4989591796875,0.4997607421875,0.49755,0.4963875,0.4988419921875,0.49234296875,0.4954279296875,0.4963875,0.4957794921875,0.499996875,0.4975935546875,0.4968,0.4997607421875,0.49998046875,0.498621875,0.4922654296875,0.4998357421875,0.49893046875,0.493671875,0.49395,0.495246875,0.4993875,0.4960060546875,0.4997873046875,0.49986796875,0.49827421875,0.4978875,0.47607421875,0.4981623046875,0.4911388671875,0.49689921875,0.49999921875,0.4998875,0.4998,0.49796796875,0.4909716796875,0.4997607421875,0.4992732421875,0.49999921875,0.44430546875,0.499996875,0.49560546875,0.4996044921875,0.4999904296875,0.4928748046875,0.48739921875,0.4998576171875,0.4977638671875,0.49395,0.4996716796875,0.4990701171875,0.4981623046875,0.4971404296875,0.4954279296875,0.4994513671875,0.491871875,0.49881171875,0.4958935546875,0.4866951171875,0.4908029296875,0.49955,0.4946826171875,0.4982,0.49995,0.4967498046875,0.49914921875,0.4874982421875,0.4989875,0.4934591796875,0.4999435546875,0.49628046875,0.4999294921875,0.4928748046875,0.4985216796875,0.4993201171875,0.4993875,0.49002421875,0.49709296875,0.4893966796875,0.4997326171875,0.4988419921875,0.4999875,0.499471875,0.4999763671875,0.4985888671875,0.4982,0.4832326171875,0.499846875,0.47768671875,0.49155,0.498871875,0.4974169921875,0.488371875,0.4919513671875,0.4998966796875,0.497371875,0.4938810546875,0.4870998046875,0.4997873046875,0.4884669921875,0.4999669921875,0.4983826171875,0.4989013671875,0.4992248046875,0.4827716796875,0.49982421875,0.49560546875,0.49955,0.49002421875,0.483346875,0.48739921875,0.4990154296875,0.4909716796875,0.4998357421875,0.4980857421875,0.4972341796875,0.49105546875,0.4894875,0.4982,0.49583671875,0.48,0.49264921875,0.4977638671875,0.4982373046875,0.4933875,0.49943046875,0.494221875,0.49893046875,0.4925732421875,0.4992732421875,0.4987810546875,0.4998966796875,0.4969482421875,0.4993654296875,0.499746875,0.498346875,0.4999998046875,0.4998779296875,0.486796875,0.49977421875,0.49203046875,0.4991232421875,0.4989013671875,0.49669921875,0.49689921875,0.4890294921875,0.494221875,0.4919513671875,0.4997326171875,0.4968,0.499971875,0.49914921875,0.4945529296875,0.4791154296875,0.49435546875,0.49999296875,0.499746875,0.4808654296875,0.49977421875,0.4982,0.4999435546875,0.496596875,0.4997326171875,0.4999669921875,0.4722404296875,0.4996716796875,0.4913044921875,0.4979279296875,0.5,0.4942888671875,0.4940185546875,0.4998357421875,0.49264921875,0.4957794921875,0.4969482421875,0.4984529296875,0.4704451171875,0.49995,0.4978875,0.4996875,0.485971875,0.4992248046875,0.4953076171875,0.479496875,0.4917919921875,0.4941544921875,0.4998779296875,0.499996875,0.4775544921875,0.4995310546875,0.49951171875,0.4982373046875,0.498621875,0.4660373046875,0.49998046875,0.485971875,0.499471875,0.489846875,0.4989591796875,0.497371875,0.4999998046875,0.4999669921875,0.4946826171875,0.4999841796875,0.4963341796875,0.49234296875,0.4941544921875,0.48659296875,0.49536796875,0.489846875,0.49755,0.4993201171875,0.4899357421875,0.4937419921875,0.5,0.49943046875,0.47496796875,0.4973263671875,0.495246875,0.49669921875,0.4999998046875,0.493671875,0.49986796875,0.49689921875,0.4936013671875,0.49512421875,0.49234296875,0.4933875,0.4998357421875,0.4938810546875,0.49881171875,0.4874982421875,0.4860763671875,0.499296875,0.4953076171875,0.4954875,0.4882763671875,0.49763671875,0.4984875,0.4999435546875,0.49796796875,0.49881171875,0.49709296875,0.4970451171875,0.49560546875,0.49943046875,0.4998357421875,0.49934296875,0.49868671875,0.49709296875,0.4975935546875,0.49868671875,0.4980076171875,0.49583671875,0.4993875,0.4982,0.4780810546875,0.4990701171875,0.494221875,0.4906326171875,0.489846875,0.4980857421875,0.4996044921875,0.4888435546875,0.49893046875,0.499971875,0.499621875,0.4998,0.4979279296875,0.495,0.498871875,0.4998576171875,0.4983107421875,0.4986544921875,0.499971875,0.4954279296875,0.4978466796875,0.4722404296875,0.49408671875,0.487596875,0.4949373046875,0.4879875,0.49487421875,0.4956638671875,0.4978466796875,0.4999138671875,0.4902873046875,0.498046875,0.4999998046875,0.49993671875,0.49628046875,0.499996875,0.4948107421875,0.497721875,0.4989875,0.4996388671875,0.49780546875,0.4996875,0.498621875,0.4980076171875,0.4993875,0.4978875,0.4963875,0.4908875,0.4928,0.4998123046875,0.4868982421875,0.4967498046875,0.4904607421875,0.465546875,0.4988419921875,0.4940185546875,0.4975060546875,0.4951857421875,0.4999998046875,0.4989013671875,0.499921875,0.4966482421875,0.499296875,0.4783419921875,0.4856560546875,0.4985216796875,0.4996388671875,0.4998,0.4996875,0.4981623046875,0.4981623046875,0.48875,0.4884669921875,0.49812421875,0.483346875,0.49893046875,0.4986544921875,0.4973263671875,0.49155,0.49881171875,0.49998046875,0.4992248046875,0.49755,0.4956638671875,0.4998576171875,0.4911388671875,0.4880841796875,0.49999921875,0.49971796875,0.499921875,0.49324296875,0.4925732421875,0.4989591796875,0.49002421875,0.48659296875,0.4999294921875,0.499471875,0.49234296875,0.4966482421875,0.49999921875,0.4995685546875,0.49998046875,0.4986544921875,0.4983107421875,0.4992732421875,0.4984529296875,0.4968,0.4997326171875,0.4931701171875,0.4987810546875,0.47873046875,0.491221875,0.49408671875,0.49875,0.49071796875,0.49171171875,0.4997873046875,0.4978466796875,0.4999904296875,0.4924201171875,0.4977638671875,0.4899357421875,0.49855546875,0.498871875,0.4984529296875,0.49763671875,0.49709296875,0.4998123046875,0.49958671875,0.49995,0.4941544921875,0.499621875,0.49958671875,0.4860763671875,0.4921875,0.46780546875,0.4838,0.49855546875,0.4888435546875,0.4990701171875,0.4933154296875,0.480496875,0.4948107421875,0.499746875,0.49971796875,0.49881171875,0.49924921875,0.4983826171875,0.49875,0.4999294921875,0.4974169921875,0.49995,0.4967498046875,0.49881171875,0.4921091796875,0.4968498046875,0.4974169921875,0.49855546875,0.4872998046875,0.48930546875,0.49408671875,0.49728046875,0.48739921875,0.498621875,0.49071796875,0.48555,0.498346875,0.48357421875,0.49649296875,0.4921091796875,0.4815919921875,0.49628046875,0.49934296875,0.4973263671875,0.4999763671875,0.4983107421875,0.4772888671875,0.49986796875,0.49002421875,0.4999982421875,0.499096875,0.4994091796875,0.4999560546875,0.4780810546875,0.4996388671875,0.49203046875,0.4953076171875,0.4999435546875,0.4927248046875,0.4984529296875,0.49914921875,0.4982,0.49709296875,0.4995310546875,0.4998576171875,0.49875,0.49868671875,0.4996388671875,0.4839123046875,0.497721875,0.4999875,0.4944875,0.4980857421875,0.4950623046875,0.46968046875,0.4994513671875,0.498046875,0.4954875,0.498621875,0.4982,0.4987185546875,0.4980857421875,0.4976794921875,0.4994513671875,0.4944875,0.4798748046875,0.49595,0.497721875,0.4972341796875,0.498871875,0.49998046875,0.49649296875,0.4957794921875,0.49998046875,0.4971404296875,0.498346875,0.4954875,0.4919513671875,0.4551873046875,0.49841796875,0.498046875,0.49171171875,0.4991748046875,0.4999982421875,0.4982,0.49512421875,0.4997326171875,0.4957794921875,0.4852294921875,0.4983826171875,0.4996716796875,0.49999296875,0.4924201171875,0.4830029296875,0.4980076171875,0.49755,0.48893671875,0.48265546875,0.49536796875,0.4992732421875,0.4976794921875,0.4913044921875,0.49881171875,0.4996044921875,0.4972341796875,0.4944216796875,0.49993671875,0.4971875,0.4850138671875,0.49996171875,0.4983107421875,0.4999904296875,0.49512421875,0.4996716796875,0.49977421875,0.48856171875,0.4994513671875,0.4993654296875,0.4967498046875,0.4983107421875,0.4994919921875,0.4999435546875,0.49324296875,0.4998779296875,0.4937419921875,0.496996875,0.49709296875,0.49583671875,0.49855546875,0.4999560546875,0.4993654296875,0.49560546875,0.4984875,0.4980857421875,0.49971796875,0.49990546875,0.4892138671875,0.49827421875,0.49709296875,0.4951857421875,0.4928748046875,0.49728046875,0.49560546875,0.496996875,0.47209296875,0.49924921875,0.4991748046875,0.4808654296875,0.4998123046875,0.499846875,0.4973263671875,0.499296875,0.4890294921875,0.49993671875,0.4995685546875,0.48024921875,0.4838,0.49755,0.49105546875,0.4993654296875,0.48966796875,0.4823044921875,0.4990154296875,0.4968,0.494221875,0.480496875,0.4973263671875,0.498621875,0.4999875,0.4846875,0.491221875,0.4998,0.4739794921875,0.4897576171875,0.4985888671875,0.49996171875,0.4942888671875,0.49780546875,0.49780546875,0.49881171875,0.49841796875,0.4999951171875,0.49536796875,0.5,0.48779296875,0.48024921875,0.4996716796875,0.49728046875,0.4961169921875,0.499971875,0.4983107421875,0.49595,0.48779296875,0.4979279296875,0.48311796875,0.4999138671875,0.4998123046875,0.49606171875,0.4806201171875,0.499971875,0.4997029296875,0.4996044921875,0.4992248046875,0.4984529296875,0.49669921875,0.4951857421875,0.499096875,0.49595,0.49999296875,0.4966482421875,0.496596875,0.4845779296875,0.4862841796875,0.4983826171875,0.4994919921875,0.4992,0.497371875,0.49746171875,0.49958671875,0.4999875,0.4971875,0.4999951171875,0.4982373046875,0.49955,0.4993201171875,0.496171875,0.498621875,0.48659296875,0.49560546875,0.4990154296875,0.494221875,0.487596875,0.4872,0.4998123046875,0.4970451171875,0.4977638671875,0.4909716796875,0.4953076171875,0.499846875,0.4993201171875,0.49381171875,0.4998576171875,0.4984875,0.4989875,0.49395,0.4999763671875,0.4996388671875,0.489121875,0.49986796875,0.4986544921875,0.4988419921875,0.4999841796875,0.4993201171875,0.49763671875,0.48446796875,0.4983826171875,0.49855546875,0.4999951171875,0.4985888671875,0.48699921875,0.4972341796875,0.4993201171875,0.4983826171875,0.483346875,0.4927248046875,0.4874982421875,0.4976794921875,0.499296875,0.4989013671875,0.499846875,0.49934296875,0.499471875,0.495721875,0.4983107421875,0.499971875,0.4975060546875
0.4984529296875,0.4745466796875,0.4972341796875,0.49855546875,0.48218671875,0.499096875,0.4993654296875,0.49709296875,0.4978875,0.4982,0.480496875,0.4922654296875,0.499996875,0.49689921875,0.4980857421875,0.4941544921875,0.4993875,0.4948107421875,0.48739921875,0.4960060546875,0.4956638671875,0.494221875,0.4951857421875,0.499996875,0.4992732421875,0.4424123046875,0.495,0.49875,0.4995685546875,0.4772888671875,0.49943046875,0.49904296875,0.4864904296875,0.4988419921875,0.49990546875,0.4975935546875,0.499846875,0.4999669921875,0.4983826171875,0.4904607421875,0.4996875,0.489121875,0.4969482421875,0.4698341796875,0.4998966796875,0.4798748046875,0.49841796875,0.4987810546875,0.49986796875,0.4940185546875,0.4996388671875,0.4986544921875,0.4957794921875,0.4942888671875,0.4985216796875,0.4985216796875,0.4996716796875,0.4963875,0.4725341796875,0.49755,0.4983826171875,0.49893046875,0.495,0.4919513671875,0.4908875,0.498621875,0.493096875,0.4901123046875,0.4922654296875,0.49951171875,0.49924921875,0.48856171875,0.4858669921875,0.49595,0.48739921875,0.4868982421875,0.49965546875,0.4994513671875,0.4886560546875,0.4980857421875,0.49999921875,0.499296875,0.4975060546875,0.4913044921875,0.4934591796875,0.4998123046875,0.4968,0.49986796875,0.4866951171875,0.4999560546875,0.4994513671875,0.48074296875,0.4985888671875,0.4895779296875,0.495,0.49171171875,0.4987810546875,0.4922654296875,0.4946826171875,0.4994513671875,0.48357421875,0.4970451171875,0.4974169921875,0.4998357421875,0.49990546875,0.4854435546875,0.4827716796875,0.4999951171875,0.4933154296875,0.4921875,0.46652421875,0.49971796875,0.46388671875,0.5,0.4904607421875,0.4997607421875,0.49958671875,0.4997873046875,0.4942888671875,0.49955,0.4981623046875,0.49995,0.4983107421875,0.49002421875,0.486796875,0.4999875,0.48818046875,0.49875,0.4985888671875,0.49763671875,0.49583671875,0.4955466796875,0.4997873046875,0.49951171875,0.49841796875,0.49512421875,0.4996716796875,0.49943046875,0.499296875,0.49746171875,0.49965546875,0.4899357421875,0.49990546875,0.4999904296875,0.4960060546875,0.4972341796875,0.49827421875,0.4996716796875,0.4999875,0.4880841796875,0.48533671875,0.4980076171875,0.4872998046875,0.499846875,0.49958671875,0.49855546875,0.4941544921875,0.49324296875,0.48875,0.4902,0.4993201171875,0.4999951171875,0.49628046875,0.4950623046875,0.4944875,0.4998,0.4998357421875,0.4965451171875,0.49986796875,0.49875,0.49709296875,0.4998779296875,0.49827421875,0.49669921875,0.4993201171875,0.49855546875,0.49395,0.49408671875,0.4978466796875,0.48966796875,0.49999296875,0.49881171875,0.49353046875,0.4963875,0.498621875,0.4987185546875,0.49755,0.49669921875,0.4936013671875,0.49986796875,0.498621875,0.49780546875,0.4999294921875,0.4984875,0.4998576171875,0.495721875,0.4993654296875,0.4999763671875,0.49951171875,0.4944875,0.4967498046875,0.4994513671875,0.4874982421875,0.4998966796875,0.49999921875,0.49993671875,0.49951171875,0.484246875,0.4990154296875,0.4793701171875,0.49755,0.4770216796875,0.4836873046875,0.489846875,0.4966482421875,0.49868671875,0.4803732421875,0.4999435546875,0.49868671875,0.49435546875,0.49993671875,0.49435546875,0.499921875,0.4994513671875,0.4970451171875,0.4953076171875,0.4928748046875,0.499846875,0.4972341796875,0.49993671875,0.4962263671875,0.4999138671875,0.4707482421875,0.4736935546875,0.499471875,0.4940185546875,0.4993875,0.4989013671875,0.49155,0.48576171875,0.49827421875,0.47607421875,0.4911388671875,0.493671875,0.49955,0.4606248046875,0.4990701171875,0.4950623046875,0.496171875,0.4954279296875,0.4968498046875,0.49155,0.4870998046875,0.4809875,0.495246875,0.4996044921875,0.49595,0.4828875,0.47821171875,0.4862841796875,0.4999138671875,0.49002421875,0.49996171875,0.4922654296875,0.4999982421875,0.49746171875,0.4982,0.4998966796875,0.4972341796875,0.4990154296875,0.49841796875,0.4979279296875,0.493671875,0.4938810546875,0.4946826171875,0.49002421875,0.49171171875,0.49763671875,0.4783419921875,0.4994919921875,0.4996875,0.49105546875,0.4998123046875,0.4999841796875,0.4985216796875,0.4931701171875,0.4960060546875,0.4963341796875,0.489121875,0.4936013671875,0.4992732421875,0.4998123046875,0.4977638671875,0.49965546875,0.49875,0.4993875,0.4958935546875,0.48966796875,0.4992248046875,0.49536796875,0.4992732421875,0.4966482421875,0.4994919921875,0.4906326171875,0.493096875,0.4954875,0.49996171875,0.4870998046875,0.4964404296875,0.4998875,0.48856171875,0.4783419921875,0.49487421875,0.4999138671875,0.4908875,0.499471875,0.4976794921875,0.4904607421875,0.4982373046875,0.4997607421875,0.498621875,0.4968498046875,0.49827421875,0.49728046875,0.4962263671875,0.4919513671875,0.4931701171875,0.49993671875,0.49628046875,0.4989875,0.4990154296875,0.4999982421875,0.49855546875,0.4914685546875,0.4999435546875,0.49914921875,0.4938810546875,0.49138671875,0.4944216796875,0.49904296875,0.4956638671875,0.4998875,0.4996388671875,0.4988419921875,0.4953076171875,0.4734060546875,0.4988419921875,0.4942888671875,0.4974169921875,0.499921875,0.4998123046875,0.49982421875,0.49951171875,0.4922654296875,0.49996171875,0.4975060546875,0.5,0.43875,0.4998779296875,0.497371875,0.4998576171875,0.4996716796875,0.4902873046875,0.4909716796875,0.4998966796875,0.49934296875,0.4944216796875,0.4999875,0.49796796875,0.4979279296875,0.4976794921875,0.49395,0.49914921875,0.4928,0.4974169921875,0.4971404296875,0.49203046875,0.4916310546875,0.4999560546875,0.4951857421875,0.4970451171875,0.4999998046875,0.4937419921875,0.49812421875,0.4886560546875,0.49875,0.4940185546875,0.499471875,0.497721875,0.49995,0.49294921875,0.49893046875,0.49943046875,0.4985216796875,0.4893966796875,0.4991232421875,0.49105546875,0.4986544921875,0.499296875,0.49982421875,0.49796796875,0.4998875,0.4972341796875,0.4998123046875,0.4847966796875,0.49995,0.48218671875,0.4957794921875,0.4995685546875,0.4967498046875,0.4892138671875,0.4954875,0.49965546875,0.49649296875,0.49408671875,0.4924201171875,0.49924921875,0.4843576171875,0.4999841796875,0.4978875,0.49812421875,0.498046875,0.48123046875,0.4998,0.49746171875,0.4994513671875,0.4876951171875,0.48195,0.4888435546875,0.49583671875,0.4921091796875,0.49977421875,0.4983826171875,0.49763671875,0.486796875,0.4850138671875,0.4974169921875,0.496596875,0.471796875,0.4895779296875,0.497371875,0.49755,0.4941544921875,0.49934296875,0.494221875,0.4995310546875,0.4933875,0.498621875,0.49924921875,0.4997029296875,0.4992732421875,0.4996388671875,0.49999296875,0.4963341796875,0.4999951171875,0.49904296875,0.491871875,0.499996875,0.4963875,0.498346875,0.4994513671875,0.495721875,0.4974169921875,0.4872,0.4954875,0.49171171875,0.4999982421875,0.49381171875,0.49993671875,0.4978466796875,0.4901123046875,0.4830029296875,0.4880841796875,0.4991232421875,0.4988419921875,0.48357421875,0.49999296875,0.496996875,0.4999841796875,0.4984875,0.49881171875,0.4999841796875,0.47149921875,0.4994513671875,0.4888435546875,0.49536796875,0.49999296875,0.496996875,0.4956638671875,0.4998123046875,0.49294921875,0.49583671875,0.49649296875,0.4991232421875,0.4692169921875,0.4993875,0.4990154296875,0.49999921875,0.4892138671875,0.499471875,0.4978466796875,0.4791154296875,0.4944216796875,0.4911388671875,0.499746875,0.4997326171875,0.4689060546875,0.4993875,0.49904296875,0.4989875,0.4978875,0.4723875,0.499971875,0.4908875,0.4986544921875,0.4902,0.499746875,0.4971875,0.4998123046875,0.4992732421875,0.49461796875,0.499621875,0.496996875,0.4934591796875,0.4968,0.4863875,0.4957794921875,0.4911388671875,0.4987810546875,0.49827421875,0.4925732421875,0.49171171875,0.49986796875,0.4994513671875,0.469371875,0.4928748046875,0.4927248046875,0.49595,0.49996171875,0.49294921875,0.4998875,0.4975060546875,0.4927248046875,0.4933154296875,0.489121875,0.4938810546875,0.49993671875,0.4944216796875,0.49943046875,0.488371875,0.48818046875,0.4999435546875,0.4911388671875,0.4971875,0.490546875,0.4963875,0.49728046875,0.4995310546875,0.49780546875,0.49728046875,0.49709296875,0.4982,0.4957794921875,0.4983107421875,0.4997607421875,0.499296875,0.4994513671875,0.4949373046875,0.49812421875,0.497371875,0.499096875,0.49324296875,0.4993201171875,0.49763671875,0.47974921875,0.4976794921875,0.49512421875,0.4919513671875,0.489846875,0.4975060546875,0.49982421875,0.48739921875,0.499096875,0.4998357421875,0.49977421875,0.4998966796875,0.4951857421875,0.49408671875,0.49999296875,0.4994091796875,0.4976794921875,0.49943046875,0.4999763671875,0.49796796875,0.4984529296875,0.4758,0.493671875,0.48739921875,0.4971404296875,0.49203046875,0.4956638671875,0.495246875,0.4996875,0.49982421875,0.4921875,0.4996716796875,0.4999138671875,0.4992,0.49595,0.49965546875,0.4930232421875,0.4976794921875,0.49943046875,0.4989591796875,0.4968498046875,0.49986796875,0.49827421875,0.49881171875,0.4999138671875,0.4963875,0.4958935546875,0.4914685546875,0.49264921875,0.4999982421875,0.489121875,0.49628046875,0.49353046875,0.461496875,0.4998123046875,0.49294921875,0.4970451171875,0.49487421875,0.49982421875,0.49924921875,0.4999669921875,0.4981623046875,0.49951171875,0.4768875,0.48446796875,0.4989591796875,0.4998123046875,0.4993875,0.49924921875,0.4975060546875,0.49881171875,0.48818046875,0.4895779296875,0.4968,0.48739921875,0.4998,0.49841796875,0.4963875,0.4909716796875,0.49763671875,0.4999294921875,0.49971796875,0.49536796875,0.4948107421875,0.4993654296875,0.4901123046875,0.4930232421875,0.4999982421875,0.4999763671875,0.499746875,0.4922654296875,0.4876951171875,0.4988419921875,0.4906326171875,0.4888435546875,0.499471875,0.4996388671875,0.495721875,0.49841796875,0.4998779296875,0.4989013671875,0.499746875,0.49955,0.4970451171875,0.4996875,0.49904296875,0.4979279296875,0.49881171875,0.49381171875,0.498621875,0.47715546875,0.484246875,0.4948107421875,0.4984529296875,0.4893966796875,0.4921875,0.499846875,0.49995,0.4998123046875,0.49264921875,0.4972341796875,0.4911388671875,0.49934296875,0.49998046875,0.4974169921875,0.4966482421875,0.4970451171875,0.4994919921875,0.49943046875,0.4997029296875,0.49264921875,0.499971875,0.4998779296875,0.4809875,0.49487421875,0.46455546875,0.48402421875,0.4980076171875,0.48533671875,0.4994919921875,0.49234296875,0.4801248046875,0.4884669921875,0.4999982421875,0.49943046875,0.4978466796875,0.4990154296875,0.4977638671875,0.4978875,0.49904296875,0.4987810546875,0.49827421875,0.49812421875,0.4992,0.4911388671875,0.495246875,0.4990701171875,0.49971796875,0.48699921875,0.48875,0.4940185546875,0.4972341796875,0.4874982421875,0.4977638671875,0.495246875,0.482421875,0.4981623046875,0.483346875,0.4951857421875,0.492496875,0.48123046875,0.49755,0.4992732421875,0.4958935546875,0.4999294921875,0.4988419921875,0.48402421875,0.4995685546875,0.4911388671875,0.499996875,0.49868671875,0.499921875,0.499971875,0.4764826171875,0.4997873046875,0.49155,0.4969482421875,0.49841796875,0.49105546875,0.4964404296875,0.4999904296875,0.4975060546875,0.49689921875,0.4998,0.4999951171875,0.4985888671875,0.49893046875,0.4995310546875,0.48779296875,0.4978875,0.4999982421875,0.4928748046875,0.4987810546875,0.49487421875,0.46968046875,0.496171875,0.4990154296875,0.4966482421875,0.49841796875,0.4963341796875,0.4983826171875,0.4971875,0.4962263671875,0.499971875,0.4955466796875,0.48555,0.4944875,0.497721875,0.49560546875,0.4978466796875,0.4999435546875,0.4969482421875,0.4944875,0.4996388671875,0.49628046875,0.49796796875,0.4957794921875,0.49294921875,0.4570388671875,0.4967498046875,0.4970451171875,0.4897576171875,0.49971796875,0.49982421875,0.4993654296875,0.49560546875,0.499996875,0.49709296875,0.4811091796875,0.4992248046875,0.4997326171875,0.4998966796875,0.4925732421875,0.4839123046875,0.498871875,0.4961169921875,0.4879875,0.4778185546875,0.4967498046875,0.49855546875,0.4978466796875,0.4921091796875,0.4968,0.497721875,0.4963341796875,0.4941544921875,0.4999998046875,0.49755,0.4872,0.49998046875,0.497371875,0.4999294921875,0.49536796875,0.4994513671875,0.4992732421875,0.49138671875,0.4989013671875,0.4989875,0.4934591796875,0.4996388671875,0.499996875,0.49982421875,0.49536796875,0.49999921875,0.4950623046875,0.4976794921875,0.4969482421875,0.49827421875,0.496996875,0.49998046875,0.4994513671875,0.495,0.49595,0.49875,0.4997326171875,0.4998779296875,0.48659296875,0.4987810546875,0.4971404296875,0.4968498046875,0.493671875,0.4984875,0.4960060546875,0.4928748046875,0.4736935546875,0.49893046875,0.4995310546875,0.4798748046875,0.4999435546875,0.4998779296875,0.49827421875,0.4984875,0.4901123046875,0.4999982421875,0.49875,0.4791154296875,0.47496796875,0.49875,0.4880841796875,0.4999998046875,0.4928,0.4836873046875,0.498871875,0.49628046875,0.4913044921875,0.4830029296875,0.4974169921875,0.49875,0.49998046875,0.4860763671875,0.488371875,0.49990546875,0.4725341796875,0.49037421875,0.4984875,0.4999951171875,0.4941544921875,0.4993875,0.4962263671875,0.4999951171875,0.49943046875,0.4996388671875,0.49755,0.4994513671875,0.4902,0.4815919921875,0.4997029296875,0.49381171875,0.49746171875,0.49999921875,0.49746171875,0.4985216796875,0.48618046875,0.4980076171875,0.476346875,0.49996171875,0.49955,0.495,0.4876951171875,0.4985888671875,0.49955,0.49855546875,0.4989013671875,0.499296875,0.4945529296875,0.4967498046875,0.49993671875,0.4963875,0.49982421875,0.498621875,0.49649296875,0.4860763671875,0.4902,0.49914921875,0.4997326171875,0.49924921875,0.4980076171875,0.4953076171875,0.4997607421875,0.49998046875,0.49868671875,0.49996171875,0.49868671875,0.4998966796875,0.49875,0.4954279296875,0.4994091796875,0.4868982421875,0.49728046875,0.4988419921875,0.4956638671875,0.48739921875,0.4913044921875,0.4963341796875,0.4963875,0.49560546875,0.4899357421875,0.4967498046875,0.4999841796875,0.4987810546875,0.4946826171875,0.4999560546875,0.499296875,0.4990701171875,0.4946826171875,0.4998779296875,0.4999841796875,0.4909716796875,0.49995,0.4981623046875,0.49977421875,0.499996875,0.498346875,0.497721875,0.4863875,0.499621875,0.49934296875,0.4998966796875,0.4976794921875,0.486796875,0.4963341796875,0.4996875,0.4994513671875,0.4815919921875,0.4936013671875,0.4894875,0.4994091796875,0.4996044921875,0.4998875,0.49965546875,0.4999998046875,0.4993654296875,0.49709296875,0.49904296875,0.4999904296875,0.4987185546875
0.4980076171875,0.4640544921875,0.4978875,0.4968,0.477421875,0.4993201171875,0.4992248046875,0.49728046875,0.49689921875,0.4974169921875,0.4801248046875,0.4921875,0.4999904296875,0.498346875,0.4980076171875,0.4937419921875,0.4989875,0.4954279296875,0.4872998046875,0.4962263671875,0.4960060546875,0.49536796875,0.4960060546875,0.499921875,0.4982,0.43918671875,0.49689921875,0.497371875,0.497721875,0.4789875,0.4989591796875,0.4983107421875,0.48024921875,0.4980857421875,0.499996875,0.49893046875,0.4997029296875,0.4996388671875,0.497371875,0.48818046875,0.4998123046875,0.4894875,0.496171875,0.46355,0.4998966796875,0.47924296875,0.4989591796875,0.49841796875,0.4989013671875,0.49395,0.4991232421875,0.499296875,0.49669921875,0.4961169921875,0.49893046875,0.4996716796875,0.4998123046875,0.4978466796875,0.4798748046875,0.4981623046875,0.4971404296875,0.497371875,0.4954279296875,0.4870998046875,0.4937419921875,0.4987185546875,0.4922654296875,0.4894875,0.4928,0.4999841796875,0.4991232421875,0.485121875,0.4872998046875,0.49606171875,0.48311796875,0.48490546875,0.4999435546875,0.499296875,0.484246875,0.4970451171875,0.49996171875,0.498871875,0.49746171875,0.4888435546875,0.4973263671875,0.4999560546875,0.4975935546875,0.4999982421875,0.4870998046875,0.4999841796875,0.49875,0.4789875,0.49780546875,0.4897576171875,0.4950623046875,0.4916310546875,0.49868671875,0.49536796875,0.4940185546875,0.4997873046875,0.4806201171875,0.49649296875,0.4982,0.5,0.4998875,0.4902,0.48856171875,0.4999951171875,0.4944216796875,0.49583671875,0.47355,0.4999951171875,0.4663623046875,0.4998123046875,0.4902,0.49971796875,0.49841796875,0.49999921875,0.4940185546875,0.4996716796875,0.49977421875,0.49999921875,0.49914921875,0.4893966796875,0.48739921875,0.49990546875,0.48856171875,0.4992248046875,0.4960060546875,0.498046875,0.4954875,0.4931701171875,0.499846875,0.4993201171875,0.49893046875,0.4954875,0.499846875,0.4999294921875,0.498871875,0.4966482421875,0.5,0.4862841796875,0.49990546875,0.4993875,0.4958935546875,0.4966482421875,0.49934296875,0.499096875,0.4999841796875,0.48533671875,0.4860763671875,0.4988419921875,0.488371875,0.4998,0.49999296875,0.49755,0.49435546875,0.493096875,0.4897576171875,0.489121875,0.4984529296875,0.49990546875,0.4967498046875,0.49536796875,0.4968498046875,0.4999875,0.49958671875,0.4956638671875,0.4999669921875,0.4999951171875,0.4940185546875,0.4997607421875,0.49780546875,0.497371875,0.4992248046875,0.4985216796875,0.4966482421875,0.4967498046875,0.4973263671875,0.48856171875,0.49999921875,0.49893046875,0.4941544921875,0.4972341796875,0.49812421875,0.49893046875,0.4957794921875,0.4973263671875,0.4938810546875,0.4998357421875,0.4993875,0.4971875,0.49965546875,0.4983107421875,0.499746875,0.4964404296875,0.4994091796875,0.4998357421875,0.4997873046875,0.491871875,0.496596875,0.4998357421875,0.4879875,0.49986796875,0.4999841796875,0.49995,0.4997029296875,0.48818046875,0.4992248046875,0.48218671875,0.4989591796875,0.4811091796875,0.4864904296875,0.4953076171875,0.49536796875,0.49955,0.481471875,0.4998357421875,0.4993201171875,0.4963341796875,0.4996044921875,0.49408671875,0.4999951171875,0.4999998046875,0.4968,0.49689921875,0.4914685546875,0.499846875,0.4989013671875,0.4999669921875,0.4964404296875,0.499296875,0.468121875,0.4788591796875,0.4984529296875,0.4954279296875,0.4996388671875,0.4987810546875,0.4895779296875,0.4874982421875,0.4991748046875,0.47924296875,0.4908875,0.49203046875,0.49841796875,0.454246875,0.4992,0.4963341796875,0.4949373046875,0.4982,0.49649296875,0.4902,0.48618046875,0.4770216796875,0.495246875,0.49971796875,0.4954875,0.4823044921875,0.47209296875,0.4864904296875,0.499846875,0.4870998046875,0.4999998046875,0.4901123046875,0.49993671875,0.49855546875,0.4967498046875,0.4999560546875,0.49934296875,0.4996044921875,0.497371875,0.4977638671875,0.49138671875,0.4940185546875,0.49487421875,0.48856171875,0.49381171875,0.4970451171875,0.4759373046875,0.4994919921875,0.4999763671875,0.4866951171875,0.4996044921875,0.4997326171875,0.4977638671875,0.4933154296875,0.49536796875,0.4948107421875,0.48966796875,0.49037421875,0.4993654296875,0.4998357421875,0.4985216796875,0.4998966796875,0.4985216796875,0.4993875,0.49583671875,0.4892138671875,0.4982,0.49002421875,0.4996044921875,0.49728046875,0.49755,0.4909716796875,0.49294921875,0.4957794921875,0.4999560546875,0.4879875,0.4957794921875,0.4995685546875,0.48739921875,0.47661796875,0.4919513671875,0.4998779296875,0.4949373046875,0.499296875,0.4961169921875,0.485121875,0.4980857421875,0.4990701171875,0.4995310546875,0.4946826171875,0.4994091796875,0.496171875,0.4978466796875,0.489846875,0.49512421875,0.4999138671875,0.4963875,0.4957794921875,0.4993654296875,0.4997029296875,0.498346875,0.489121875,0.4999669921875,0.498346875,0.4919513671875,0.4945529296875,0.4917919921875,0.49827421875,0.4963341796875,0.49943046875,0.4993875,0.4971875,0.4950623046875,0.4753857421875,0.49868671875,0.495246875,0.49812421875,0.4999998046875,0.4999904296875,0.49958671875,0.4996716796875,0.491221875,0.4998357421875,0.4957794921875,0.4998875,0.44513671875,0.4991232421875,0.49728046875,0.49996171875,0.499971875,0.4897576171875,0.4886560546875,0.4980857421875,0.499996875,0.4933875,0.4999560546875,0.498346875,0.49796796875,0.4978875,0.495246875,0.4998357421875,0.4945529296875,0.4981623046875,0.493671875,0.4931701171875,0.48966796875,0.4998779296875,0.495721875,0.4965451171875,0.4997873046875,0.49689921875,0.4984875,0.4860763671875,0.4980076171875,0.4933875,0.49986796875,0.497721875,0.49999296875,0.4964404296875,0.4982,0.49924921875,0.4985888671875,0.4880841796875,0.4974169921875,0.4936013671875,0.49893046875,0.49780546875,0.4998875,0.4997326171875,0.4999763671875,0.498046875,0.499471875,0.47873046875,0.499996875,0.4820685546875,0.4944875,0.4989875,0.4957794921875,0.4893966796875,0.49203046875,0.49996171875,0.4971875,0.4944875,0.4827716796875,0.4982,0.4828875,0.49993671875,0.4999763671875,0.4985888671875,0.49881171875,0.47974921875,0.4999875,0.497371875,0.499471875,0.4902873046875,0.48265546875,0.485121875,0.4971875,0.4949373046875,0.49999296875,0.4962263671875,0.4955466796875,0.48930546875,0.48446796875,0.49536796875,0.496996875,0.46906171875,0.4913044921875,0.4980857421875,0.4969482421875,0.4951857421875,0.4993201171875,0.4928,0.4994513671875,0.4925732421875,0.499921875,0.49855546875,0.49955,0.4989013671875,0.49965546875,0.49965546875,0.49689921875,0.4998123046875,0.4999138671875,0.4882763671875,0.4996716796875,0.496996875,0.4987810546875,0.5,0.49689921875,0.49796796875,0.4908875,0.49381171875,0.4937419921875,0.49993671875,0.4969482421875,0.4999763671875,0.49755,0.48618046875,0.47924296875,0.4894875,0.4999763671875,0.4996875,0.4823044921875,0.4999951171875,0.4962263671875,0.4999875,0.49841796875,0.499096875,0.4999904296875,0.468121875,0.4994091796875,0.4858669921875,0.49536796875,0.4999560546875,0.4975935546875,0.491871875,0.4989591796875,0.49595,0.49689921875,0.4954279296875,0.4994513671875,0.4704451171875,0.4994919921875,0.4981623046875,0.499971875,0.48739921875,0.4994513671875,0.496996875,0.4786013671875,0.496996875,0.491871875,0.49971796875,0.4972341796875,0.4713498046875,0.4992248046875,0.4988419921875,0.499471875,0.49841796875,0.466846875,0.4999875,0.49105546875,0.4980857421875,0.48875,0.49965546875,0.4974169921875,0.4997029296875,0.4999951171875,0.4921091796875,0.4998357421875,0.4968,0.49381171875,0.4953076171875,0.48576171875,0.4914685546875,0.4901123046875,0.4968498046875,0.49868671875,0.4917919921875,0.4933875,0.49965546875,0.498621875,0.4758,0.49536796875,0.49105546875,0.49487421875,0.4999841796875,0.4960060546875,0.49958671875,0.49649296875,0.49203046875,0.4904607421875,0.4921875,0.496996875,0.4999763671875,0.4956638671875,0.4984529296875,0.4839123046875,0.485121875,0.4998779296875,0.4938810546875,0.498046875,0.48818046875,0.4973263671875,0.4944875,0.49993671875,0.49763671875,0.4953076171875,0.4990154296875,0.4983107421875,0.4938810546875,0.4983826171875,0.49934296875,0.499096875,0.49728046875,0.4966482421875,0.49934296875,0.4978466796875,0.499096875,0.49512421875,0.49914921875,0.4980076171875,0.4796232421875,0.49914921875,0.4964404296875,0.4902873046875,0.49105546875,0.49780546875,0.49914921875,0.4886560546875,0.4992732421875,0.4997873046875,0.4999138671875,0.4997029296875,0.4976794921875,0.4925732421875,0.4987185546875,0.49951171875,0.4954279296875,0.49914921875,0.499971875,0.4971404296875,0.4989591796875,0.4736935546875,0.4917919921875,0.488371875,0.49628046875,0.4911388671875,0.4949373046875,0.49560546875,0.49986796875,0.4999435546875,0.4922654296875,0.49875,0.4999904296875,0.4998357421875,0.49728046875,0.4993201171875,0.4955466796875,0.4976794921875,0.4992732421875,0.4989875,0.4955466796875,0.4996716796875,0.4991232421875,0.499846875,0.4994513671875,0.4963875,0.496996875,0.4924201171875,0.4953076171875,0.4994513671875,0.4904607421875,0.4980076171875,0.4942888671875,0.4647216796875,0.499996875,0.4950623046875,0.49763671875,0.49606171875,0.4998357421875,0.4990154296875,0.4999560546875,0.4983826171875,0.4991232421875,0.479496875,0.4847966796875,0.498046875,0.4992,0.49855546875,0.4992732421875,0.4988419921875,0.49709296875,0.4864904296875,0.4886560546875,0.4941544921875,0.48357421875,0.498621875,0.4986544921875,0.4975060546875,0.4872998046875,0.49763671875,0.49914921875,0.4997326171875,0.4963341796875,0.4948107421875,0.4991232421875,0.4838,0.4937419921875,0.4999669921875,0.4993654296875,0.49998046875,0.4908875,0.48533671875,0.49841796875,0.4892138671875,0.4902873046875,0.49958671875,0.499471875,0.4913044921875,0.49855546875,0.4999763671875,0.49924921875,0.49943046875,0.4983107421875,0.49606171875,0.4995310546875,0.49868671875,0.49812421875,0.4997326171875,0.4949373046875,0.4972341796875,0.4745466796875,0.4854435546875,0.4936013671875,0.4980857421875,0.48779296875,0.49294921875,0.499471875,0.4992248046875,0.49990546875,0.494746875,0.4954279296875,0.48856171875,0.4998,0.499996875,0.4975935546875,0.4977638671875,0.4955466796875,0.499471875,0.4997029296875,0.4991232421875,0.49203046875,0.499621875,0.499746875,0.485971875,0.4967498046875,0.4630419921875,0.4793701171875,0.4984529296875,0.4872,0.4993875,0.4913044921875,0.4864904296875,0.4832326171875,0.4999904296875,0.4988419921875,0.4982,0.49924921875,0.49796796875,0.49763671875,0.4990154296875,0.4990701171875,0.4993654296875,0.49746171875,0.4978466796875,0.49071796875,0.4942888671875,0.4991232421875,0.4998357421875,0.48893671875,0.48930546875,0.4942888671875,0.497371875,0.4893966796875,0.4976794921875,0.4938810546875,0.4878904296875,0.4964404296875,0.4864904296875,0.4965451171875,0.4946826171875,0.483346875,0.4973263671875,0.49924921875,0.4981623046875,0.4999138671875,0.49924921875,0.4823044921875,0.4999951171875,0.4944216796875,0.4999998046875,0.4990701171875,0.49990546875,0.4995310546875,0.47326171875,0.4996044921875,0.4864904296875,0.49755,0.4994919921875,0.4902,0.4984875,0.49998046875,0.4981623046875,0.4982,0.4999138671875,0.49999921875,0.4980857421875,0.499621875,0.4988419921875,0.4880841796875,0.49689921875,0.499996875,0.491871875,0.4980076171875,0.49264921875,0.472971875,0.4973263671875,0.49955,0.49536796875,0.498621875,0.498621875,0.499296875,0.4971404296875,0.4919513671875,0.4999951171875,0.4925732421875,0.48311796875,0.496171875,0.4969482421875,0.4977638671875,0.4971875,0.4995685546875,0.49841796875,0.4969482421875,0.499996875,0.49395,0.4986544921875,0.496996875,0.485971875,0.4525294921875,0.4989013671875,0.49812421875,0.48818046875,0.4993875,0.499846875,0.49977421875,0.4958935546875,0.4999138671875,0.498046875,0.481471875,0.4998123046875,0.4999841796875,0.49999921875,0.4906326171875,0.4739794921875,0.4980857421875,0.49914921875,0.4906326171875,0.4796232421875,0.4948107421875,0.4989013671875,0.497721875,0.4911388671875,0.4990154296875,0.49943046875,0.4954279296875,0.49395,0.4999763671875,0.49728046875,0.4872,0.4994919921875,0.495246875,0.4995685546875,0.496596875,0.4998576171875,0.49958671875,0.488371875,0.4980076171875,0.49951171875,0.4970451171875,0.4989591796875,0.49990546875,0.4997029296875,0.49395,0.4999841796875,0.4958935546875,0.49606171875,0.49583671875,0.49560546875,0.4982373046875,0.4998875,0.4994919921875,0.495,0.49583671875,0.49893046875,0.499971875,0.499846875,0.489846875,0.499471875,0.498346875,0.49408671875,0.49234296875,0.498621875,0.49595,0.4924201171875,0.4748279296875,0.49827421875,0.4994513671875,0.474121875,0.4999669921875,0.4998,0.4977638671875,0.4993875,0.4899357421875,0.49993671875,0.4993654296875,0.47496796875,0.474121875,0.4992248046875,0.4893966796875,0.4992732421875,0.4938810546875,0.48074296875,0.4994091796875,0.49649296875,0.4894875,0.4827716796875,0.4944875,0.49796796875,0.4999560546875,0.48171171875,0.4856560546875,0.4996388671875,0.4712,0.4933154296875,0.499971875,0.49986796875,0.49560546875,0.4987185546875,0.4972341796875,0.4999763671875,0.4987185546875,0.4999138671875,0.4953076171875,0.49955,0.48779296875,0.475246875,0.49993671875,0.496171875,0.4969482421875,0.49951171875,0.4975060546875,0.4956638671875,0.4789875,0.4993654296875,0.4813513671875,0.4999669921875,0.49855546875,0.49353046875,0.4868982421875,0.4992248046875,0.4997326171875,0.49924921875,0.49943046875,0.49993671875,0.496596875,0.4933875,0.499471875,0.4966482421875,0.4996716796875,0.4980857421875,0.4958935546875,0.4864904296875,0.4908029296875,0.4985888671875,0.4999560546875,0.49977421875,0.4987810546875,0.4963875,0.5,0.49990546875,0.4973263671875,0.4995310546875,0.499296875,0.4999904296875,0.4988419921875,0.4950623046875,0.4996044921875,0.4880841796875,0.4977638671875,0.49943046875,0.4960060546875,0.4862841796875,0.49138671875,0.4992,0.4944875,0.4955466796875,0.4894875,0.4962263671875,0.4998966796875,0.4992,0.4921875,0.4988419921875,0.4996716796875,0.499471875,0.4928748046875,0.4999841796875,0.499971875,0.49171171875,0.49965546875,0.4980076171875,0.4996875,0.4985888671875,0.4995310546875,0.4989875,0.4846875,0.4993654296875,0.4988419921875,0.4999763671875,0.495721875,0.4858669921875,0.49709296875,0.4993875,0.49958671875,0.4813513671875,0.49294921875,0.4909716796875,0.4967498046875,0.49951171875,0.4999435546875,0.499621875,0.49999296875,0.4986544921875,0.4971404296875,0.49763671875,0.49924921875,0.4993654296875
0.49841796875,0.4621875,0.4975935546875,0.498346875,0.4775544921875,0.4977638671875,0.4992248046875,0.4984875,0.499846875,0.4971404296875,0.479496875,0.4930232421875,0.499621875,0.49841796875,0.4971875,0.4940185546875,0.4995685546875,0.4944216796875,0.48818046875,0.49669921875,0.4962263671875,0.496996875,0.495,0.499846875,0.49841796875,0.43654296875,0.4978875,0.49893046875,0.49893046875,0.48171171875,0.49881171875,0.4991232421875,0.4825388671875,0.4986544921875,0.4998,0.49875,0.4996716796875,0.499471875,0.4960060546875,0.48618046875,0.4999763671875,0.4893966796875,0.4983107421875,0.455746875,0.49971796875,0.48074296875,0.4982373046875,0.4989013671875,0.49977421875,0.49171171875,0.4987185546875,0.49914921875,0.498046875,0.4982,0.49881171875,0.4990701171875,0.4995310546875,0.49689921875,0.4789875,0.49855546875,0.498346875,0.4979279296875,0.49595,0.49234296875,0.4876951171875,0.497721875,0.49395,0.491871875,0.49395,0.4998576171875,0.49746171875,0.481471875,0.48576171875,0.4969482421875,0.4834607421875,0.4789875,0.4999998046875,0.498621875,0.48856171875,0.4968498046875,0.4994919921875,0.49746171875,0.4967498046875,0.48618046875,0.49395,0.4999138671875,0.49868671875,0.4998576171875,0.4870998046875,0.499621875,0.49875,0.4798748046875,0.4981623046875,0.49105546875,0.4948107421875,0.48818046875,0.4995310546875,0.495,0.4962263671875,0.49998046875,0.4768875,0.49583671875,0.4984529296875,0.49982421875,0.4999669921875,0.4925732421875,0.4882763671875,0.4998966796875,0.4913044921875,0.4953076171875,0.4759373046875,0.499971875,0.4742638671875,0.49990546875,0.49171171875,0.4985216796875,0.4982373046875,0.4999951171875,0.4949373046875,0.4996388671875,0.4972341796875,0.49977421875,0.4991232421875,0.48930546875,0.4886560546875,0.49965546875,0.4911388671875,0.4993201171875,0.4969482421875,0.49841796875,0.494746875,0.4960060546875,0.4997326171875,0.4975060546875,0.49649296875,0.49649296875,0.49955,0.4996044921875,0.49943046875,0.49763671875,0.499621875,0.489121875,0.4992,0.4986544921875,0.4968498046875,0.49560546875,0.4995685546875,0.49999296875,0.4999875,0.4868982421875,0.4834607421875,0.4967498046875,0.48779296875,0.4990154296875,0.4996875,0.496996875,0.4972341796875,0.49461796875,0.48966796875,0.489121875,0.4980857421875,0.49995,0.4950623046875,0.49408671875,0.49796796875,0.49995,0.4998,0.4984875,0.4998357421875,0.49904296875,0.4967498046875,0.49934296875,0.49868671875,0.4978466796875,0.499996875,0.4983107421875,0.4962263671875,0.4941544921875,0.49746171875,0.4843576171875,0.499921875,0.49868671875,0.4940185546875,0.49763671875,0.4966482421875,0.499096875,0.4971875,0.49755,0.494221875,0.4999841796875,0.49875,0.49841796875,0.4993875,0.4980076171875,0.4999763671875,0.494221875,0.49841796875,0.49965546875,0.499746875,0.4933875,0.4981623046875,0.4987810546875,0.4884669921875,0.4997607421875,0.5,0.4999998046875,0.49951171875,0.4862841796875,0.49965546875,0.48739921875,0.49951171875,0.47974921875,0.4879875,0.4975935546875,0.4971404296875,0.4988419921875,0.4828875,0.4999998046875,0.499621875,0.49709296875,0.4999951171875,0.497721875,0.49982421875,0.4999982421875,0.49780546875,0.4946826171875,0.490546875,0.4999875,0.49855546875,0.4998875,0.498046875,0.4990154296875,0.462871875,0.4843576171875,0.4990154296875,0.493096875,0.49934296875,0.4949373046875,0.4913044921875,0.4914685546875,0.4975060546875,0.4768875,0.49203046875,0.49171171875,0.4990701171875,0.45078046875,0.49914921875,0.4934591796875,0.4941544921875,0.4985216796875,0.4969482421875,0.4902,0.4798748046875,0.47552421875,0.49746171875,0.49881171875,0.49487421875,0.47268046875,0.47552421875,0.4890294921875,0.499846875,0.48966796875,0.4999294921875,0.4919513671875,0.499921875,0.49914921875,0.4973263671875,0.4999435546875,0.49812421875,0.4989591796875,0.496996875,0.4962263671875,0.4878904296875,0.49560546875,0.4940185546875,0.490546875,0.49071796875,0.49689921875,0.4780810546875,0.4991232421875,0.49904296875,0.4890294921875,0.4998357421875,0.4998357421875,0.4971875,0.494746875,0.49669921875,0.49381171875,0.49138671875,0.49105546875,0.4992,0.4996388671875,0.497371875,0.4999763671875,0.49746171875,0.498621875,0.4945529296875,0.49071796875,0.49827421875,0.4922654296875,0.4992248046875,0.4976794921875,0.49812421875,0.489846875,0.4928748046875,0.494746875,0.49999296875,0.4836873046875,0.4965451171875,0.4996716796875,0.4845779296875,0.4847966796875,0.4904607421875,0.4999763671875,0.493671875,0.4998,0.497721875,0.4884669921875,0.4962263671875,0.4999841796875,0.4990154296875,0.49595,0.4988419921875,0.49763671875,0.497721875,0.491221875,0.4967498046875,0.49965546875,0.4968498046875,0.495246875,0.4995310546875,0.4999951171875,0.498046875,0.4899357421875,0.4999951171875,0.4982373046875,0.49203046875,0.49395,0.489846875,0.4991232421875,0.49855546875,0.49943046875,0.4992248046875,0.49812421875,0.496996875,0.4728263671875,0.49881171875,0.4945529296875,0.4992248046875,0.49977421875,0.49958671875,0.49977421875,0.498046875,0.4886560546875,0.4998123046875,0.49628046875,0.4992248046875,0.44839921875,0.4994919921875,0.49709296875,0.49995,0.4998576171875,0.4913044921875,0.4916310546875,0.4990154296875,0.4993201171875,0.49234296875,0.4999951171875,0.497721875,0.49763671875,0.4994919921875,0.495246875,0.4998966796875,0.4946826171875,0.49709296875,0.49408671875,0.491871875,0.4913044921875,0.499471875,0.4953076171875,0.4978466796875,0.4999982421875,0.4961169921875,0.49875,0.4832326171875,0.4989875,0.49381171875,0.4998,0.4973263671875,0.4999998046875,0.4954875,0.4989013671875,0.4996044921875,0.49796796875,0.4860763671875,0.4971404296875,0.49105546875,0.4983107421875,0.49904296875,0.4998779296875,0.499296875,0.4999560546875,0.4958935546875,0.4985216796875,0.4830029296875,0.49996171875,0.4850138671875,0.492496875,0.499471875,0.49595,0.4913044921875,0.4922654296875,0.4997607421875,0.4974169921875,0.4944216796875,0.4830029296875,0.4991748046875,0.480496875,0.4998,0.49986796875,0.49709296875,0.4997029296875,0.4780810546875,0.4999904296875,0.4957794921875,0.4993201171875,0.489121875,0.47607421875,0.4872,0.4973263671875,0.4963341796875,0.4997873046875,0.4977638671875,0.49606171875,0.49203046875,0.4870998046875,0.4971875,0.4967498046875,0.47029296875,0.4913044921875,0.49746171875,0.498621875,0.4984875,0.4996388671875,0.49155,0.49841796875,0.492496875,0.4998576171875,0.49881171875,0.4994513671875,0.49841796875,0.4998123046875,0.4991748046875,0.4968498046875,0.4998966796875,0.49971796875,0.49264921875,0.49955,0.49763671875,0.4998875,0.4994513671875,0.4954875,0.4989875,0.48856171875,0.4938810546875,0.4927248046875,0.4999560546875,0.49628046875,0.49934296875,0.4962263671875,0.4927248046875,0.474121875,0.4874982421875,0.4996716796875,0.4994513671875,0.48739921875,0.49893046875,0.4938810546875,0.49999296875,0.496996875,0.49965546875,0.49999921875,0.4748279296875,0.49977421875,0.48893671875,0.4950623046875,0.49996171875,0.4982,0.494221875,0.4998,0.4968,0.49649296875,0.4946826171875,0.49951171875,0.46652421875,0.4994513671875,0.498621875,0.49943046875,0.49071796875,0.4987185546875,0.4974169921875,0.4783419921875,0.49669921875,0.49264921875,0.499746875,0.49649296875,0.4674875,0.49971796875,0.4984875,0.4993654296875,0.4994091796875,0.4650529296875,0.499971875,0.4924201171875,0.4990154296875,0.4895779296875,0.4998576171875,0.4969482421875,0.4999875,0.49971796875,0.4908029296875,0.4996388671875,0.4967498046875,0.4950623046875,0.4951857421875,0.485971875,0.4940185546875,0.4919513671875,0.496171875,0.4998123046875,0.49583671875,0.49294921875,0.499096875,0.498871875,0.4788591796875,0.49435546875,0.49138671875,0.4928748046875,0.4994919921875,0.4936013671875,0.4989591796875,0.49560546875,0.485971875,0.49395,0.4933875,0.4945529296875,0.4998576171875,0.4950623046875,0.49965546875,0.4866951171875,0.4854435546875,0.4996875,0.49381171875,0.4984529296875,0.48533671875,0.4971875,0.4963341796875,0.499621875,0.4984529296875,0.49812421875,0.4972341796875,0.4989591796875,0.4908029296875,0.4983107421875,0.49868671875,0.4999875,0.4981623046875,0.49780546875,0.49893046875,0.49461796875,0.49955,0.4938810546875,0.4997029296875,0.4992248046875,0.4818310546875,0.4982373046875,0.4954875,0.4949373046875,0.49746171875,0.49203046875,0.4997873046875,0.48818046875,0.499621875,0.4992732421875,0.4993201171875,0.499996875,0.49689921875,0.4930232421875,0.49951171875,0.49955,0.4965451171875,0.4988419921875,0.49986796875,0.496596875,0.49986796875,0.4739794921875,0.4888435546875,0.48930546875,0.4938810546875,0.49353046875,0.4955466796875,0.4951857421875,0.4997029296875,0.4996388671875,0.4938810546875,0.4962263671875,0.4999669921875,0.49995,0.4949373046875,0.4999294921875,0.4917919921875,0.49881171875,0.49924921875,0.4999763671875,0.49171171875,0.49995,0.498621875,0.4997607421875,0.49999296875,0.4954279296875,0.49689921875,0.49353046875,0.4944216796875,0.4998779296875,0.487596875,0.4976794921875,0.49669921875,0.4716482421875,0.4999904296875,0.4949373046875,0.49669921875,0.4975060546875,0.4999951171875,0.49934296875,0.4999998046875,0.49904296875,0.4996716796875,0.48024921875,0.4808654296875,0.49868671875,0.4995685546875,0.49914921875,0.4980076171875,0.49924921875,0.4970451171875,0.4847966796875,0.4874982421875,0.4983826171875,0.4841357421875,0.4975060546875,0.4993201171875,0.49689921875,0.4882763671875,0.4962263671875,0.4996716796875,0.4995310546875,0.4980857421875,0.4941544921875,0.49990546875,0.4852294921875,0.493671875,0.499921875,0.499846875,0.49995,0.4919513671875,0.4798748046875,0.4966482421875,0.49324296875,0.494221875,0.4998357421875,0.49934296875,0.4938810546875,0.4984875,0.49986796875,0.4978875,0.4994513671875,0.49709296875,0.4980076171875,0.4999560546875,0.4969482421875,0.4974169921875,0.4999951171875,0.4911388671875,0.49649296875,0.46875,0.48357421875,0.49583671875,0.4980857421875,0.4866951171875,0.4933154296875,0.4999763671875,0.4992732421875,0.49995,0.495,0.4957794921875,0.4914685546875,0.4997326171875,0.4997029296875,0.49763671875,0.4948107421875,0.4949373046875,0.4986544921875,0.49958671875,0.4990701171875,0.4893966796875,0.4998,0.4990154296875,0.480496875,0.49536796875,0.46652421875,0.48311796875,0.4985216796875,0.48576171875,0.49914921875,0.49408671875,0.4852294921875,0.4818310546875,0.499846875,0.4996388671875,0.4966482421875,0.4975935546875,0.49893046875,0.4972341796875,0.4998875,0.4992732421875,0.4999560546875,0.4978466796875,0.4954279296875,0.4924201171875,0.4964404296875,0.4978875,0.499971875,0.4890294921875,0.4899357421875,0.4922654296875,0.49512421875,0.4909716796875,0.4974169921875,0.49203046875,0.4854435546875,0.4969482421875,0.4845779296875,0.49583671875,0.49324296875,0.4888435546875,0.4974169921875,0.4983826171875,0.4972341796875,0.49995,0.4978875,0.4827716796875,0.499971875,0.4914685546875,0.4998576171875,0.4986544921875,0.499971875,0.4999138671875,0.4745466796875,0.49934296875,0.4868982421875,0.49951171875,0.49982421875,0.489121875,0.49796796875,0.4997607421875,0.498046875,0.49669921875,0.4998576171875,0.49990546875,0.49812421875,0.498871875,0.49881171875,0.4854435546875,0.49780546875,0.4998875,0.4931701171875,0.49875,0.4937419921875,0.4742638671875,0.4949373046875,0.49958671875,0.49746171875,0.4990154296875,0.4996044921875,0.49986796875,0.49709296875,0.4955466796875,0.4998966796875,0.49234296875,0.4841357421875,0.4928748046875,0.49324296875,0.49628046875,0.4981623046875,0.49924921875,0.4975060546875,0.4956638671875,0.4999982421875,0.4954279296875,0.4983826171875,0.4972341796875,0.48446796875,0.4525294921875,0.4967498046875,0.4965451171875,0.4832326171875,0.49881171875,0.4997326171875,0.499746875,0.4963341796875,0.4997326171875,0.498346875,0.48357421875,0.49958671875,0.49996171875,0.4999138671875,0.4902,0.477421875,0.4988419921875,0.49855546875,0.48930546875,0.4801248046875,0.4945529296875,0.4992,0.4971875,0.49203046875,0.4985888671875,0.4996716796875,0.49461796875,0.49395,0.4994513671875,0.4982373046875,0.4901123046875,0.4998,0.4955466796875,0.49999921875,0.4965451171875,0.4997607421875,0.4992732421875,0.48893671875,0.496596875,0.49924921875,0.4983826171875,0.4990154296875,0.499471875,0.49990546875,0.4971404296875,0.4996716796875,0.4954279296875,0.4946826171875,0.495721875,0.49649296875,0.49958671875,0.4999875,0.4992732421875,0.4945529296875,0.4981623046875,0.498871875,0.4998576171875,0.4996875,0.487596875,0.49709296875,0.4989013671875,0.4895779296875,0.4937419921875,0.499621875,0.4961169921875,0.4928748046875,0.47089921875,0.498046875,0.4982373046875,0.47440546875,0.4999138671875,0.4999435546875,0.4954875,0.4994091796875,0.4894875,0.4991748046875,0.4998966796875,0.4745466796875,0.4756623046875,0.4993875,0.49002421875,0.4993201171875,0.4954279296875,0.4843576171875,0.4997029296875,0.4967498046875,0.4914685546875,0.4806201171875,0.49728046875,0.499471875,0.49982421875,0.48171171875,0.48779296875,0.49951171875,0.4673279296875,0.49264921875,0.4999982421875,0.499921875,0.4921091796875,0.49728046875,0.4978875,0.49958671875,0.4982373046875,0.4998576171875,0.4966482421875,0.4999841796875,0.49294921875,0.4758,0.499971875,0.4968498046875,0.4963341796875,0.499746875,0.4968498046875,0.493671875,0.472971875,0.4996716796875,0.48171171875,0.49995,0.49958671875,0.4950623046875,0.48739921875,0.499296875,0.4989591796875,0.49958671875,0.4996044921875,0.4998875,0.4961169921875,0.49234296875,0.4990154296875,0.4963341796875,0.4994919921875,0.49868671875,0.4962263671875,0.4847966796875,0.4902873046875,0.49796796875,0.4998576171875,0.4999904296875,0.4980076171875,0.497721875,0.5,0.49999296875,0.4982373046875,0.4998966796875,0.49827421875,0.4999875,0.49924921875,0.498046875,0.4998123046875,0.4856560546875,0.496596875,0.4982373046875,0.4954279296875,0.48779296875,0.4899357421875,0.4980857421875,0.49395,0.49461796875,0.48739921875,0.49812421875,0.4999841796875,0.4990701171875,0.489846875,0.49965546875,0.4989591796875,0.4993875,0.4985216796875,0.49998046875,0.49977421875,0.4954279296875,0.4998966796875,0.497371875,0.4995685546875,0.4997326171875,0.49951171875,0.499296875,0.485121875,0.4994513671875,0.4997607421875,0.4999951171875,0.49709296875,0.4806201171875,0.49780546875,0.49958671875,0.49977421875,0.4758,0.495,0.489846875,0.4974169921875,0.4993875,0.4996875,0.49971796875,0.4999904296875,0.4992732421875,0.4984875,0.4976794921875,0.4992732421875,0.49893046875
0.498346875,0.46906171875,0.49606171875,0.49728046875,0.4834607421875,0.4981623046875,0.49982421875,0.49827421875,0.499096875,0.4957794921875,0.472971875,0.49595,0.4981623046875,0.49763671875,0.498621875,0.49560546875,0.4999560546875,0.4906326171875,0.48779296875,0.495,0.4963875,0.4962263671875,0.4954875,0.4999951171875,0.49914921875,0.4394044921875,0.4990154296875,0.4992732421875,0.4991748046875,0.480496875,0.4994091796875,0.499846875,0.48195,0.4993654296875,0.49943046875,0.4982373046875,0.49986796875,0.49982421875,0.493096875,0.4850138671875,0.4999998046875,0.4897576171875,0.4967498046875,0.4588513671875,0.4999294921875,0.47821171875,0.499471875,0.4994513671875,0.4975935546875,0.4913044921875,0.4997873046875,0.4981623046875,0.4974169921875,0.49583671875,0.49763671875,0.49827421875,0.4991232421875,0.4945529296875,0.4746875,0.497721875,0.49841796875,0.497721875,0.4981623046875,0.49264921875,0.4904607421875,0.4984529296875,0.4946826171875,0.4911388671875,0.4921875,0.4996044921875,0.4995685546875,0.4780810546875,0.4796232421875,0.4972341796875,0.48123046875,0.4791154296875,0.49999296875,0.4994919921875,0.4878904296875,0.497721875,0.498346875,0.49881171875,0.49435546875,0.48357421875,0.4960060546875,0.499971875,0.49709296875,0.499996875,0.48739921875,0.4994091796875,0.49796796875,0.4791154296875,0.49595,0.48856171875,0.4968,0.485121875,0.49709296875,0.4950623046875,0.49512421875,0.4996875,0.474121875,0.4977638671875,0.49881171875,0.4996716796875,0.49996171875,0.492496875,0.4862841796875,0.4999669921875,0.49408671875,0.4942888671875,0.4778185546875,0.49986796875,0.470596875,0.49993671875,0.4901123046875,0.4978875,0.49924921875,0.4999560546875,0.4948107421875,0.49999296875,0.4981623046875,0.4997873046875,0.49965546875,0.48699921875,0.4913044921875,0.4996044921875,0.4899357421875,0.4992,0.4980076171875,0.4993201171875,0.4930232421875,0.4938810546875,0.49958671875,0.499096875,0.4974169921875,0.4956638671875,0.4999763671875,0.4996388671875,0.4983826171875,0.4983107421875,0.499846875,0.48699921875,0.49881171875,0.49955,0.496996875,0.4956638671875,0.4989013671875,0.499746875,0.49996171875,0.4870998046875,0.4892138671875,0.49595,0.4902,0.4983107421875,0.49996171875,0.4978875,0.4968498046875,0.4946826171875,0.4906326171875,0.4872998046875,0.4988419921875,0.4999982421875,0.4962263671875,0.4908029296875,0.4977638671875,0.499846875,0.49999921875,0.4972341796875,0.49868671875,0.4994091796875,0.4954279296875,0.4989013671875,0.497371875,0.4957794921875,0.499621875,0.499746875,0.4968,0.4962263671875,0.498346875,0.4832326171875,0.49982421875,0.4997873046875,0.49381171875,0.49536796875,0.49958671875,0.4992,0.4961169921875,0.494746875,0.4940185546875,0.4998,0.4992,0.498871875,0.4985216796875,0.4998576171875,0.4996044921875,0.49264921875,0.49606171875,0.4998123046875,0.4984529296875,0.4934591796875,0.4954279296875,0.4997607421875,0.48659296875,0.5,0.4999435546875,0.4999763671875,0.49999921875,0.48446796875,0.49934296875,0.4888435546875,0.49893046875,0.47821171875,0.48533671875,0.49689921875,0.4969482421875,0.49993671875,0.4864904296875,0.4999560546875,0.4996388671875,0.49812421875,0.49904296875,0.4972341796875,0.499921875,0.49995,0.4982373046875,0.4917919921875,0.4944875,0.4998966796875,0.49728046875,0.49995,0.49628046875,0.4999669921875,0.470596875,0.4846875,0.4980076171875,0.49105546875,0.4989875,0.49728046875,0.49264921875,0.4911388671875,0.49628046875,0.471796875,0.49408671875,0.48875,0.49812421875,0.4445138671875,0.4989591796875,0.49171171875,0.4934591796875,0.4967498046875,0.4983826171875,0.49353046875,0.4801248046875,0.47268046875,0.49755,0.4989591796875,0.4944875,0.4789875,0.4748279296875,0.4879875,0.4997873046875,0.4904607421875,0.5,0.49155,0.499996875,0.4990701171875,0.4988419921875,0.4997029296875,0.4988419921875,0.4982373046875,0.496996875,0.496996875,0.491871875,0.495,0.4921875,0.4902873046875,0.4954279296875,0.4980076171875,0.4780810546875,0.4981623046875,0.4993201171875,0.484246875,0.49827421875,0.49955,0.49780546875,0.49294921875,0.497371875,0.49628046875,0.4916310546875,0.49002421875,0.498871875,0.4993201171875,0.4954279296875,0.4999435546875,0.4951857421875,0.4984875,0.493671875,0.490546875,0.4971875,0.4934591796875,0.498871875,0.49536796875,0.499096875,0.48446796875,0.49071796875,0.4965451171875,0.499296875,0.47974921875,0.4968,0.49977421875,0.48195,0.48,0.49264921875,0.4998576171875,0.4937419921875,0.4997607421875,0.4987185546875,0.4924201171875,0.49780546875,0.49996171875,0.4989591796875,0.49395,0.49934296875,0.49924921875,0.49689921875,0.49381171875,0.4948107421875,0.4998779296875,0.49689921875,0.495721875,0.4989591796875,0.499621875,0.4974169921875,0.4931701171875,0.49914921875,0.49881171875,0.487596875,0.49487421875,0.49381171875,0.499096875,0.4961169921875,0.499296875,0.4986544921875,0.4971404296875,0.498871875,0.4734060546875,0.4983107421875,0.4954875,0.4978466796875,0.4999138671875,0.499471875,0.4999294921875,0.4989013671875,0.48893671875,0.49993671875,0.4977638671875,0.4996388671875,0.447996875,0.4984529296875,0.4989591796875,0.4998357421875,0.49998046875,0.4892138671875,0.488371875,0.4992732421875,0.499621875,0.4936013671875,0.49990546875,0.498346875,0.4983826171875,0.49904296875,0.49435546875,0.4989875,0.4930232421875,0.4976794921875,0.4931701171875,0.49264921875,0.49381171875,0.499846875,0.49536796875,0.4940185546875,0.49999296875,0.4954875,0.4978875,0.4815919921875,0.49893046875,0.4944875,0.49999296875,0.4961169921875,0.49986796875,0.4960060546875,0.498346875,0.49993671875,0.4976794921875,0.4879875,0.4980857421875,0.48818046875,0.49689921875,0.49955,0.49993671875,0.4992732421875,0.4999951171875,0.4971404296875,0.499471875,0.4839123046875,0.4999763671875,0.4813513671875,0.4954279296875,0.4987810546875,0.4951857421875,0.49002421875,0.48893671875,0.499996875,0.4989875,0.4944875,0.482421875,0.49955,0.4830029296875,0.49993671875,0.5,0.499621875,0.4999669921875,0.4786013671875,0.49999296875,0.4946826171875,0.49881171875,0.4879875,0.48,0.4863875,0.4984875,0.4977638671875,0.4998357421875,0.49812421875,0.4970451171875,0.4893966796875,0.4813513671875,0.4945529296875,0.4962263671875,0.4764826171875,0.48875,0.49763671875,0.4998779296875,0.49689921875,0.49965546875,0.4946826171875,0.4980076171875,0.4906326171875,0.4997873046875,0.49965546875,0.4999138671875,0.49812421875,0.4999560546875,0.49951171875,0.4981623046875,0.4997029296875,0.49999296875,0.48930546875,0.49998046875,0.4974169921875,0.4999669921875,0.4999138671875,0.4940185546875,0.49855546875,0.487596875,0.49583671875,0.494221875,0.49998046875,0.493671875,0.49934296875,0.496596875,0.4940185546875,0.4719451171875,0.48739921875,0.499471875,0.4999998046875,0.4890294921875,0.4994919921875,0.4933154296875,0.4999560546875,0.4967498046875,0.4997326171875,0.49934296875,0.470596875,0.4993654296875,0.4852294921875,0.4965451171875,0.4995310546875,0.49487421875,0.49234296875,0.4995685546875,0.49763671875,0.49796796875,0.494746875,0.498046875,0.4682794921875,0.49904296875,0.498871875,0.49958671875,0.48875,0.4980857421875,0.4976794921875,0.4748279296875,0.4986544921875,0.493096875,0.49999921875,0.49868671875,0.4682794921875,0.4994513671875,0.49875,0.499096875,0.49855546875,0.47209296875,0.4999138671875,0.491871875,0.49669921875,0.4860763671875,0.4994513671875,0.4961169921875,0.4999435546875,0.499471875,0.4901123046875,0.4992732421875,0.4974169921875,0.4940185546875,0.4975060546875,0.4850138671875,0.4941544921875,0.4922654296875,0.4933154296875,0.49904296875,0.49381171875,0.49071796875,0.4983107421875,0.4999294921875,0.4756623046875,0.4973263671875,0.4925732421875,0.49381171875,0.4994513671875,0.4921875,0.4998779296875,0.4964404296875,0.488371875,0.49155,0.4917919921875,0.494746875,0.49924921875,0.4953076171875,0.49583671875,0.4806201171875,0.4762107421875,0.49990546875,0.4928,0.4978466796875,0.481471875,0.4917919921875,0.49583671875,0.4998576171875,0.4983107421875,0.4963875,0.49746171875,0.498871875,0.49408671875,0.4971404296875,0.4989875,0.49951171875,0.4990154296875,0.4976794921875,0.49924921875,0.4954875,0.4991232421875,0.4922654296875,0.4996388671875,0.49914921875,0.4783419921875,0.4978466796875,0.4958935546875,0.49264921875,0.49796796875,0.4934591796875,0.4993654296875,0.48779296875,0.4996875,0.49982421875,0.4996875,0.49999296875,0.496996875,0.4894875,0.4978875,0.4997607421875,0.4963875,0.4993201171875,0.4999875,0.4989875,0.4999951171875,0.4746875,0.49002421875,0.4899357421875,0.4966482421875,0.4904607421875,0.495246875,0.4944216796875,0.49999296875,0.4994091796875,0.4931701171875,0.4963875,0.49958671875,0.4998123046875,0.49435546875,0.49990546875,0.49435546875,0.4998123046875,0.4987185546875,0.4998357421875,0.4921091796875,0.4999875,0.49827421875,0.49855546875,0.498621875,0.4965451171875,0.4975935546875,0.49264921875,0.4950623046875,0.4989013671875,0.48699921875,0.49628046875,0.4913044921875,0.46780546875,0.4999904296875,0.49606171875,0.4969482421875,0.4986544921875,0.4998779296875,0.49812421875,0.4992732421875,0.4999669921875,0.4993875,0.4759373046875,0.48218671875,0.4993201171875,0.4983107421875,0.49958671875,0.4989013671875,0.4997029296875,0.49746171875,0.48930546875,0.48966796875,0.4976794921875,0.48659296875,0.49606171875,0.49977421875,0.4990701171875,0.48779296875,0.495721875,0.4999841796875,0.4987185546875,0.4986544921875,0.4958935546875,0.4985216796875,0.48576171875,0.4906326171875,0.49995,0.4999841796875,0.4990701171875,0.4904607421875,0.4850138671875,0.4970451171875,0.4930232421875,0.4945529296875,0.4999904296875,0.49958671875,0.49512421875,0.498871875,0.4995685546875,0.4989875,0.4995310546875,0.4978875,0.49487421875,0.49977421875,0.4979279296875,0.4968498046875,0.49977421875,0.4906326171875,0.4963341796875,0.4699875,0.48357421875,0.4941544921875,0.4993875,0.48930546875,0.4919513671875,0.4992248046875,0.49995,0.4999951171875,0.4928,0.4984529296875,0.48856171875,0.4999982421875,0.49904296875,0.498621875,0.4928748046875,0.49105546875,0.4990701171875,0.4992248046875,0.4983826171875,0.491221875,0.49996171875,0.4992732421875,0.48195,0.49002421875,0.4695263671875,0.4791154296875,0.499621875,0.4828875,0.499096875,0.4911388671875,0.4832326171875,0.4845779296875,0.4998576171875,0.49990546875,0.496996875,0.49780546875,0.4993875,0.49796796875,0.4997607421875,0.4990701171875,0.4997607421875,0.49728046875,0.4958935546875,0.4919513671875,0.495246875,0.4971875,0.4999560546875,0.48699921875,0.48893671875,0.49171171875,0.4962263671875,0.4895779296875,0.4979279296875,0.4913044921875,0.4852294921875,0.4963875,0.48218671875,0.4948107421875,0.4922654296875,0.48875,0.498046875,0.4991748046875,0.49812421875,0.4998123046875,0.49780546875,0.4796232421875,0.4999669921875,0.49105546875,0.4998,0.4989591796875,0.499971875,0.4996716796875,0.4742638671875,0.49943046875,0.4904607421875,0.4986544921875,0.4999138671875,0.493096875,0.499296875,0.49951171875,0.4991748046875,0.4970451171875,0.49996171875,0.499971875,0.49827421875,0.49958671875,0.49943046875,0.48446796875,0.49780546875,0.49999296875,0.4872998046875,0.4978466796875,0.489121875,0.4695263671875,0.4972341796875,0.499971875,0.497371875,0.4992732421875,0.4990701171875,0.4991748046875,0.4961169921875,0.49595,0.49995,0.4938810546875,0.4866951171875,0.494221875,0.4946826171875,0.4964404296875,0.4983826171875,0.4994919921875,0.49943046875,0.498871875,0.49986796875,0.4954875,0.4990701171875,0.4960060546875,0.4870998046875,0.45611796875,0.4971875,0.4977638671875,0.4888435546875,0.4993201171875,0.4995685546875,0.4994513671875,0.4958935546875,0.49924921875,0.49796796875,0.48555,0.4998123046875,0.4999560546875,0.4994513671875,0.4879875,0.4850138671875,0.49868671875,0.4996044921875,0.4874982421875,0.48311796875,0.4931701171875,0.499096875,0.49796796875,0.492496875,0.4983107421875,0.49965546875,0.4968498046875,0.492496875,0.4999763671875,0.49689921875,0.489121875,0.49986796875,0.49461796875,0.499471875,0.49669921875,0.4999841796875,0.4977638671875,0.486796875,0.49689921875,0.49689921875,0.4990154296875,0.498871875,0.4996875,0.4997873046875,0.49512421875,0.4999763671875,0.4925732421875,0.4973263671875,0.4942888671875,0.49234296875,0.499096875,0.4999138671875,0.4999560546875,0.4966482421875,0.4982,0.4998779296875,0.49986796875,0.49875,0.48699921875,0.4989875,0.4992248046875,0.4909716796875,0.493671875,0.4999998046875,0.49649296875,0.48875,0.474121875,0.4989591796875,0.4967498046875,0.4716482421875,0.49995,0.49995,0.4960060546875,0.49934296875,0.48576171875,0.499971875,0.4990701171875,0.474121875,0.4770216796875,0.4995685546875,0.489846875,0.4999875,0.49487421875,0.4894875,0.4998123046875,0.49755,0.491871875,0.48311796875,0.49669921875,0.4995310546875,0.4999904296875,0.4834607421875,0.4897576171875,0.49914921875,0.47383671875,0.49395,0.49986796875,0.4999669921875,0.4933875,0.4965451171875,0.496996875,0.4998966796875,0.4997873046875,0.49934296875,0.49583671875,0.4999951171875,0.49155,0.4719451171875,0.4989591796875,0.494221875,0.4963341796875,0.4995310546875,0.4980857421875,0.49606171875,0.4806201171875,0.4984875,0.4818310546875,0.49971796875,0.49881171875,0.4944216796875,0.4862841796875,0.4997873046875,0.4985888671875,0.4998779296875,0.49924921875,0.49982421875,0.4967498046875,0.4953076171875,0.4993875,0.4981623046875,0.4997607421875,0.4996875,0.4940185546875,0.484246875,0.489121875,0.49841796875,0.4998357421875,0.49904296875,0.4979279296875,0.498621875,0.4998576171875,0.4999138671875,0.4984875,0.4996716796875,0.49875,0.499996875,0.49914921875,0.4970451171875,0.4989591796875,0.49171171875,0.4954875,0.4983826171875,0.496596875,0.48618046875,0.49105546875,0.4975935546875,0.49649296875,0.4940185546875,0.4868982421875,0.4974169921875,0.4999998046875,0.49982421875,0.4924201171875,0.4995685546875,0.4983826171875,0.4991748046875,0.4981623046875,0.4989591796875,0.49990546875,0.4954279296875,0.499096875,0.49709296875,0.4999904296875,0.499471875,0.49990546875,0.4993654296875,0.485971875,0.4992248046875,0.4999669921875,0.49999296875,0.49560546875,0.47715546875,0.4975935546875,0.4999294921875,0.4995310546875,0.47924296875,0.4941544921875,0.4927248046875,0.4961169921875,0.497371875,0.4998123046875,0.4998779296875,0.4999138671875,0.49763671875,0.4931701171875,0.49875,0.4976794921875,0.49780546875
0.499621875,0.4609748046875,0.4937419921875,0.4991232421875,0.48074296875,0.49924921875,0.4997873046875,0.49689921875,0.49982421875,0.49746171875,0.4783419921875,0.49294921875,0.49875,0.4983826171875,0.498621875,0.49324296875,0.4998357421875,0.4919513671875,0.4858669921875,0.4976794921875,0.4961169921875,0.4969482421875,0.4968,0.499846875,0.498871875,0.4449294921875,0.49904296875,0.4995310546875,0.4982,0.4772888671875,0.4996875,0.499471875,0.47661796875,0.4997326171875,0.4994513671875,0.499746875,0.4998966796875,0.4999875,0.49536796875,0.48818046875,0.49998046875,0.48490546875,0.497721875,0.455,0.49996171875,0.4793701171875,0.4994091796875,0.4985216796875,0.498621875,0.4904607421875,0.4998123046875,0.4993654296875,0.4994091796875,0.49755,0.4991748046875,0.4992,0.4990154296875,0.4954279296875,0.4758,0.4977638671875,0.4950623046875,0.4982373046875,0.496996875,0.4913044921875,0.488371875,0.4993875,0.4937419921875,0.4902873046875,0.4945529296875,0.4994919921875,0.4997029296875,0.4803732421875,0.47924296875,0.49746171875,0.4818310546875,0.484246875,0.499921875,0.4998123046875,0.48966796875,0.4992732421875,0.49827421875,0.49943046875,0.4941544921875,0.4892138671875,0.49512421875,0.49995,0.4961169921875,0.49998046875,0.4906326171875,0.49955,0.4973263671875,0.4770216796875,0.4971404296875,0.4899357421875,0.4953076171875,0.48446796875,0.49728046875,0.49171171875,0.49628046875,0.4999998046875,0.475246875,0.496596875,0.49955,0.499471875,0.49977421875,0.4914685546875,0.4839123046875,0.4998576171875,0.49595,0.4963341796875,0.477421875,0.4999982421875,0.4736935546875,0.499846875,0.4913044921875,0.4956638671875,0.4985216796875,0.4996044921875,0.492496875,0.4999763671875,0.49796796875,0.49924921875,0.4990154296875,0.487596875,0.49037421875,0.49914921875,0.4899357421875,0.4976794921875,0.4974169921875,0.49746171875,0.491871875,0.49487421875,0.49924921875,0.49875,0.4969482421875,0.498621875,0.4999138671875,0.49999296875,0.4997326171875,0.499296875,0.49904296875,0.4913044921875,0.49893046875,0.49934296875,0.496996875,0.4968,0.4993201171875,0.49999296875,0.4993654296875,0.4860763671875,0.489121875,0.49487421875,0.4899357421875,0.49914921875,0.49965546875,0.492496875,0.4983826171875,0.49560546875,0.491871875,0.4879875,0.49875,0.499921875,0.4930232421875,0.4868982421875,0.498046875,0.49996171875,0.49995,0.496596875,0.4996044921875,0.49943046875,0.4950623046875,0.497721875,0.4987810546875,0.49583671875,0.4994919921875,0.49977421875,0.4986544921875,0.4960060546875,0.4980076171875,0.4827716796875,0.49958671875,0.4998576171875,0.48893671875,0.496596875,0.4996716796875,0.4991748046875,0.495721875,0.498871875,0.4968498046875,0.4999875,0.4995685546875,0.49755,0.49951171875,0.499096875,0.49982421875,0.4944216796875,0.495,0.4996044921875,0.4988419921875,0.4893966796875,0.4963875,0.4993654296875,0.4902,0.4998779296875,0.49999921875,0.4999435546875,0.49990546875,0.485121875,0.4994513671875,0.4911388671875,0.4983826171875,0.4793701171875,0.48739921875,0.49669921875,0.4974169921875,0.49971796875,0.4813513671875,0.49993671875,0.49977421875,0.4961169921875,0.4980076171875,0.496596875,0.4993654296875,0.49999921875,0.4984875,0.494221875,0.491871875,0.4997607421875,0.49560546875,0.49998046875,0.49487421875,0.4996716796875,0.46906171875,0.48024921875,0.49924921875,0.49171171875,0.49728046875,0.4990154296875,0.4955466796875,0.4924201171875,0.4983826171875,0.4778185546875,0.4945529296875,0.4913044921875,0.49914921875,0.44678046875,0.49904296875,0.4928,0.49234296875,0.4950623046875,0.4977638671875,0.4944875,0.4793701171875,0.47496796875,0.4981623046875,0.4990701171875,0.4925732421875,0.47355,0.4716482421875,0.49461796875,0.4997326171875,0.4924201171875,0.49999296875,0.49324296875,0.4999763671875,0.499971875,0.4974169921875,0.49955,0.4982,0.4995685546875,0.4962263671875,0.4981623046875,0.4902,0.4944875,0.496596875,0.492496875,0.4960060546875,0.4962263671875,0.4793701171875,0.4990701171875,0.4995310546875,0.48875,0.49914921875,0.4996716796875,0.498046875,0.4872998046875,0.4971875,0.495721875,0.4941544921875,0.4876951171875,0.4971875,0.4997607421875,0.49763671875,0.4998875,0.49583671875,0.4960060546875,0.496171875,0.4914685546875,0.4984529296875,0.49395,0.4996388671875,0.4953076171875,0.4974169921875,0.485971875,0.4924201171875,0.49395,0.4993654296875,0.482421875,0.4983826171875,0.49995,0.4808654296875,0.47795,0.4936013671875,0.4993875,0.4936013671875,0.4990701171875,0.4968498046875,0.4909716796875,0.49709296875,0.4998875,0.4985888671875,0.4927248046875,0.4965451171875,0.4997607421875,0.493096875,0.49536796875,0.4941544921875,0.4998576171875,0.49763671875,0.49669921875,0.4999138671875,0.4998123046875,0.4966482421875,0.4870998046875,0.49958671875,0.4999904296875,0.4936013671875,0.4942888671875,0.4919513671875,0.4990701171875,0.4969482421875,0.4980076171875,0.4983107421875,0.4984875,0.4978466796875,0.469371875,0.4997029296875,0.4949373046875,0.4990154296875,0.4999294921875,0.4998123046875,0.49993671875,0.499621875,0.49071796875,0.4994091796875,0.4986544921875,0.4992732421875,0.4477951171875,0.4986544921875,0.4985888671875,0.49999296875,0.499971875,0.4902,0.48699921875,0.49934296875,0.4993654296875,0.49203046875,0.49986796875,0.4994919921875,0.4970451171875,0.4990701171875,0.4944216796875,0.4992248046875,0.4914685546875,0.4975060546875,0.4917919921875,0.491221875,0.4922654296875,0.4997607421875,0.4976794921875,0.49780546875,0.4994513671875,0.4937419921875,0.4989591796875,0.4803732421875,0.4990154296875,0.4936013671875,0.4997029296875,0.4955466796875,0.4998779296875,0.49689921875,0.499096875,0.499471875,0.4976794921875,0.4913044921875,0.4968,0.4868982421875,0.4975935546875,0.49971796875,0.49999921875,0.4968498046875,0.4999435546875,0.49841796875,0.4998357421875,0.485121875,0.4996875,0.4803732421875,0.4971875,0.49971796875,0.4974169921875,0.4906326171875,0.4884669921875,0.4998,0.496596875,0.4914685546875,0.48357421875,0.4991232421875,0.4845779296875,0.4999435546875,0.49999296875,0.4982,0.49943046875,0.48265546875,0.4993875,0.496596875,0.49841796875,0.4852294921875,0.481471875,0.4841357421875,0.49796796875,0.4961169921875,0.4995310546875,0.4971875,0.49408671875,0.482421875,0.48,0.49583671875,0.49408671875,0.4748279296875,0.49071796875,0.49689921875,0.4997326171875,0.49606171875,0.499471875,0.4936013671875,0.49971796875,0.4892138671875,0.4990154296875,0.49999296875,0.4975935546875,0.4968,0.4992,0.4982,0.49881171875,0.4993875,0.4997029296875,0.4876951171875,0.49986796875,0.4953076171875,0.4999904296875,0.4999294921875,0.49324296875,0.4997873046875,0.4803732421875,0.49728046875,0.4925732421875,0.4999841796875,0.49709296875,0.49755,0.4980857421875,0.4928,0.48024921875,0.48966796875,0.4987810546875,0.4998123046875,0.49071796875,0.4999951171875,0.4917919921875,0.4997607421875,0.4985216796875,0.499921875,0.4998576171875,0.46875,0.499846875,0.484246875,0.4948107421875,0.49951171875,0.4964404296875,0.4931701171875,0.4997607421875,0.4963875,0.4954875,0.4937419921875,0.497721875,0.4662,0.498871875,0.4968498046875,0.4998576171875,0.4931701171875,0.4972341796875,0.4986544921875,0.4768875,0.4980857421875,0.4933154296875,0.49934296875,0.4953076171875,0.4685935546875,0.4996875,0.49904296875,0.49904296875,0.4980076171875,0.47089921875,0.4997029296875,0.4954875,0.49628046875,0.4845779296875,0.49998046875,0.497371875,0.4993875,0.4997607421875,0.4911388671875,0.4975935546875,0.4944875,0.49353046875,0.4963875,0.4806201171875,0.49264921875,0.49071796875,0.4930232421875,0.49965546875,0.4928,0.4906326171875,0.4988419921875,0.49977421875,0.4647216796875,0.49709296875,0.4931701171875,0.4933154296875,0.49986796875,0.493096875,0.49998046875,0.4962263671875,0.4830029296875,0.4909716796875,0.4901123046875,0.4960060546875,0.4991232421875,0.4951857421875,0.4972341796875,0.477421875,0.48357421875,0.4999294921875,0.49381171875,0.498346875,0.4860763671875,0.4902873046875,0.49381171875,0.49951171875,0.499096875,0.495,0.499296875,0.498871875,0.4971875,0.497721875,0.49995,0.49982421875,0.49649296875,0.4984529296875,0.498871875,0.4975060546875,0.4991232421875,0.4922654296875,0.499471875,0.49755,0.4813513671875,0.4981623046875,0.494221875,0.4946826171875,0.4971404296875,0.49071796875,0.49904296875,0.4860763671875,0.4994513671875,0.4997607421875,0.4987810546875,0.4998875,0.4963875,0.49105546875,0.4967498046875,0.4997029296875,0.4982,0.4994513671875,0.4998,0.4987185546875,0.499921875,0.4728263671875,0.4902,0.4934591796875,0.4958935546875,0.4906326171875,0.49294921875,0.4976794921875,0.4999435546875,0.4997873046875,0.49324296875,0.49893046875,0.49982421875,0.4999669921875,0.4934591796875,0.4994513671875,0.4928748046875,0.4999841796875,0.49924921875,0.49996171875,0.4921091796875,0.4998875,0.49893046875,0.499621875,0.49951171875,0.49408671875,0.49669921875,0.4908875,0.4951857421875,0.4984875,0.4872,0.493096875,0.48618046875,0.4650529296875,0.49934296875,0.49628046875,0.498621875,0.4951857421875,0.4996875,0.4972341796875,0.4997607421875,0.4998576171875,0.499746875,0.4643888671875,0.485971875,0.4993201171875,0.4987185546875,0.4992732421875,0.498621875,0.4999435546875,0.4988419921875,0.4899357421875,0.4886560546875,0.498621875,0.4872998046875,0.4973263671875,0.49904296875,0.4963341796875,0.49171171875,0.49763671875,0.4998576171875,0.49868671875,0.4981623046875,0.4953076171875,0.498046875,0.4863875,0.4921875,0.49934296875,0.4999435546875,0.4990154296875,0.4879875,0.48533671875,0.49827421875,0.4909716796875,0.496996875,0.499971875,0.499971875,0.49536796875,0.4987185546875,0.4998966796875,0.4990701171875,0.4995685546875,0.497721875,0.4986544921875,0.4999982421875,0.4966482421875,0.4986544921875,0.4998357421875,0.4934591796875,0.498046875,0.466846875,0.4818310546875,0.49395,0.4991232421875,0.4888435546875,0.49461796875,0.4990154296875,0.4993875,0.49993671875,0.4928748046875,0.4975935546875,0.490546875,0.499996875,0.499296875,0.4977638671875,0.493671875,0.493096875,0.49841796875,0.4989875,0.4970451171875,0.4892138671875,0.499296875,0.49812421875,0.483346875,0.4921091796875,0.4748279296875,0.4742638671875,0.4994919921875,0.481471875,0.4989013671875,0.4890294921875,0.4832326171875,0.4879875,0.49999921875,0.499471875,0.495246875,0.49827421875,0.4989591796875,0.4958935546875,0.4999669921875,0.49934296875,0.4982373046875,0.4963875,0.49606171875,0.4878904296875,0.49669921875,0.4995310546875,0.4999763671875,0.487596875,0.4886560546875,0.48893671875,0.49827421875,0.4876951171875,0.49755,0.4874982421875,0.4843576171875,0.4966482421875,0.4823044921875,0.4942888671875,0.4933875,0.4880841796875,0.4960060546875,0.4996044921875,0.4980076171875,0.5,0.495246875,0.487596875,0.49999921875,0.49171171875,0.4998123046875,0.49955,0.49904296875,0.4999669921875,0.47924296875,0.4999560546875,0.4878904296875,0.49855546875,0.4997029296875,0.4911388671875,0.4983826171875,0.49977421875,0.4963875,0.4985888671875,0.4999294921875,0.4999138671875,0.4962263671875,0.498871875,0.49709296875,0.4830029296875,0.498621875,0.4999138671875,0.4908029296875,0.4996044921875,0.495,0.471796875,0.4945529296875,0.4998779296875,0.4975060546875,0.4990701171875,0.4991748046875,0.4968,0.4972341796875,0.49583671875,0.4999951171875,0.4934591796875,0.48218671875,0.4972341796875,0.4966482421875,0.4966482421875,0.4979279296875,0.49965546875,0.499621875,0.495246875,0.49971796875,0.4941544921875,0.4985888671875,0.49595,0.4866951171875,0.4551873046875,0.4996044921875,0.4978466796875,0.4925732421875,0.4989591796875,0.49958671875,0.4997029296875,0.4944875,0.4989875,0.49958671875,0.487596875,0.4995685546875,0.4998123046875,0.49982421875,0.48966796875,0.48875,0.49995,0.4998576171875,0.4916310546875,0.48171171875,0.49264921875,0.498346875,0.49827421875,0.4904607421875,0.49709296875,0.4999294921875,0.49827421875,0.4893966796875,0.4999982421875,0.49583671875,0.4895779296875,0.4999435546875,0.4954279296875,0.4999841796875,0.4942888671875,0.4998,0.4956638671875,0.4895779296875,0.4973263671875,0.4984529296875,0.4996044921875,0.4985216796875,0.4989875,0.49951171875,0.49560546875,0.49993671875,0.49763671875,0.4971875,0.4936013671875,0.495246875,0.4980857421875,0.4998576171875,0.4999560546875,0.4971875,0.4990154296875,0.49943046875,0.4998875,0.4993875,0.4868982421875,0.4984875,0.4987810546875,0.4882763671875,0.49408671875,0.4997029296875,0.4954279296875,0.485121875,0.4751076171875,0.499471875,0.4978875,0.46455546875,0.49951171875,0.4996716796875,0.49408671875,0.4989591796875,0.4852294921875,0.49982421875,0.499096875,0.47552421875,0.476346875,0.4990154296875,0.4888435546875,0.4999435546875,0.4970451171875,0.4892138671875,0.499996875,0.4946826171875,0.4868982421875,0.4798748046875,0.4963341796875,0.4992,0.49934296875,0.48,0.487596875,0.4992248046875,0.4762107421875,0.4937419921875,0.49998046875,0.49999296875,0.49294921875,0.496596875,0.4973263671875,0.49977421875,0.499621875,0.4999763671875,0.4961169921875,0.4998966796875,0.4913044921875,0.470596875,0.499296875,0.49435546875,0.496171875,0.49934296875,0.4977638671875,0.49689921875,0.482421875,0.4989013671875,0.48074296875,0.4998576171875,0.49904296875,0.495721875,0.4860763671875,0.499921875,0.497721875,0.4999841796875,0.4985888671875,0.4999294921875,0.4980076171875,0.4964404296875,0.4958935546875,0.4978466796875,0.4997326171875,0.49763671875,0.4937419921875,0.4860763671875,0.4850138671875,0.49780546875,0.498871875,0.499096875,0.49763671875,0.496996875,0.4999294921875,0.499296875,0.4976794921875,0.4999951171875,0.49780546875,0.4998,0.49958671875,0.4968498046875,0.49780546875,0.488371875,0.49512421875,0.4995310546875,0.494746875,0.4801248046875,0.487596875,0.4978466796875,0.497371875,0.4957794921875,0.485971875,0.4963875,0.499921875,0.4993201171875,0.4901123046875,0.4999763671875,0.4988419921875,0.4987810546875,0.4968498046875,0.49998046875,0.4976794921875,0.49583671875,0.49934296875,0.49487421875,0.499746875,0.4997326171875,0.4999904296875,0.4998779296875,0.4830029296875,0.4987185546875,0.49986796875,0.49996171875,0.49002421875,0.47924296875,0.4989591796875,0.4987810546875,0.499746875,0.47974921875,0.4940185546875,0.4924201171875,0.49395,0.498046875,0.4999763671875,0.49971796875,0.49990546875,0.4991232421875,0.49536796875,0.49934296875,0.4976794921875,0.4971875
0.4984529296875,0.4608,0.49324296875,0.4993875,0.477421875,0.4981623046875,0.49958671875,0.494746875,0.49904296875,0.4975060546875,0.4793701171875,0.4937419921875,0.498871875,0.49841796875,0.4983107421875,0.4928,0.4995685546875,0.4928,0.4834607421875,0.4982,0.49812421875,0.4941544921875,0.4936013671875,0.4998123046875,0.4988419921875,0.4509763671875,0.49982421875,0.49914921875,0.49583671875,0.479496875,0.4995685546875,0.4989875,0.4818310546875,0.49958671875,0.4995685546875,0.4997029296875,0.499996875,0.4999951171875,0.49689921875,0.4843576171875,0.4999669921875,0.4866951171875,0.4964404296875,0.4540576171875,0.4999294921875,0.4764826171875,0.4981623046875,0.4983826171875,0.4990701171875,0.48893671875,0.49943046875,0.4997607421875,0.4989013671875,0.49381171875,0.49875,0.49955,0.498346875,0.49628046875,0.4818310546875,0.498046875,0.4958935546875,0.496596875,0.4948107421875,0.4899357421875,0.4827716796875,0.4994091796875,0.49487421875,0.4846875,0.4956638671875,0.4993875,0.498346875,0.48930546875,0.48533671875,0.49435546875,0.4789875,0.48699921875,0.4999875,0.4998357421875,0.48893671875,0.4992,0.49982421875,0.4995685546875,0.4956638671875,0.482421875,0.49669921875,0.49951171875,0.49746171875,0.499921875,0.4909716796875,0.4994919921875,0.4980076171875,0.4788591796875,0.496996875,0.4888435546875,0.499471875,0.4854435546875,0.4966482421875,0.4933154296875,0.495246875,0.4999560546875,0.4768875,0.4974169921875,0.4994919921875,0.4999998046875,0.4998875,0.49294921875,0.4801248046875,0.4994513671875,0.4944875,0.4944216796875,0.47873046875,0.4999841796875,0.47496796875,0.49955,0.4908875,0.49536796875,0.49893046875,0.499096875,0.4938810546875,0.499471875,0.49606171875,0.4997607421875,0.49996171875,0.4843576171875,0.486796875,0.49965546875,0.4902,0.4980076171875,0.4954279296875,0.4974169921875,0.49294921875,0.49628046875,0.4990701171875,0.49796796875,0.4965451171875,0.4962263671875,0.4999560546875,0.4995685546875,0.4994513671875,0.4989875,0.498621875,0.488371875,0.49881171875,0.49881171875,0.49669921875,0.49560546875,0.4989013671875,0.4999669921875,0.499296875,0.48446796875,0.4876951171875,0.491871875,0.48875,0.4991232421875,0.49977421875,0.4953076171875,0.497721875,0.4941544921875,0.49002421875,0.4880841796875,0.49951171875,0.49943046875,0.4911388671875,0.48779296875,0.4992,0.4999763671875,0.4999982421875,0.49395,0.49841796875,0.4999669921875,0.4936013671875,0.49934296875,0.4972341796875,0.49487421875,0.4994091796875,0.499621875,0.4991748046875,0.4975060546875,0.4962263671875,0.4832326171875,0.49971796875,0.4999875,0.49381171875,0.4982,0.4998357421875,0.4975935546875,0.4965451171875,0.497371875,0.4995310546875,0.49993671875,0.499746875,0.49796796875,0.499921875,0.499921875,0.4999294921875,0.491871875,0.49536796875,0.49971796875,0.4978875,0.4856560546875,0.4978875,0.4999951171875,0.48875,0.4999763671875,0.4999763671875,0.49943046875,0.4998779296875,0.484246875,0.4990154296875,0.4890294921875,0.49827421875,0.4768875,0.4846875,0.4960060546875,0.4968498046875,0.49982421875,0.4803732421875,0.4998875,0.4988419921875,0.4981623046875,0.49841796875,0.4961169921875,0.4985216796875,0.4998357421875,0.4980857421875,0.49155,0.4921875,0.49995,0.4989875,0.4999982421875,0.4941544921875,0.4991748046875,0.4653826171875,0.48024921875,0.4970451171875,0.4908029296875,0.497721875,0.4996716796875,0.4958935546875,0.49560546875,0.49868671875,0.47440546875,0.49294921875,0.49002421875,0.4982,0.4548123046875,0.4996388671875,0.4895779296875,0.4925732421875,0.4931701171875,0.4966482421875,0.491221875,0.482421875,0.4775544921875,0.4963341796875,0.49914921875,0.495721875,0.4745466796875,0.4685935546875,0.4937419921875,0.499921875,0.49002421875,0.4999669921875,0.4917919921875,0.4998966796875,0.49995,0.4968498046875,0.4993201171875,0.496171875,0.4989591796875,0.4969482421875,0.496596875,0.4944875,0.4940185546875,0.49461796875,0.4940185546875,0.49628046875,0.4955466796875,0.4828875,0.4983107421875,0.4999294921875,0.4828875,0.4993201171875,0.4988419921875,0.49461796875,0.4878904296875,0.4944875,0.49461796875,0.48966796875,0.4882763671875,0.49780546875,0.499096875,0.4973263671875,0.4998875,0.4960060546875,0.49435546875,0.49881171875,0.4938810546875,0.4984875,0.49264921875,0.4991232421875,0.4971404296875,0.4970451171875,0.4780810546875,0.4917919921875,0.49893046875,0.4991748046875,0.48171171875,0.4987185546875,0.4996044921875,0.481471875,0.4767529296875,0.4957794921875,0.4998123046875,0.4940185546875,0.49986796875,0.4962263671875,0.49324296875,0.496996875,0.49993671875,0.4997029296875,0.4945529296875,0.4953076171875,0.4987810546875,0.49171171875,0.4949373046875,0.4950623046875,0.49995,0.49875,0.4954875,0.4995310546875,0.4992732421875,0.495246875,0.49203046875,0.4996716796875,0.4998779296875,0.495246875,0.49461796875,0.4917919921875,0.4986544921875,0.4955466796875,0.4991232421875,0.4944875,0.4973263671875,0.4969482421875,0.4695263671875,0.49971796875,0.4925732421875,0.498871875,0.499971875,0.49914921875,0.4999951171875,0.49955,0.4909716796875,0.4991232421875,0.49841796875,0.4989875,0.4436779296875,0.4978466796875,0.4988419921875,0.499471875,0.4998966796875,0.48930546875,0.483346875,0.49977421875,0.499296875,0.4863875,0.4999982421875,0.499971875,0.4985888671875,0.4987810546875,0.4963341796875,0.499921875,0.4895779296875,0.4994513671875,0.49353046875,0.4913044921875,0.485971875,0.4987810546875,0.49512421875,0.4985216796875,0.4999998046875,0.4946826171875,0.49746171875,0.47795,0.49855546875,0.4938810546875,0.4995685546875,0.49264921875,0.49982421875,0.4963341796875,0.4981623046875,0.4990154296875,0.4978466796875,0.4899357421875,0.4944875,0.4892138671875,0.4972341796875,0.499846875,0.49999296875,0.4976794921875,0.4999841796875,0.49746171875,0.4996388671875,0.48555,0.49955,0.47924296875,0.49395,0.499096875,0.4983107421875,0.4914685546875,0.4863875,0.499846875,0.4966482421875,0.4936013671875,0.4793701171875,0.4999763671875,0.4858669921875,0.4997607421875,0.4998357421875,0.49827421875,0.4988419921875,0.4764826171875,0.4996716796875,0.4970451171875,0.4985216796875,0.4839123046875,0.4798748046875,0.4808654296875,0.4963875,0.49728046875,0.49868671875,0.49649296875,0.495,0.48,0.4764826171875,0.49435546875,0.49264921875,0.4698341796875,0.4904607421875,0.49728046875,0.49958671875,0.4963875,0.499471875,0.494221875,0.499471875,0.4908029296875,0.4999904296875,0.4999904296875,0.497371875,0.4981623046875,0.49977421875,0.4980076171875,0.4994513671875,0.4997326171875,0.49996171875,0.4908875,0.49998046875,0.4931701171875,0.49986796875,0.4979279296875,0.48875,0.4982,0.4778185546875,0.49628046875,0.4901123046875,0.4998966796875,0.49536796875,0.49796796875,0.4971404296875,0.4944875,0.47768671875,0.4884669921875,0.49812421875,0.49986796875,0.4893966796875,0.4999294921875,0.49536796875,0.4999951171875,0.4982,0.4998576171875,0.49763671875,0.47440546875,0.4998357421875,0.4863875,0.49560546875,0.499921875,0.4937419921875,0.49294921875,0.4987810546875,0.4957794921875,0.4964404296875,0.4921091796875,0.49958671875,0.46355,0.4992732421875,0.496171875,0.4999904296875,0.49203046875,0.4963341796875,0.4997029296875,0.4710498046875,0.4991232421875,0.4928748046875,0.4997873046875,0.4978875,0.46906171875,0.4989013671875,0.49977421875,0.4981623046875,0.4998966796875,0.46843671875,0.4999763671875,0.4930232421875,0.4977638671875,0.4841357421875,0.4998779296875,0.49746171875,0.4989591796875,0.4999294921875,0.487596875,0.4992,0.4944875,0.4942888671875,0.4975060546875,0.48195,0.4933875,0.4870998046875,0.49512421875,0.4998779296875,0.4917919921875,0.4960060546875,0.497721875,0.49943046875,0.46355,0.4983107421875,0.49395,0.49435546875,0.4994513671875,0.488371875,0.4992248046875,0.4941544921875,0.4827716796875,0.4924201171875,0.4928,0.4972341796875,0.4992,0.4966482421875,0.4985216796875,0.4801248046875,0.4854435546875,0.4999998046875,0.4913044921875,0.4987810546875,0.4827716796875,0.4937419921875,0.4938810546875,0.499746875,0.498621875,0.493671875,0.498871875,0.49904296875,0.49728046875,0.4967498046875,0.49934296875,0.499921875,0.49669921875,0.4976794921875,0.49977421875,0.4969482421875,0.4987185546875,0.4893966796875,0.4997326171875,0.49763671875,0.48555,0.4990154296875,0.494746875,0.4928748046875,0.4980857421875,0.4921091796875,0.4996044921875,0.4874982421875,0.49971796875,0.4999138671875,0.4998576171875,0.4998,0.4968,0.4897576171875,0.4970451171875,0.49996171875,0.4970451171875,0.4993201171875,0.4989875,0.4979279296875,0.4999763671875,0.4722404296875,0.4880841796875,0.48966796875,0.4976794921875,0.4930232421875,0.4937419921875,0.49812421875,0.4999998046875,0.49996171875,0.492496875,0.4975935546875,0.49893046875,0.49977421875,0.4930232421875,0.49990546875,0.49037421875,0.5,0.4984529296875,0.4999669921875,0.4928748046875,0.499971875,0.498046875,0.49763671875,0.49943046875,0.4946826171875,0.4979279296875,0.4906326171875,0.4964404296875,0.49971796875,0.4894875,0.49324296875,0.48555,0.47326171875,0.4998779296875,0.49353046875,0.4992,0.4975060546875,0.4990701171875,0.49893046875,0.4989875,0.499621875,0.4998,0.47326171875,0.4864904296875,0.498621875,0.4998,0.4997607421875,0.4992,0.4995685546875,0.4986544921875,0.48818046875,0.4899357421875,0.49904296875,0.4788591796875,0.4983826171875,0.499296875,0.496996875,0.49002421875,0.496996875,0.4999875,0.4955466796875,0.4979279296875,0.495721875,0.49812421875,0.478471875,0.491871875,0.4999294921875,0.4999982421875,0.4994513671875,0.49353046875,0.4825388671875,0.4985888671875,0.491221875,0.497721875,0.4998875,0.4997607421875,0.496596875,0.496996875,0.4999841796875,0.499746875,0.4995310546875,0.4980076171875,0.49746171875,0.499921875,0.49763671875,0.4980076171875,0.49993671875,0.49512421875,0.4978875,0.47089921875,0.4780810546875,0.4933154296875,0.49875,0.4872998046875,0.4933875,0.4993201171875,0.4999763671875,0.49998046875,0.4922654296875,0.49512421875,0.4913044921875,0.4999435546875,0.4990154296875,0.4966482421875,0.49203046875,0.492496875,0.49855546875,0.49943046875,0.49669921875,0.49395,0.498046875,0.498871875,0.4813513671875,0.49234296875,0.46716796875,0.4728263671875,0.4990701171875,0.48576171875,0.49965546875,0.4888435546875,0.4801248046875,0.484246875,0.4998966796875,0.49943046875,0.491871875,0.4963875,0.4994513671875,0.495,0.4998357421875,0.499846875,0.4990154296875,0.4978875,0.498621875,0.4909716796875,0.4949373046875,0.4990701171875,0.4999951171875,0.48739921875,0.4870998046875,0.4902873046875,0.4993875,0.48576171875,0.49951171875,0.48357421875,0.4886560546875,0.49324296875,0.485121875,0.4968,0.491871875,0.487596875,0.49487421875,0.4998576171875,0.4973263671875,0.4998576171875,0.4940185546875,0.48576171875,0.49995,0.491221875,0.4998,0.49951171875,0.4992732421875,0.4999294921875,0.47715546875,0.49943046875,0.48818046875,0.4944875,0.4997029296875,0.49155,0.4991232421875,0.49999296875,0.49855546875,0.49827421875,0.499971875,0.499996875,0.4983107421875,0.4993875,0.4984529296875,0.4786013671875,0.49875,0.4998966796875,0.4937419921875,0.49924921875,0.4931701171875,0.4653826171875,0.4937419921875,0.49965546875,0.4938810546875,0.4973263671875,0.49943046875,0.4989591796875,0.4957794921875,0.49381171875,0.49977421875,0.49002421875,0.4846875,0.4960060546875,0.4942888671875,0.4942888671875,0.49628046875,0.4990701171875,0.49999296875,0.4916310546875,0.4987810546875,0.49487421875,0.49796796875,0.4951857421875,0.4863875,0.45156171875,0.49728046875,0.497721875,0.4909716796875,0.4994091796875,0.49996171875,0.4998779296875,0.4933154296875,0.4998357421875,0.4982,0.4888435546875,0.4994919921875,0.49996171875,0.499096875,0.483346875,0.4882763671875,0.49951171875,0.499971875,0.4874982421875,0.48123046875,0.4933875,0.4957794921875,0.4980857421875,0.48966796875,0.4980076171875,0.49993671875,0.49728046875,0.49071796875,0.49982421875,0.4966482421875,0.4880841796875,0.499971875,0.494221875,0.4999982421875,0.4966482421875,0.49924921875,0.49763671875,0.4862841796875,0.4946826171875,0.49669921875,0.4997326171875,0.4992248046875,0.4984529296875,0.49982421875,0.494746875,0.4999875,0.497721875,0.4963341796875,0.4909716796875,0.49606171875,0.4996044921875,0.4999669921875,0.49995,0.4994919921875,0.49728046875,0.49971796875,0.4999669921875,0.4984875,0.480496875,0.49924921875,0.4987185546875,0.49155,0.4955466796875,0.4999138671875,0.4968498046875,0.48446796875,0.4778185546875,0.49904296875,0.49998046875,0.465546875,0.499921875,0.4994091796875,0.4976794921875,0.4993201171875,0.48875,0.4979279296875,0.4999294921875,0.4780810546875,0.4793701171875,0.4980857421875,0.4928,0.4998,0.4964404296875,0.4870998046875,0.499971875,0.4944875,0.484246875,0.48,0.4963341796875,0.4999763671875,0.49904296875,0.4809875,0.48930546875,0.4983107421875,0.4698341796875,0.49105546875,0.4998875,0.4999875,0.4948107421875,0.4969482421875,0.49294921875,0.4989875,0.499921875,0.4998779296875,0.4946826171875,0.49955,0.4921875,0.4728263671875,0.4994919921875,0.49408671875,0.4986544921875,0.49875,0.4965451171875,0.4957794921875,0.4813513671875,0.49746171875,0.4874982421875,0.4999841796875,0.496996875,0.4944216796875,0.4858669921875,0.4992732421875,0.4989591796875,0.49998046875,0.4984875,0.499971875,0.4968498046875,0.49728046875,0.4948107421875,0.4987810546875,0.4994513671875,0.49875,0.4934591796875,0.4862841796875,0.4856560546875,0.4985888671875,0.497721875,0.4999138671875,0.49560546875,0.4992248046875,0.4998357421875,0.49881171875,0.49875,0.49996171875,0.4993875,0.4998779296875,0.49998046875,0.4954279296875,0.4990701171875,0.4872,0.4955466796875,0.4995310546875,0.49395,0.48402421875,0.487596875,0.49943046875,0.49649296875,0.49461796875,0.4866951171875,0.4971404296875,0.4998,0.499621875,0.49171171875,0.499996875,0.4982373046875,0.4992248046875,0.49709296875,0.4998357421875,0.49875,0.49709296875,0.4995685546875,0.4968,0.49977421875,0.4998779296875,0.49998046875,0.49904296875,0.484246875,0.49958671875,0.4999560546875,0.499921875,0.48533671875,0.48123046875,0.498046875,0.4993875,0.4991232421875,0.4770216796875,0.4925732421875,0.4921091796875,0.493096875,0.49669921875,0.4999138671875,0.4999951171875,0.4995685546875,0.4974169921875,0.4951857421875,0.499471875,0.4970451171875,0.49755
0.4983826171875,0.4692169921875,0.49461796875,0.4997029296875,0.48123046875,0.498621875,0.4991232421875,0.495721875,0.4999138671875,0.4978875,0.4772888671875,0.4954875,0.4991232421875,0.4983826171875,0.4975935546875,0.4960060546875,0.5,0.4948107421875,0.4876951171875,0.4968498046875,0.49649296875,0.49536796875,0.4948107421875,0.4999138671875,0.4977638671875,0.4477951171875,0.49951171875,0.498871875,0.4928,0.46968046875,0.4992,0.49868671875,0.4770216796875,0.4997873046875,0.4989591796875,0.5,0.4996875,0.4998779296875,0.4971875,0.4836873046875,0.4997326171875,0.487596875,0.4979279296875,0.4540576171875,0.4999875,0.47496796875,0.4982373046875,0.4982,0.4985888671875,0.49294921875,0.4993201171875,0.4993875,0.4964404296875,0.4940185546875,0.4968498046875,0.4999294921875,0.4994091796875,0.494221875,0.4809875,0.4985888671875,0.495,0.4975060546875,0.4967498046875,0.4921875,0.4834607421875,0.4986544921875,0.495721875,0.4872998046875,0.4964404296875,0.4987810546875,0.499096875,0.4854435546875,0.486796875,0.4964404296875,0.4808654296875,0.48311796875,0.49999921875,0.4998779296875,0.48779296875,0.4980076171875,0.49971796875,0.49943046875,0.495,0.485121875,0.49353046875,0.499746875,0.4981623046875,0.49999296875,0.49408671875,0.49971796875,0.4978875,0.48123046875,0.4928,0.48699921875,0.4993654296875,0.4841357421875,0.4976794921875,0.496171875,0.4972341796875,0.49999921875,0.47715546875,0.495246875,0.4993201171875,0.49996171875,0.4999841796875,0.4914685546875,0.4786013671875,0.49893046875,0.49461796875,0.4957794921875,0.47209296875,0.49955,0.4809875,0.4994091796875,0.48930546875,0.496996875,0.49841796875,0.4987185546875,0.49649296875,0.49977421875,0.49669921875,0.4997029296875,0.4996044921875,0.48576171875,0.4870998046875,0.4990154296875,0.4904607421875,0.4992,0.4954875,0.4979279296875,0.48930546875,0.49583671875,0.4994513671875,0.49951171875,0.4963875,0.49628046875,0.4998357421875,0.4999763671875,0.49943046875,0.49881171875,0.49868671875,0.4934591796875,0.4993201171875,0.4994513671875,0.49512421875,0.4950623046875,0.4979279296875,0.4998357421875,0.4991232421875,0.4854435546875,0.48875,0.491221875,0.4860763671875,0.4995310546875,0.4999841796875,0.4917919921875,0.4989013671875,0.4955466796875,0.4892138671875,0.4847966796875,0.4992,0.4995310546875,0.4931701171875,0.4847966796875,0.49924921875,0.4999982421875,0.4997029296875,0.4902873046875,0.49796796875,0.4992732421875,0.49324296875,0.49875,0.49583671875,0.4936013671875,0.49914921875,0.4999875,0.4993875,0.49536796875,0.4985888671875,0.485121875,0.49998046875,0.49999921875,0.490546875,0.497721875,0.4999951171875,0.499746875,0.4949373046875,0.4978875,0.49934296875,0.4994513671875,0.4998576171875,0.4994919921875,0.4989591796875,0.4992248046875,0.4997873046875,0.4895779296875,0.4941544921875,0.4995310546875,0.4980857421875,0.4864904296875,0.4988419921875,0.499096875,0.4897576171875,0.49986796875,0.4996875,0.4999669921875,0.49982421875,0.4864904296875,0.4994091796875,0.4876951171875,0.49958671875,0.4731169921875,0.48490546875,0.49812421875,0.4979279296875,0.499996875,0.48555,0.49977421875,0.49904296875,0.49709296875,0.496596875,0.4961169921875,0.4991232421875,0.4999294921875,0.4989875,0.4879875,0.4913044921875,0.4999435546875,0.4970451171875,0.49996171875,0.4933875,0.499921875,0.4627013671875,0.47873046875,0.49827421875,0.4924201171875,0.49709296875,0.4987810546875,0.4963875,0.49435546875,0.4987810546875,0.47149921875,0.493671875,0.49264921875,0.49649296875,0.443046875,0.498871875,0.4901123046875,0.492496875,0.4924201171875,0.4963341796875,0.4914685546875,0.4820685546875,0.4793701171875,0.4974169921875,0.4997326171875,0.49689921875,0.4713498046875,0.4653826171875,0.495246875,0.499296875,0.4879875,0.499746875,0.4919513671875,0.49986796875,0.4999669921875,0.499096875,0.4993654296875,0.4986544921875,0.4982373046875,0.4954875,0.4968498046875,0.4921091796875,0.49234296875,0.4956638671875,0.4951857421875,0.493671875,0.4971875,0.4856560546875,0.4990701171875,0.4998123046875,0.486796875,0.4996716796875,0.49881171875,0.49536796875,0.4796232421875,0.49728046875,0.4921875,0.4928,0.485121875,0.4964404296875,0.499921875,0.497371875,0.4998779296875,0.4962263671875,0.4954279296875,0.4968498046875,0.4954279296875,0.4968,0.4927248046875,0.4979279296875,0.4969482421875,0.49812421875,0.4764826171875,0.4892138671875,0.4964404296875,0.4994513671875,0.4798748046875,0.49628046875,0.4998779296875,0.4815919921875,0.4798748046875,0.4933154296875,0.49982421875,0.493671875,0.499746875,0.4951857421875,0.4954279296875,0.4963875,0.49924921875,0.49868671875,0.4950623046875,0.4946826171875,0.4995310546875,0.4914685546875,0.4953076171875,0.4944875,0.499996875,0.498346875,0.4978875,0.4996875,0.4998875,0.4928,0.4904607421875,0.4989875,0.49934296875,0.4946826171875,0.4956638671875,0.49203046875,0.4985888671875,0.497371875,0.4996716796875,0.49669921875,0.4985216796875,0.4969482421875,0.47552421875,0.49986796875,0.4937419921875,0.4980857421875,0.4997607421875,0.4985888671875,0.499621875,0.4989591796875,0.4922654296875,0.4978875,0.4963875,0.4999294921875,0.441346875,0.4995310546875,0.49763671875,0.4987810546875,0.499846875,0.49353046875,0.48739921875,0.4990154296875,0.4995685546875,0.4895779296875,0.4998966796875,0.499621875,0.4976794921875,0.49881171875,0.4962263671875,0.499971875,0.4884669921875,0.4993201171875,0.4955466796875,0.495246875,0.48930546875,0.497721875,0.495246875,0.49763671875,0.49999296875,0.494746875,0.497721875,0.4841357421875,0.4992732421875,0.4930232421875,0.4999294921875,0.4974169921875,0.4998123046875,0.49294921875,0.49868671875,0.4999138671875,0.49689921875,0.48966796875,0.4944216796875,0.4886560546875,0.4992,0.499471875,0.4999669921875,0.49841796875,0.4999763671875,0.4971404296875,0.4999763671875,0.48218671875,0.4987810546875,0.4845779296875,0.49755,0.499296875,0.4960060546875,0.4914685546875,0.48699921875,0.4997607421875,0.49649296875,0.4964404296875,0.47607421875,0.4999875,0.4852294921875,0.4999982421875,0.4996875,0.4989013671875,0.4986544921875,0.4772888671875,0.499296875,0.49512421875,0.4993875,0.48576171875,0.47383671875,0.483346875,0.49461796875,0.4970451171875,0.4994513671875,0.4976794921875,0.4971404296875,0.4834607421875,0.4788591796875,0.4949373046875,0.4930232421875,0.46906171875,0.48875,0.49951171875,0.4997029296875,0.49536796875,0.4993201171875,0.493096875,0.49855546875,0.49203046875,0.499471875,0.49993671875,0.4953076171875,0.49827421875,0.49951171875,0.4966482421875,0.499296875,0.4995685546875,0.4993201171875,0.4860763671875,0.4998357421875,0.4949373046875,0.49977421875,0.49955,0.4914685546875,0.4987185546875,0.4748279296875,0.49709296875,0.49105546875,0.4997607421875,0.49595,0.49746171875,0.497371875,0.4921091796875,0.474121875,0.48490546875,0.4971404296875,0.49995,0.4913044921875,0.4996388671875,0.4962263671875,0.49986796875,0.49746171875,0.49999921875,0.4998123046875,0.4742638671875,0.4997873046875,0.48739921875,0.4965451171875,0.49958671875,0.493671875,0.49105546875,0.4975935546875,0.4925732421875,0.4956638671875,0.4921091796875,0.4984529296875,0.4643888671875,0.4998357421875,0.4974169921875,0.49982421875,0.492496875,0.49669921875,0.49971796875,0.4707482421875,0.49924921875,0.4913044921875,0.499921875,0.4972341796875,0.469371875,0.4996875,0.4995685546875,0.49875,0.4997873046875,0.4719451171875,0.49999921875,0.4934591796875,0.4988419921875,0.479496875,0.4997607421875,0.4984875,0.4990154296875,0.4994513671875,0.49155,0.4996716796875,0.49408671875,0.4968498046875,0.49512421875,0.47873046875,0.4925732421875,0.4913044921875,0.49536796875,0.49955,0.489846875,0.4956638671875,0.4967498046875,0.4997029296875,0.4640544921875,0.4962263671875,0.4940185546875,0.49689921875,0.4996716796875,0.4899357421875,0.4989591796875,0.4954279296875,0.4820685546875,0.49105546875,0.49037421875,0.4956638671875,0.49893046875,0.494221875,0.4991232421875,0.485121875,0.49037421875,0.4996716796875,0.49155,0.4987185546875,0.4860763671875,0.4901123046875,0.4924201171875,0.49924921875,0.4992,0.49487421875,0.4985216796875,0.49893046875,0.4963341796875,0.4965451171875,0.4994919921875,0.4987810546875,0.4983826171875,0.4997607421875,0.4992732421875,0.4973263671875,0.49755,0.4868982421875,0.4999560546875,0.4972341796875,0.4850138671875,0.4987185546875,0.4922654296875,0.4936013671875,0.4990701171875,0.49294921875,0.4992248046875,0.4894875,0.4996388671875,0.4998779296875,0.4997873046875,0.4984875,0.495246875,0.4940185546875,0.49746171875,0.4999875,0.49487421875,0.4998,0.4993875,0.4978875,0.49971796875,0.4692169921875,0.48555,0.48966796875,0.4987810546875,0.49294921875,0.4968,0.49746171875,0.499921875,0.4999763671875,0.4919513671875,0.4989591796875,0.4993201171875,0.4992248046875,0.49408671875,0.498346875,0.49138671875,0.499296875,0.498046875,0.4999998046875,0.4928,0.499971875,0.4987185546875,0.496596875,0.49924921875,0.494746875,0.4989591796875,0.4908029296875,0.49487421875,0.49934296875,0.4791154296875,0.4928,0.48533671875,0.4789875,0.4998779296875,0.49595,0.4995685546875,0.4967498046875,0.4993201171875,0.4984875,0.49982421875,0.49924921875,0.4998357421875,0.47326171875,0.4856560546875,0.4999669921875,0.49881171875,0.4999904296875,0.49904296875,0.4998576171875,0.4980857421875,0.4864904296875,0.4841357421875,0.49924921875,0.48357421875,0.49689921875,0.4997326171875,0.49746171875,0.4888435546875,0.4966482421875,0.49999296875,0.49395,0.4981623046875,0.4950623046875,0.4989875,0.4847966796875,0.4895779296875,0.4993654296875,0.49995,0.4996875,0.4908875,0.4789875,0.4990701171875,0.4924201171875,0.49812421875,0.49934296875,0.4996044921875,0.4946826171875,0.4975935546875,0.4998966796875,0.49999296875,0.49951171875,0.4993654296875,0.49435546875,0.49995,0.4967498046875,0.498346875,0.49996171875,0.4941544921875,0.498046875,0.4723875,0.4808654296875,0.49595,0.4987185546875,0.4834607421875,0.49381171875,0.5,0.4999904296875,0.49971796875,0.495246875,0.4953076171875,0.49155,0.49982421875,0.4989013671875,0.4967498046875,0.492496875,0.49155,0.49755,0.499471875,0.4977638671875,0.49487421875,0.49827421875,0.4964404296875,0.4813513671875,0.4940185546875,0.46780546875,0.47383671875,0.49924921875,0.48966796875,0.49875,0.49353046875,0.4801248046875,0.48576171875,0.4995310546875,0.4991748046875,0.4931701171875,0.4950623046875,0.49993671875,0.4958935546875,0.4999904296875,0.4997607421875,0.49881171875,0.4979279296875,0.4975935546875,0.4944216796875,0.4962263671875,0.49955,0.499846875,0.48699921875,0.4890294921875,0.490546875,0.4998576171875,0.487596875,0.49958671875,0.4798748046875,0.4856560546875,0.49171171875,0.4870998046875,0.4962263671875,0.491221875,0.48818046875,0.4921875,0.4982,0.4985888671875,0.499746875,0.4945529296875,0.489121875,0.4999763671875,0.48893671875,0.49999921875,0.499096875,0.4994513671875,0.4998875,0.4778185546875,0.49965546875,0.4876951171875,0.496596875,0.49875,0.4901123046875,0.4982,0.49995,0.4970451171875,0.49709296875,0.499746875,0.499471875,0.4965451171875,0.49924921875,0.49689921875,0.47924296875,0.4978875,0.49999921875,0.4922654296875,0.4990701171875,0.49395,0.4710498046875,0.4944875,0.4997029296875,0.4971875,0.4971875,0.499096875,0.49812421875,0.4971404296875,0.495246875,0.49893046875,0.49037421875,0.4854435546875,0.49408671875,0.4964404296875,0.4933154296875,0.4979279296875,0.49796796875,0.4999998046875,0.4924201171875,0.499621875,0.49353046875,0.4980857421875,0.4916310546875,0.48555,0.4570388671875,0.4968,0.4975935546875,0.49408671875,0.4971875,0.49982421875,0.49955,0.489121875,0.4996875,0.4964404296875,0.485121875,0.496996875,0.4999841796875,0.49982421875,0.48856171875,0.4839123046875,0.4997029296875,0.49996171875,0.48699921875,0.480496875,0.489121875,0.4984875,0.4990701171875,0.4886560546875,0.4975060546875,0.49993671875,0.4966482421875,0.4906326171875,0.499921875,0.494221875,0.4904607421875,0.499971875,0.4960060546875,0.4999841796875,0.4925732421875,0.4994513671875,0.4945529296875,0.4864904296875,0.4962263671875,0.49669921875,0.4996388671875,0.4975060546875,0.49709296875,0.4999982421875,0.4936013671875,0.499971875,0.49606171875,0.4944216796875,0.4930232421875,0.49728046875,0.4999294921875,0.4997326171875,0.49996171875,0.49893046875,0.4960060546875,0.4998,0.4995685546875,0.4995685546875,0.4834607421875,0.49855546875,0.4992,0.4882763671875,0.493671875,0.4994919921875,0.49649296875,0.48074296875,0.47974921875,0.49986796875,0.4999998046875,0.4716482421875,0.49881171875,0.4999904296875,0.496596875,0.499296875,0.485971875,0.4990154296875,0.49993671875,0.471796875,0.4783419921875,0.49709296875,0.4880841796875,0.49996171875,0.4980076171875,0.48446796875,0.4999998046875,0.4941544921875,0.4868982421875,0.4775544921875,0.4968498046875,0.49996171875,0.4998576171875,0.4801248046875,0.4928748046875,0.4987810546875,0.465546875,0.4911388671875,0.4999763671875,0.4999982421875,0.48930546875,0.495246875,0.4921091796875,0.4987185546875,0.49993671875,0.49868671875,0.49536796875,0.49914921875,0.49294921875,0.46716796875,0.4997029296875,0.4916310546875,0.49841796875,0.4979279296875,0.4975935546875,0.49628046875,0.4827716796875,0.4987185546875,0.4828875,0.4999560546875,0.4975060546875,0.4933875,0.48818046875,0.4996044921875,0.4993875,0.4998966796875,0.4994091796875,0.49965546875,0.4984875,0.4988419921875,0.498346875,0.49904296875,0.4992248046875,0.4963875,0.4954279296875,0.4843576171875,0.48576171875,0.49796796875,0.49395,0.4999951171875,0.4963875,0.4989591796875,0.499846875,0.4984529296875,0.4986544921875,0.4998123046875,0.4997607421875,0.49999921875,0.4998,0.4968,0.4997326171875,0.48893671875,0.4964404296875,0.49958671875,0.49381171875,0.484246875,0.4884669921875,0.49958671875,0.4973263671875,0.4927248046875,0.4884669921875,0.4977638671875,0.499096875,0.49951171875,0.49435546875,0.4999560546875,0.49855546875,0.4989591796875,0.49780546875,0.49977421875,0.4994919921875,0.4960060546875,0.4995685546875,0.4994091796875,0.49943046875,0.49971796875,0.49986796875,0.498346875,0.4895779296875,0.4999294921875,0.4998875,0.49986796875,0.4823044921875,0.4820685546875,0.4961169921875,0.49914921875,0.4994091796875,0.47089921875,0.49324296875,0.49408671875,0.49536796875,0.4983826171875,0.49996171875,0.4999875,0.4995310546875,0.4996388671875,0.4960060546875,0.4990701171875,0.4979279296875,0.498346875
0.4968,0.4710498046875,0.4944216796875,0.4993654296875,0.476346875,0.4991232421875,0.4991232421875,0.4924201171875,0.49971796875,0.4980076171875,0.47768671875,0.4977638671875,0.498621875,0.4998576171875,0.4986544921875,0.49395,0.4998875,0.49324296875,0.4839123046875,0.4966482421875,0.49893046875,0.495246875,0.49560546875,0.49998046875,0.49841796875,0.4469841796875,0.4996044921875,0.4994513671875,0.4945529296875,0.47355,0.49796796875,0.49841796875,0.4827716796875,0.49914921875,0.49951171875,0.49971796875,0.4998357421875,0.4999669921875,0.496996875,0.4801248046875,0.4996875,0.48555,0.497721875,0.4489998046875,0.4998779296875,0.4778185546875,0.497371875,0.4987185546875,0.49812421875,0.49560546875,0.499471875,0.4994513671875,0.4982,0.49395,0.4951857421875,0.4994513671875,0.4982,0.4944216796875,0.477421875,0.4988419921875,0.495721875,0.49827421875,0.49669921875,0.493096875,0.4852294921875,0.4999435546875,0.4951857421875,0.4798748046875,0.49904296875,0.4985888671875,0.4997029296875,0.4793701171875,0.4878904296875,0.49780546875,0.4783419921875,0.4845779296875,0.4998875,0.4999669921875,0.4866951171875,0.4983826171875,0.4999998046875,0.49812421875,0.4969482421875,0.48074296875,0.4938810546875,0.4999951171875,0.4991748046875,0.4998875,0.4961169921875,0.499621875,0.4986544921875,0.48402421875,0.49595,0.4793701171875,0.4989591796875,0.4839123046875,0.4984875,0.49487421875,0.49606171875,0.49990546875,0.470596875,0.4978875,0.49955,0.49982421875,0.49955,0.4940185546875,0.480496875,0.4970451171875,0.49512421875,0.4983826171875,0.47355,0.4996388671875,0.47326171875,0.4997326171875,0.4908875,0.4980076171875,0.498346875,0.4967498046875,0.4969482421875,0.499471875,0.49381171875,0.49990546875,0.4987185546875,0.48311796875,0.4892138671875,0.4989591796875,0.4909716796875,0.4990154296875,0.4971404296875,0.4984875,0.487596875,0.494746875,0.49881171875,0.4990701171875,0.496171875,0.4950623046875,0.499746875,0.49999921875,0.499096875,0.4989591796875,0.4994091796875,0.4901123046875,0.4998357421875,0.4999138671875,0.4958935546875,0.495246875,0.4990154296875,0.4998779296875,0.49986796875,0.47795,0.489121875,0.496171875,0.4847966796875,0.4998966796875,0.4998576171875,0.49583671875,0.4993201171875,0.49324296875,0.489846875,0.485121875,0.4983107421875,0.4998357421875,0.4906326171875,0.48618046875,0.4993654296875,0.499846875,0.4998123046875,0.490546875,0.4972341796875,0.4989591796875,0.4925732421875,0.4997607421875,0.4948107421875,0.4960060546875,0.49868671875,0.4996044921875,0.49812421875,0.495246875,0.49796796875,0.4845779296875,0.499971875,0.4999904296875,0.4953076171875,0.49689921875,0.4998779296875,0.4997873046875,0.4945529296875,0.4964404296875,0.499746875,0.4999435546875,0.499971875,0.4994919921875,0.49875,0.4999841796875,0.4999763671875,0.4856560546875,0.4927248046875,0.49943046875,0.49728046875,0.48618046875,0.4998779296875,0.4998,0.4839123046875,0.4997873046875,0.49893046875,0.49982421875,0.4999904296875,0.48555,0.4999875,0.48930546875,0.49934296875,0.4793701171875,0.4876951171875,0.4992248046875,0.4989013671875,0.49904296875,0.486796875,0.4995685546875,0.49855546875,0.49841796875,0.4975935546875,0.49512421875,0.49958671875,0.49934296875,0.4990154296875,0.4908029296875,0.4917919921875,0.4999951171875,0.49746171875,0.49993671875,0.49381171875,0.49995,0.4566716796875,0.4786013671875,0.496996875,0.493671875,0.4972341796875,0.49914921875,0.49628046875,0.49512421875,0.49689921875,0.4770216796875,0.49395,0.4906326171875,0.4968498046875,0.4465763671875,0.49934296875,0.4895779296875,0.493671875,0.4960060546875,0.49709296875,0.48893671875,0.4791154296875,0.48446796875,0.4989591796875,0.4998966796875,0.4979279296875,0.4736935546875,0.4648875,0.4927248046875,0.49943046875,0.489846875,0.49995,0.4906326171875,0.49996171875,0.49965546875,0.4982373046875,0.4996388671875,0.4985888671875,0.498046875,0.49689921875,0.4974169921875,0.4960060546875,0.49203046875,0.4937419921875,0.4962263671875,0.49105546875,0.4987185546875,0.4858669921875,0.4992,0.4978875,0.4884669921875,0.49971796875,0.499621875,0.4985216796875,0.4843576171875,0.496596875,0.4946826171875,0.4897576171875,0.48818046875,0.4979279296875,0.4984875,0.49595,0.4998779296875,0.4954875,0.49105546875,0.4962263671875,0.4950623046875,0.495721875,0.4937419921875,0.4993654296875,0.4987185546875,0.4985888671875,0.4788591796875,0.494221875,0.4944216796875,0.49971796875,0.48311796875,0.49669921875,0.4995310546875,0.4823044921875,0.47768671875,0.49512421875,0.4998779296875,0.4924201171875,0.4999435546875,0.4973263671875,0.4916310546875,0.49709296875,0.49763671875,0.49755,0.4936013671875,0.4941544921875,0.4976794921875,0.48818046875,0.496171875,0.4963341796875,0.49986796875,0.4969482421875,0.49606171875,0.4998779296875,0.499971875,0.495721875,0.4890294921875,0.4981623046875,0.4999138671875,0.4934591796875,0.495,0.49294921875,0.49977421875,0.4969482421875,0.4992248046875,0.4957794921875,0.498346875,0.4980076171875,0.4809875,0.49990546875,0.4953076171875,0.49855546875,0.4999998046875,0.4990154296875,0.499621875,0.4989591796875,0.49264921875,0.49934296875,0.49234296875,0.4999951171875,0.43743046875,0.4986544921875,0.4982373046875,0.499621875,0.49955,0.493096875,0.484246875,0.4994091796875,0.4993654296875,0.4914685546875,0.49995,0.4984875,0.4964404296875,0.4983107421875,0.4975935546875,0.4999669921875,0.4921091796875,0.49924921875,0.49234296875,0.49071796875,0.49606171875,0.4980076171875,0.4974169921875,0.4965451171875,0.499921875,0.49796796875,0.49881171875,0.4834607421875,0.4981623046875,0.4908875,0.4996044921875,0.4941544921875,0.4999763671875,0.4961169921875,0.49868671875,0.4995685546875,0.4956638671875,0.4892138671875,0.49583671875,0.4908875,0.49746171875,0.49955,0.499621875,0.4983826171875,0.4995310546875,0.49512421875,0.49951171875,0.47974921875,0.499096875,0.4843576171875,0.4993875,0.499621875,0.4963875,0.4911388671875,0.4858669921875,0.4999875,0.4980076171875,0.49755,0.4742638671875,0.499921875,0.48779296875,0.4998779296875,0.4998875,0.4990154296875,0.4997029296875,0.4736935546875,0.49999921875,0.49689921875,0.499746875,0.4864904296875,0.4751076171875,0.4832326171875,0.4984529296875,0.49560546875,0.499746875,0.4944216796875,0.4978466796875,0.485121875,0.48533671875,0.491871875,0.494221875,0.4722404296875,0.4872,0.498046875,0.499971875,0.4954279296875,0.4998875,0.4893966796875,0.49841796875,0.490546875,0.49971796875,0.4999982421875,0.495,0.498621875,0.4998779296875,0.49138671875,0.49986796875,0.499096875,0.49958671875,0.487596875,0.5,0.4948107421875,0.4998,0.497721875,0.4916310546875,0.4990154296875,0.47383671875,0.4967498046875,0.49264921875,0.4999841796875,0.4955466796875,0.49746171875,0.49763671875,0.491221875,0.47383671875,0.4847966796875,0.4980857421875,0.4999951171875,0.4922654296875,0.49993671875,0.49560546875,0.4994513671875,0.4972341796875,0.4999875,0.4999669921875,0.47355,0.4987185546875,0.4809875,0.4978875,0.4999998046875,0.4957794921875,0.49171171875,0.4944216796875,0.4937419921875,0.49560546875,0.4968,0.496171875,0.45611796875,0.4993201171875,0.4980076171875,0.4999982421875,0.4933875,0.4958935546875,0.4993654296875,0.47089921875,0.49958671875,0.49264921875,0.4985888671875,0.49689921875,0.4699875,0.4999982421875,0.49977421875,0.49875,0.49995,0.4673279296875,0.4999982421875,0.4944875,0.4987185546875,0.4791154296875,0.49998046875,0.49780546875,0.49914921875,0.4992,0.48446796875,0.4998875,0.4945529296875,0.4954875,0.49408671875,0.47873046875,0.4924201171875,0.4908029296875,0.4933875,0.4993875,0.4892138671875,0.494746875,0.4949373046875,0.49914921875,0.46253046875,0.49904296875,0.4908875,0.4954279296875,0.49881171875,0.4928748046875,0.4988419921875,0.49560546875,0.4823044921875,0.482421875,0.4931701171875,0.4966482421875,0.4995685546875,0.49395,0.49841796875,0.4843576171875,0.4858669921875,0.4993201171875,0.4933875,0.4980076171875,0.4820685546875,0.490546875,0.4908029296875,0.4997029296875,0.49841796875,0.4942888671875,0.49855546875,0.4983107421875,0.49435546875,0.4976794921875,0.4990701171875,0.49868671875,0.49827421875,0.499921875,0.4995310546875,0.4960060546875,0.4989013671875,0.4893966796875,0.49999296875,0.4972341796875,0.480496875,0.499621875,0.4927248046875,0.4938810546875,0.49934296875,0.4904607421875,0.4988419921875,0.4880841796875,0.4992,0.49893046875,0.49998046875,0.499296875,0.4934591796875,0.4930232421875,0.49746171875,0.4999294921875,0.49487421875,0.4999875,0.4975935546875,0.49763671875,0.4999982421875,0.4584919921875,0.4852294921875,0.4933875,0.4989875,0.4901123046875,0.4948107421875,0.49855546875,0.4999435546875,0.4997873046875,0.4895779296875,0.49958671875,0.49875,0.4984529296875,0.4961169921875,0.4992732421875,0.49234296875,0.49998046875,0.4975935546875,0.4996716796875,0.492496875,0.4999138671875,0.49855546875,0.49855546875,0.49986796875,0.4944216796875,0.49951171875,0.4893966796875,0.49669921875,0.499471875,0.4825388671875,0.4945529296875,0.4813513671875,0.4868982421875,0.4999294921875,0.4938810546875,0.4996716796875,0.4977638671875,0.49881171875,0.4978466796875,0.4993875,0.498046875,0.49998046875,0.47326171875,0.48856171875,0.4998576171875,0.4981623046875,0.499921875,0.4998123046875,0.4998875,0.4984529296875,0.48659296875,0.49002421875,0.4992248046875,0.4856560546875,0.4980857421875,0.4999435546875,0.49709296875,0.4894875,0.49583671875,0.49993671875,0.4942888671875,0.4983107421875,0.4965451171875,0.4988419921875,0.4872,0.4895779296875,0.4993201171875,0.4999435546875,0.49977421875,0.4888435546875,0.4778185546875,0.49934296875,0.4899357421875,0.498046875,0.4994919921875,0.4998,0.49138671875,0.4975060546875,0.499471875,0.4999669921875,0.4985216796875,0.4985888671875,0.4949373046875,0.4999998046875,0.496171875,0.4964404296875,0.4999875,0.4946826171875,0.495721875,0.476346875,0.4789875,0.4953076171875,0.4997607421875,0.48555,0.496596875,0.4994919921875,0.4992248046875,0.49977421875,0.4954279296875,0.4968,0.49264921875,0.49955,0.49914921875,0.4973263671875,0.4890294921875,0.4914685546875,0.4958935546875,0.4999982421875,0.4971404296875,0.4901123046875,0.49812421875,0.49649296875,0.47795,0.49155,0.4674875,0.4739794921875,0.4971875,0.49294921875,0.49990546875,0.495246875,0.4832326171875,0.48446796875,0.4999763671875,0.4991232421875,0.49487421875,0.4962263671875,0.4997029296875,0.4971404296875,0.499846875,0.4998875,0.4978875,0.4944216796875,0.49461796875,0.4955466796875,0.4969482421875,0.49982421875,0.4989591796875,0.4895779296875,0.4893966796875,0.488371875,0.4997607421875,0.4843576171875,0.4993201171875,0.484246875,0.4879875,0.49138671875,0.4880841796875,0.49606171875,0.49002421875,0.4860763671875,0.4944216796875,0.49728046875,0.4987810546875,0.4999294921875,0.4963875,0.48618046875,0.4999982421875,0.4924201171875,0.499471875,0.498871875,0.4996716796875,0.49965546875,0.4823044921875,0.49943046875,0.48699921875,0.49855546875,0.4983826171875,0.487596875,0.4974169921875,0.4999763671875,0.4949373046875,0.4985888671875,0.499621875,0.49996171875,0.4978466796875,0.49958671875,0.498621875,0.4832326171875,0.4989591796875,0.49986796875,0.49381171875,0.49796796875,0.49560546875,0.4746875,0.4938810546875,0.499471875,0.4948107421875,0.4966482421875,0.499921875,0.4966482421875,0.495,0.4893966796875,0.4978875,0.4934591796875,0.4862841796875,0.4946826171875,0.4944216796875,0.4944875,0.49709296875,0.4983826171875,0.49986796875,0.4944875,0.49965546875,0.4921875,0.4980857421875,0.493096875,0.4809875,0.4574044921875,0.49381171875,0.4986544921875,0.49071796875,0.499096875,0.499846875,0.4983107421875,0.4880841796875,0.49943046875,0.4985216796875,0.48576171875,0.4976794921875,0.499746875,0.49990546875,0.48659296875,0.4786013671875,0.4998357421875,0.4999669921875,0.4890294921875,0.4830029296875,0.489846875,0.4964404296875,0.4986544921875,0.4921875,0.4984529296875,0.49977421875,0.4934591796875,0.4888435546875,0.4996716796875,0.4954279296875,0.486796875,0.4998966796875,0.4965451171875,0.49999296875,0.49294921875,0.4998,0.4967498046875,0.4783419921875,0.4967498046875,0.49755,0.498346875,0.4985216796875,0.4968498046875,0.4987185546875,0.4930232421875,0.4998576171875,0.495246875,0.4904607421875,0.489121875,0.4961169921875,0.49855546875,0.4999841796875,0.4996044921875,0.4993875,0.4948107421875,0.4998357421875,0.499296875,0.4989875,0.4815919921875,0.499096875,0.49943046875,0.4906326171875,0.4921875,0.49955,0.4964404296875,0.485121875,0.47209296875,0.4999982421875,0.4998576171875,0.4713498046875,0.4969482421875,0.4999763671875,0.4976794921875,0.4993654296875,0.4880841796875,0.4992248046875,0.49924921875,0.477421875,0.47715546875,0.49728046875,0.49002421875,0.49977421875,0.49904296875,0.48357421875,0.4998875,0.4942888671875,0.4911388671875,0.4753857421875,0.49487421875,0.4996388671875,0.4999669921875,0.4786013671875,0.4906326171875,0.4993201171875,0.4670076171875,0.4925732421875,0.49990546875,0.4997607421875,0.4845779296875,0.4924201171875,0.4975060546875,0.49996171875,0.4999904296875,0.4989591796875,0.495,0.499621875,0.49512421875,0.4742638671875,0.49998046875,0.495246875,0.4985216796875,0.4968498046875,0.4975935546875,0.49669921875,0.4828875,0.4986544921875,0.4860763671875,0.5,0.4972341796875,0.495246875,0.48357421875,0.4999138671875,0.4998966796875,0.49999921875,0.499921875,0.49965546875,0.4961169921875,0.49971796875,0.49855546875,0.499096875,0.49934296875,0.49841796875,0.496996875,0.4809875,0.4872998046875,0.498046875,0.4961169921875,0.4999435546875,0.49669921875,0.49755,0.4984529296875,0.4988419921875,0.49881171875,0.4996388671875,0.499296875,0.499846875,0.49999921875,0.4954875,0.49993671875,0.4860763671875,0.4971404296875,0.49996171875,0.4933154296875,0.48402421875,0.4870998046875,0.4996044921875,0.4969482421875,0.49669921875,0.486796875,0.4982,0.4994513671875,0.4989875,0.4914685546875,0.49986796875,0.4989875,0.49958671875,0.4980857421875,0.499471875,0.498346875,0.49893046875,0.49958671875,0.49951171875,0.4983826171875,0.49934296875,0.4998875,0.4971404296875,0.4876951171875,0.4993654296875,0.4991232421875,0.49998046875,0.4839123046875,0.47821171875,0.4963341796875,0.4992,0.499621875,0.4704451171875,0.493671875,0.493671875,0.4970451171875,0.4971404296875,0.4996716796875,0.4997607421875,0.49934296875,0.4989013671875,0.493096875,0.4989875,0.49827421875,0.4958935546875
0.4933875,0.4637185546875,0.4954279296875,0.4994919921875,0.4767529296875,0.4990701171875,0.4993654296875,0.4940185546875,0.4991748046875,0.4999951171875,0.47029296875,0.4969482421875,0.4988419921875,0.4998123046875,0.4986544921875,0.4940185546875,0.49993671875,0.4911388671875,0.4830029296875,0.4949373046875,0.4987185546875,0.4958935546875,0.49709296875,0.4999875,0.49796796875,0.45195,0.49893046875,0.49986796875,0.49381171875,0.4657107421875,0.49827421875,0.4998875,0.484246875,0.4996716796875,0.4991232421875,0.4996875,0.4999998046875,0.4998123046875,0.4956638671875,0.4783419921875,0.499846875,0.4917919921875,0.4982373046875,0.4352,0.49977421875,0.4780810546875,0.498346875,0.4978875,0.4989591796875,0.4933154296875,0.4996044921875,0.499621875,0.49536796875,0.4957794921875,0.495246875,0.49955,0.4983107421875,0.489846875,0.4759373046875,0.4997326171875,0.4945529296875,0.4979279296875,0.495,0.492496875,0.48357421875,0.499296875,0.4966482421875,0.4809875,0.4989013671875,0.4991748046875,0.4996716796875,0.4808654296875,0.4856560546875,0.49763671875,0.4716482421875,0.4863875,0.4999138671875,0.499846875,0.4845779296875,0.4987810546875,0.49977421875,0.498871875,0.49763671875,0.4820685546875,0.4955466796875,0.4999669921875,0.4996388671875,0.4999669921875,0.491871875,0.49986796875,0.4978466796875,0.48024921875,0.4934591796875,0.4811091796875,0.49914921875,0.4808654296875,0.4992732421875,0.4961169921875,0.4944875,0.4999875,0.47768671875,0.49755,0.4996875,0.49958671875,0.4996716796875,0.495246875,0.47974921875,0.4991748046875,0.49234296875,0.49763671875,0.470596875,0.49986796875,0.47440546875,0.4992732421875,0.491871875,0.4967498046875,0.4971875,0.49353046875,0.4989875,0.4997029296875,0.4941544921875,0.499971875,0.49924921875,0.4775544921875,0.486796875,0.4995685546875,0.4914685546875,0.4997873046875,0.49796796875,0.4980076171875,0.4863875,0.49560546875,0.4983107421875,0.4996044921875,0.4978875,0.4981623046875,0.4999951171875,0.499846875,0.4992732421875,0.4987185546875,0.4998875,0.4941544921875,0.4998966796875,0.49995,0.49381171875,0.49264921875,0.4993875,0.49965546875,0.4987810546875,0.48218671875,0.4902,0.4958935546875,0.4868982421875,0.4999138671875,0.4998576171875,0.495,0.4979279296875,0.4948107421875,0.489121875,0.4866951171875,0.4975935546875,0.4995310546875,0.4909716796875,0.48779296875,0.4996044921875,0.499996875,0.49893046875,0.48818046875,0.4982373046875,0.49977421875,0.49171171875,0.49868671875,0.4955466796875,0.49381171875,0.4987185546875,0.4999294921875,0.4985888671875,0.4974169921875,0.49755,0.4836873046875,0.4994919921875,0.4999435546875,0.4946826171875,0.49728046875,0.499996875,0.4999669921875,0.4925732421875,0.49408671875,0.49943046875,0.49986796875,0.499921875,0.49993671875,0.49982421875,0.49996171875,0.5,0.4872,0.4957794921875,0.49914921875,0.49893046875,0.4858669921875,0.49924921875,0.4997326171875,0.4772888671875,0.49999921875,0.4994091796875,0.499846875,0.4999904296875,0.483346875,0.4999669921875,0.4908029296875,0.4995310546875,0.4801248046875,0.48739921875,0.4994513671875,0.4963341796875,0.49868671875,0.482421875,0.4998357421875,0.499621875,0.4986544921875,0.4937419921875,0.497371875,0.49943046875,0.4999841796875,0.4966482421875,0.4897576171875,0.4892138671875,0.4994919921875,0.496171875,0.49995,0.4951857421875,0.4996388671875,0.45974296875,0.477421875,0.4975060546875,0.496171875,0.4977638671875,0.499096875,0.4965451171875,0.4960060546875,0.493671875,0.47715546875,0.493096875,0.4882763671875,0.4981623046875,0.44596171875,0.4998576171875,0.4916310546875,0.4944216796875,0.4933154296875,0.4982,0.4933154296875,0.47440546875,0.4862841796875,0.49728046875,0.4996716796875,0.4984529296875,0.47029296875,0.46968046875,0.4944216796875,0.4991748046875,0.49203046875,0.4999841796875,0.4858669921875,0.4999294921875,0.49955,0.4978875,0.4988419921875,0.4976794921875,0.4973263671875,0.4944216796875,0.4953076171875,0.49353046875,0.49234296875,0.4933875,0.495721875,0.4897576171875,0.49827421875,0.484246875,0.4999294921875,0.4984875,0.48856171875,0.49841796875,0.4998357421875,0.4991748046875,0.487596875,0.4978875,0.496171875,0.4940185546875,0.4850138671875,0.4985888671875,0.49841796875,0.4950623046875,0.49965546875,0.49583671875,0.4894875,0.493096875,0.49461796875,0.4955466796875,0.4909716796875,0.4993875,0.4967498046875,0.49728046875,0.4796232421875,0.4930232421875,0.4963875,0.4990154296875,0.4862841796875,0.4985216796875,0.4994091796875,0.4825388671875,0.4753857421875,0.496171875,0.49982421875,0.4919513671875,0.499471875,0.4979279296875,0.4934591796875,0.4968,0.4971875,0.49669921875,0.4940185546875,0.49294921875,0.496996875,0.4846875,0.4942888671875,0.4968,0.4999435546875,0.4967498046875,0.495246875,0.499746875,0.4999841796875,0.4961169921875,0.491221875,0.4979279296875,0.4992248046875,0.4954875,0.4936013671875,0.48856171875,0.4979279296875,0.4983107421875,0.4992,0.49812421875,0.4961169921875,0.49669921875,0.4692169921875,0.49951171875,0.49381171875,0.4997029296875,0.499846875,0.49868671875,0.499096875,0.4992732421875,0.4945529296875,0.499296875,0.4950623046875,0.49982421875,0.44430546875,0.4994513671875,0.4982,0.4996875,0.4993654296875,0.49435546875,0.4892138671875,0.49971796875,0.49993671875,0.49353046875,0.49998046875,0.4988419921875,0.4984529296875,0.4987810546875,0.4972341796875,0.499971875,0.4884669921875,0.4982,0.4954279296875,0.4934591796875,0.4946826171875,0.4979279296875,0.4975060546875,0.4977638671875,0.4996716796875,0.49855546875,0.49875,0.484246875,0.4978875,0.49264921875,0.4991748046875,0.4972341796875,0.4993875,0.496171875,0.499296875,0.4990154296875,0.4965451171875,0.492496875,0.4968,0.4917919921875,0.49893046875,0.4997029296875,0.49999296875,0.4989591796875,0.4993875,0.4964404296875,0.499971875,0.4767529296875,0.4980857421875,0.483346875,0.49868671875,0.4989013671875,0.4965451171875,0.4908875,0.489121875,0.49995,0.4980076171875,0.49689921875,0.4768875,0.4999669921875,0.4870998046875,0.49990546875,0.4995685546875,0.499471875,0.499471875,0.4719451171875,0.4999875,0.496596875,0.4996716796875,0.48490546875,0.4716482421875,0.4798748046875,0.4961169921875,0.4989013671875,0.4996388671875,0.4927248046875,0.49689921875,0.4836873046875,0.478471875,0.4924201171875,0.4922654296875,0.4701404296875,0.48357421875,0.49755,0.49993671875,0.4963341796875,0.4996875,0.4899357421875,0.49868671875,0.4909716796875,0.4996044921875,0.49999296875,0.49746171875,0.4980857421875,0.499921875,0.4880841796875,0.4990701171875,0.49881171875,0.4999998046875,0.48576171875,0.49955,0.49763671875,0.4999982421875,0.4975935546875,0.4879875,0.497721875,0.4751076171875,0.498346875,0.4938810546875,0.499621875,0.4983107421875,0.4966482421875,0.49875,0.4899357421875,0.470596875,0.4832326171875,0.4981623046875,0.4997029296875,0.4879875,0.499096875,0.495246875,0.4989013671875,0.4993201171875,0.499921875,0.4999904296875,0.47089921875,0.4984875,0.4775544921875,0.4975060546875,0.4998779296875,0.496171875,0.4902,0.4955466796875,0.4893966796875,0.4957794921875,0.49796796875,0.497371875,0.4689060546875,0.499471875,0.4995310546875,0.4999951171875,0.4921875,0.4971404296875,0.49958671875,0.46875,0.4997326171875,0.4916310546875,0.499296875,0.49628046875,0.4728263671875,0.498346875,0.4996716796875,0.4993201171875,0.4999841796875,0.466846875,0.499971875,0.49395,0.49914921875,0.4775544921875,0.49965546875,0.4984529296875,0.49986796875,0.49868671875,0.4886560546875,0.4994513671875,0.495246875,0.498046875,0.49487421875,0.4772888671875,0.49264921875,0.49138671875,0.4933875,0.4992,0.49294921875,0.4948107421875,0.4946826171875,0.498871875,0.457221875,0.4989591796875,0.489121875,0.49628046875,0.4975060546875,0.4921875,0.4994091796875,0.4958935546875,0.4856560546875,0.48966796875,0.4928,0.4940185546875,0.499471875,0.4921875,0.49855546875,0.486796875,0.48533671875,0.49965546875,0.489121875,0.4983107421875,0.4836873046875,0.4908029296875,0.4930232421875,0.4996388671875,0.4994091796875,0.49353046875,0.4983826171875,0.4985888671875,0.4936013671875,0.49827421875,0.4999669921875,0.4999138671875,0.4993654296875,0.49999296875,0.49827421875,0.4989013671875,0.49893046875,0.485121875,0.4998966796875,0.49855546875,0.4818310546875,0.4990154296875,0.4930232421875,0.4917919921875,0.4998875,0.4894875,0.4995310546875,0.4908029296875,0.4997607421875,0.499296875,0.4999998046875,0.4994091796875,0.49395,0.4902,0.4971404296875,0.499296875,0.4930232421875,0.49986796875,0.4985888671875,0.4978875,0.499846875,0.458671875,0.4868982421875,0.4924201171875,0.49746171875,0.492496875,0.4965451171875,0.4969482421875,0.4999435546875,0.4998123046875,0.4866951171875,0.49977421875,0.4993654296875,0.4980857421875,0.495721875,0.4997607421875,0.48966796875,0.4999998046875,0.4971875,0.49995,0.49234296875,0.4994091796875,0.4978875,0.4994091796875,0.4999841796875,0.49264921875,0.4987185546875,0.48739921875,0.4978466796875,0.499621875,0.4803732421875,0.49606171875,0.479496875,0.4872,0.5,0.4945529296875,0.4994091796875,0.4971875,0.4989591796875,0.4980076171875,0.499621875,0.4954875,0.4999669921875,0.4734060546875,0.4870998046875,0.4998875,0.4980857421875,0.4989013671875,0.499846875,0.499996875,0.4989591796875,0.4866951171875,0.4888435546875,0.4978466796875,0.4832326171875,0.4964404296875,0.499296875,0.49689921875,0.4894875,0.4973263671875,0.4998576171875,0.49669921875,0.4974169921875,0.4987185546875,0.49904296875,0.4830029296875,0.48930546875,0.4993654296875,0.4999435546875,0.4999998046875,0.49234296875,0.48195,0.4989591796875,0.48779296875,0.4977638671875,0.4996044921875,0.499621875,0.4933154296875,0.4962263671875,0.4989591796875,0.499621875,0.4993875,0.49827421875,0.4948107421875,0.49982421875,0.496996875,0.4968,0.4999669921875,0.4949373046875,0.4966482421875,0.4796232421875,0.47496796875,0.49669921875,0.49855546875,0.49171171875,0.49595,0.497721875,0.49875,0.49990546875,0.4945529296875,0.4979279296875,0.491871875,0.49977421875,0.4987810546875,0.4966482421875,0.49037421875,0.49408671875,0.4956638671875,0.4998966796875,0.4978466796875,0.4927248046875,0.496996875,0.4983826171875,0.47795,0.4870998046875,0.4670076171875,0.469371875,0.4996044921875,0.49171171875,0.4999435546875,0.493096875,0.48555,0.48490546875,0.4999951171875,0.499471875,0.4957794921875,0.4978466796875,0.49990546875,0.4975935546875,0.4996875,0.4995685546875,0.4980076171875,0.49709296875,0.4968,0.4953076171875,0.4964404296875,0.4993201171875,0.49934296875,0.4856560546875,0.49037421875,0.4827716796875,0.499621875,0.48402421875,0.4997029296875,0.48555,0.4880841796875,0.4897576171875,0.49138671875,0.4972341796875,0.49105546875,0.4801248046875,0.4968,0.4978466796875,0.496996875,0.4998779296875,0.4963875,0.4874982421875,0.4996388671875,0.49105546875,0.499996875,0.49943046875,0.499621875,0.4997607421875,0.4834607421875,0.4999875,0.4914685546875,0.4984875,0.4984529296875,0.4872998046875,0.4987810546875,0.4998779296875,0.4971404296875,0.4982373046875,0.49965546875,0.4999669921875,0.4972341796875,0.4998357421875,0.49595,0.4872998046875,0.4992732421875,0.499921875,0.49628046875,0.49934296875,0.4928,0.4780810546875,0.4944216796875,0.4996044921875,0.4970451171875,0.4971875,0.4997326171875,0.4979279296875,0.4957794921875,0.4921091796875,0.49763671875,0.49408671875,0.4862841796875,0.4950623046875,0.4944216796875,0.4957794921875,0.4969482421875,0.4991748046875,0.499471875,0.4951857421875,0.49955,0.49294921875,0.4975060546875,0.493671875,0.4862841796875,0.4544357421875,0.49487421875,0.49560546875,0.4906326171875,0.49709296875,0.4995310546875,0.4978875,0.4886560546875,0.4993875,0.497721875,0.489846875,0.49763671875,0.4999294921875,0.499921875,0.4895779296875,0.4864904296875,0.4995685546875,0.4998357421875,0.4870998046875,0.4845779296875,0.4908875,0.4992248046875,0.49875,0.48739921875,0.4983107421875,0.4999904296875,0.492496875,0.4847966796875,0.49993671875,0.496171875,0.48195,0.499971875,0.4965451171875,0.4998779296875,0.4955466796875,0.4984875,0.49649296875,0.4786013671875,0.4982,0.497371875,0.498346875,0.4980857421875,0.4971404296875,0.49841796875,0.4944216796875,0.4997607421875,0.4968498046875,0.49234296875,0.4894875,0.49395,0.4979279296875,0.49999296875,0.499971875,0.4989013671875,0.49595,0.4999560546875,0.4992732421875,0.4970451171875,0.48699921875,0.4998,0.49728046875,0.49105546875,0.495,0.4993201171875,0.49408671875,0.48966796875,0.4742638671875,0.49999296875,0.4997607421875,0.47326171875,0.4969482421875,0.5,0.497721875,0.4996388671875,0.4904607421875,0.4967498046875,0.4982373046875,0.4832326171875,0.47715546875,0.494221875,0.491871875,0.4999841796875,0.497371875,0.48739921875,0.4999138671875,0.4967498046875,0.4894875,0.4780810546875,0.4940185546875,0.49982421875,0.499296875,0.4768875,0.48893671875,0.4992,0.4643888671875,0.4928,0.4999904296875,0.4995310546875,0.48893671875,0.49560546875,0.49709296875,0.4997029296875,0.49990546875,0.4997873046875,0.49560546875,0.4999763671875,0.49755,0.478471875,0.49996171875,0.493096875,0.4991232421875,0.4982373046875,0.49583671875,0.49203046875,0.4770216796875,0.4978466796875,0.485121875,0.4998,0.4966482421875,0.49324296875,0.48576171875,0.499971875,0.4999998046875,0.49993671875,0.4999435546875,0.4998357421875,0.4964404296875,0.49986796875,0.4977638671875,0.4983107421875,0.4998966796875,0.49728046875,0.4956638671875,0.48123046875,0.48893671875,0.49914921875,0.4981623046875,0.4999875,0.49904296875,0.49881171875,0.4990154296875,0.5,0.4981623046875,0.4995685546875,0.49996171875,0.499846875,0.4999841796875,0.4949373046875,0.4997326171875,0.48123046875,0.4980076171875,0.499921875,0.48875,0.4858669921875,0.48533671875,0.4998357421875,0.4961169921875,0.496596875,0.4890294921875,0.4987810546875,0.49934296875,0.4982373046875,0.49138671875,0.4997873046875,0.4992,0.49995,0.49595,0.4982373046875,0.498871875,0.4998576171875,0.4996875,0.499296875,0.499921875,0.49875,0.4996388671875,0.49649296875,0.490546875,0.499296875,0.49998046875,0.4999951171875,0.4845779296875,0.484246875,0.4934591796875,0.4987810546875,0.4992,0.47552421875,0.4931701171875,0.4944216796875,0.49649296875,0.49689921875,0.49955,0.4996388671875,0.4991232421875,0.4978875,0.49487421875,0.4991748046875,0.497371875,0.49649296875
0.49324296875,0.4616701171875,0.4928748046875,0.4985888671875,0.47715546875,0.49812421875,0.4998123046875,0.4961169921875,0.4995685546875,0.4990154296875,0.47496796875,0.495246875,0.4991232421875,0.4999294921875,0.4986544921875,0.4942888671875,0.4985888671875,0.49171171875,0.4841357421875,0.4966482421875,0.4989013671875,0.49353046875,0.4983826171875,0.4999982421875,0.4989013671875,0.4493982421875,0.49868671875,0.49993671875,0.4921875,0.4723875,0.4992,0.49986796875,0.4864904296875,0.499996875,0.4997873046875,0.49986796875,0.4999138671875,0.4999875,0.4984529296875,0.4728263671875,0.49982421875,0.4874982421875,0.4984529296875,0.4404875,0.4998576171875,0.4793701171875,0.4989013671875,0.49855546875,0.4999435546875,0.4892138671875,0.49943046875,0.4999875,0.4951857421875,0.4922654296875,0.49408671875,0.4999560546875,0.4991232421875,0.48966796875,0.4762107421875,0.499971875,0.496596875,0.498621875,0.4962263671875,0.4937419921875,0.4823044921875,0.49904296875,0.496996875,0.4762107421875,0.4990701171875,0.4980857421875,0.4989013671875,0.4854435546875,0.4868982421875,0.49881171875,0.4723875,0.4874982421875,0.4999435546875,0.4998,0.4845779296875,0.4993201171875,0.4989013671875,0.49841796875,0.4972341796875,0.4791154296875,0.49512421875,0.4998875,0.49999296875,0.49995,0.4897576171875,0.49982421875,0.49914921875,0.4768875,0.495,0.4823044921875,0.4990154296875,0.48618046875,0.499296875,0.4940185546875,0.4914685546875,0.4998123046875,0.47795,0.4975060546875,0.4998875,0.498871875,0.49796796875,0.4946826171875,0.470596875,0.4968498046875,0.4954875,0.496596875,0.469371875,0.4994091796875,0.475246875,0.498871875,0.49294921875,0.4968498046875,0.496171875,0.49628046875,0.499621875,0.4996875,0.4917919921875,0.4998966796875,0.4995685546875,0.48311796875,0.49138671875,0.4994513671875,0.4925732421875,0.4997029296875,0.49780546875,0.4985888671875,0.4876951171875,0.4956638671875,0.4997029296875,0.4999998046875,0.4963875,0.4992,0.4999669921875,0.499996875,0.4993654296875,0.4992732421875,0.499296875,0.4927248046875,0.4999904296875,0.49990546875,0.4962263671875,0.49461796875,0.49955,0.4978466796875,0.4998123046875,0.4843576171875,0.4914685546875,0.4969482421875,0.48533671875,0.49977421875,0.4991232421875,0.49560546875,0.4990701171875,0.49780546875,0.48659296875,0.48123046875,0.49796796875,0.49855546875,0.491871875,0.4764826171875,0.4993654296875,0.499921875,0.4998779296875,0.49171171875,0.4983826171875,0.49924921875,0.4906326171875,0.49914921875,0.496996875,0.49560546875,0.498621875,0.49958671875,0.4986544921875,0.49965546875,0.4967498046875,0.48357421875,0.4997029296875,0.49999296875,0.4928,0.49780546875,0.49993671875,0.4998966796875,0.4901123046875,0.4970451171875,0.49893046875,0.4999138671875,0.4999904296875,0.4992,0.4995310546875,0.49999921875,0.499996875,0.4894875,0.4971875,0.49971796875,0.4993201171875,0.48490546875,0.49965546875,0.4992,0.4823044921875,0.4999982421875,0.4996388671875,0.49977421875,0.4999904296875,0.480496875,0.4997873046875,0.4894875,0.49958671875,0.4801248046875,0.4874982421875,0.4987185546875,0.49595,0.4970451171875,0.4838,0.4989875,0.49986796875,0.497721875,0.4942888671875,0.49812421875,0.4981623046875,0.4999294921875,0.4962263671875,0.4904607421875,0.49203046875,0.4982373046875,0.4980076171875,0.4999998046875,0.494221875,0.4999669921875,0.4630419921875,0.4736935546875,0.4977638671875,0.494746875,0.49649296875,0.49875,0.4969482421875,0.496596875,0.49353046875,0.4778185546875,0.49294921875,0.4922654296875,0.4945529296875,0.44596171875,0.4997607421875,0.49203046875,0.4938810546875,0.4942888671875,0.4971404296875,0.4921875,0.474121875,0.48618046875,0.49487421875,0.4999138671875,0.4971875,0.4728263671875,0.46587421875,0.4899357421875,0.49943046875,0.4880841796875,0.4997326171875,0.4860763671875,0.4996875,0.49998046875,0.496996875,0.4971875,0.4971404296875,0.49560546875,0.4938810546875,0.495,0.493671875,0.4948107421875,0.4936013671875,0.49536796875,0.4902873046875,0.49875,0.4830029296875,0.4998875,0.49669921875,0.48779296875,0.4990154296875,0.49955,0.49914921875,0.48659296875,0.49763671875,0.4944216796875,0.4953076171875,0.4815919921875,0.49755,0.498046875,0.4957794921875,0.498871875,0.4914685546875,0.4886560546875,0.493671875,0.4933154296875,0.4914685546875,0.4944875,0.4978875,0.4968498046875,0.4966482421875,0.4808654296875,0.48699921875,0.4979279296875,0.4993201171875,0.4836873046875,0.4989875,0.4993875,0.4789875,0.4713498046875,0.49746171875,0.49990546875,0.4927248046875,0.49995,0.49796796875,0.49461796875,0.49755,0.49827421875,0.498346875,0.49628046875,0.4955466796875,0.49812421875,0.4847966796875,0.495246875,0.49755,0.499096875,0.4968498046875,0.4977638671875,0.4999982421875,0.4997326171875,0.496596875,0.48966796875,0.4985888671875,0.499471875,0.4960060546875,0.49536796875,0.4904607421875,0.4988419921875,0.4987810546875,0.4994091796875,0.4971404296875,0.4953076171875,0.4968498046875,0.4719451171875,0.49955,0.4931701171875,0.49993671875,0.499746875,0.49868671875,0.4985888671875,0.49958671875,0.49155,0.49868671875,0.4931701171875,0.49982421875,0.44596171875,0.4994091796875,0.4963341796875,0.49965546875,0.4999669921875,0.492496875,0.4858669921875,0.4993875,0.4996716796875,0.49487421875,0.4994919921875,0.4980857421875,0.499096875,0.49780546875,0.4969482421875,0.499971875,0.4860763671875,0.4980076171875,0.4957794921875,0.4954875,0.49071796875,0.4987185546875,0.49606171875,0.49796796875,0.4970451171875,0.4951857421875,0.4989013671875,0.4827716796875,0.4971404296875,0.4958935546875,0.4995685546875,0.4956638671875,0.4995685546875,0.4980076171875,0.4992,0.4985888671875,0.49755,0.4908875,0.49560546875,0.491871875,0.4990154296875,0.4999875,0.49977421875,0.499471875,0.4999904296875,0.4976794921875,0.4997029296875,0.4764826171875,0.49943046875,0.483346875,0.49796796875,0.4991232421875,0.494746875,0.491221875,0.4909716796875,0.4999294921875,0.4992,0.4967498046875,0.4707482421875,0.4998576171875,0.491221875,0.49995,0.4999998046875,0.499471875,0.49965546875,0.47089921875,0.49990546875,0.49595,0.49924921875,0.4815919921875,0.48074296875,0.4818310546875,0.4941544921875,0.4987185546875,0.499621875,0.4927248046875,0.4950623046875,0.4809875,0.4762107421875,0.4925732421875,0.4931701171875,0.4704451171875,0.4845779296875,0.49709296875,0.499971875,0.49461796875,0.49796796875,0.4946826171875,0.4984529296875,0.4908875,0.49990546875,0.4999875,0.4981623046875,0.4987810546875,0.4996388671875,0.4866951171875,0.4993654296875,0.499621875,0.49999921875,0.4902873046875,0.4991748046875,0.4975060546875,0.49995,0.4975060546875,0.4843576171875,0.498046875,0.4811091796875,0.4967498046875,0.4917919921875,0.4994513671875,0.49841796875,0.4987185546875,0.4975935546875,0.49234296875,0.4768875,0.4872,0.4974169921875,0.49990546875,0.4872998046875,0.4991748046875,0.495721875,0.4999763671875,0.4994091796875,0.49995,0.499846875,0.46968046875,0.49875,0.4762107421875,0.49595,0.4997326171875,0.4980076171875,0.4908029296875,0.49669921875,0.4902873046875,0.4965451171875,0.49628046875,0.4957794921875,0.4676466796875,0.4993201171875,0.4987185546875,0.4999951171875,0.49037421875,0.4955466796875,0.49955,0.46875,0.499746875,0.49487421875,0.498871875,0.4963875,0.46253046875,0.499996875,0.4999560546875,0.49958671875,0.4999669921875,0.4606248046875,0.49965546875,0.4948107421875,0.4974169921875,0.4679638671875,0.4999951171875,0.49914921875,0.4996388671875,0.49868671875,0.49171171875,0.4991232421875,0.4956638671875,0.4942888671875,0.49560546875,0.4828875,0.49037421875,0.493096875,0.49606171875,0.4991232421875,0.4919513671875,0.4928748046875,0.49536796875,0.4989875,0.4633810546875,0.4989875,0.4874982421875,0.4964404296875,0.4958935546875,0.4897576171875,0.4993654296875,0.4954279296875,0.48818046875,0.48779296875,0.4902,0.49408671875,0.49827421875,0.491871875,0.4980857421875,0.4886560546875,0.48618046875,0.4994919921875,0.4934591796875,0.4986544921875,0.4796232421875,0.4944875,0.4916310546875,0.49999921875,0.4992248046875,0.4962263671875,0.4978466796875,0.499296875,0.49353046875,0.498871875,0.4999294921875,0.499996875,0.4996875,0.4993875,0.4988419921875,0.499096875,0.497371875,0.48402421875,0.4999841796875,0.4981623046875,0.4768875,0.4998779296875,0.4946826171875,0.4934591796875,0.4996044921875,0.4930232421875,0.4996044921875,0.4904607421875,0.49999921875,0.4985888671875,0.4998779296875,0.4998,0.4933154296875,0.4906326171875,0.4942888671875,0.4980857421875,0.49294921875,0.4996044921875,0.4998875,0.4977638671875,0.4998966796875,0.46355,0.48311796875,0.4931701171875,0.49728046875,0.491221875,0.4942888671875,0.4963341796875,0.4999435546875,0.49977421875,0.4850138671875,0.4999875,0.4999669921875,0.4984875,0.491871875,0.4998966796875,0.4914685546875,0.499921875,0.49728046875,0.49951171875,0.48875,0.4992248046875,0.4968498046875,0.4994091796875,0.499096875,0.4933154296875,0.498346875,0.4893966796875,0.4994091796875,0.49982421875,0.4846875,0.4936013671875,0.47873046875,0.4845779296875,0.4997029296875,0.48966796875,0.49914921875,0.4962263671875,0.4992,0.49881171875,0.4985216796875,0.49606171875,0.49996171875,0.4758,0.4803732421875,0.4999560546875,0.4996875,0.49986796875,0.5,0.4999998046875,0.49914921875,0.489121875,0.4830029296875,0.499296875,0.483346875,0.4953076171875,0.4999763671875,0.496171875,0.489846875,0.4981623046875,0.49955,0.495721875,0.49914921875,0.4925732421875,0.4990154296875,0.48875,0.4909716796875,0.4986544921875,0.49999296875,0.4999138671875,0.4950623046875,0.47974921875,0.4985888671875,0.4850138671875,0.497371875,0.4999294921875,0.499746875,0.49324296875,0.4990701171875,0.49971796875,0.49943046875,0.4994513671875,0.49841796875,0.4945529296875,0.49951171875,0.497721875,0.4974169921875,0.4999904296875,0.4914685546875,0.49689921875,0.481471875,0.47029296875,0.4981623046875,0.4975935546875,0.48856171875,0.492496875,0.4993654296875,0.49875,0.49999296875,0.4901123046875,0.495721875,0.4913044921875,0.49971796875,0.498046875,0.496171875,0.4893966796875,0.4951857421875,0.4960060546875,0.49965546875,0.4968498046875,0.495246875,0.497371875,0.49812421875,0.46906171875,0.4909716796875,0.47607421875,0.4742638671875,0.4988419921875,0.49037421875,0.4999669921875,0.4927248046875,0.4841357421875,0.4841357421875,0.4999560546875,0.4993201171875,0.49395,0.49868671875,0.4995310546875,0.4953076171875,0.4998,0.4991232421875,0.49689921875,0.4968,0.49780546875,0.49512421875,0.4957794921875,0.4999294921875,0.4996044921875,0.48779296875,0.485971875,0.4818310546875,0.499621875,0.48311796875,0.4999669921875,0.48171171875,0.4876951171875,0.4917919921875,0.48533671875,0.4969482421875,0.4914685546875,0.4806201171875,0.4933875,0.49755,0.4979279296875,0.49881171875,0.49395,0.4823044921875,0.4989591796875,0.49234296875,0.4999435546875,0.4999982421875,0.4993654296875,0.49999296875,0.4834607421875,0.4998875,0.4815919921875,0.498621875,0.49999296875,0.4866951171875,0.49728046875,0.4997029296875,0.4971404296875,0.4953076171875,0.499846875,0.4999982421875,0.49827421875,0.499996875,0.4954279296875,0.4832326171875,0.498871875,0.499846875,0.49395,0.4999138671875,0.4953076171875,0.4783419921875,0.4904607421875,0.49955,0.4980857421875,0.4989013671875,0.4998357421875,0.496996875,0.4958935546875,0.491221875,0.4963875,0.4944216796875,0.4868982421875,0.49628046875,0.49203046875,0.492496875,0.4967498046875,0.49875,0.4994091796875,0.49381171875,0.4968,0.48618046875,0.4967498046875,0.49324296875,0.47552421875,0.4529138671875,0.493671875,0.4982,0.4913044921875,0.4963341796875,0.49934296875,0.4977638671875,0.4836873046875,0.4999982421875,0.4971404296875,0.487596875,0.49780546875,0.49999921875,0.49924921875,0.48930546875,0.4839123046875,0.4993201171875,0.4996044921875,0.4874982421875,0.4854435546875,0.49203046875,0.4986544921875,0.49934296875,0.4902,0.496596875,0.49958671875,0.4878904296875,0.4828875,0.49982421875,0.495721875,0.4809875,0.49977421875,0.4950623046875,0.49982421875,0.49649296875,0.4988419921875,0.49755,0.47715546875,0.4975935546875,0.4967498046875,0.4978466796875,0.49796796875,0.497371875,0.49875,0.4946826171875,0.499971875,0.4963875,0.49264921875,0.4860763671875,0.4961169921875,0.499471875,0.4999904296875,0.499846875,0.499746875,0.4975935546875,0.4997873046875,0.49855546875,0.49461796875,0.4884669921875,0.4998123046875,0.4991748046875,0.4902873046875,0.49353046875,0.4998875,0.49461796875,0.4860763671875,0.4712,0.4998357421875,0.499846875,0.47383671875,0.4978875,0.499996875,0.4974169921875,0.4994919921875,0.4902,0.49669921875,0.498871875,0.4813513671875,0.47821171875,0.49628046875,0.4927248046875,0.4997326171875,0.4987185546875,0.4870998046875,0.49993671875,0.4987185546875,0.48739921875,0.4722404296875,0.49171171875,0.4996875,0.4994091796875,0.4780810546875,0.49512421875,0.49812421875,0.4595654296875,0.489121875,0.4998966796875,0.49955,0.48576171875,0.4921091796875,0.4967498046875,0.49934296875,0.4996388671875,0.49982421875,0.4973263671875,0.4996875,0.4974169921875,0.4701404296875,0.49995,0.4949373046875,0.4991232421875,0.49709296875,0.49536796875,0.49512421875,0.47383671875,0.4975060546875,0.4832326171875,0.49998046875,0.4953076171875,0.493096875,0.4897576171875,0.4999138671875,0.4999138671875,0.4997607421875,0.4998779296875,0.4998357421875,0.4927248046875,0.4983107421875,0.4977638671875,0.4996044921875,0.4989013671875,0.4948107421875,0.49381171875,0.4856560546875,0.48893671875,0.4994091796875,0.49709296875,0.49995,0.49881171875,0.4997029296875,0.49924921875,0.4996716796875,0.4994091796875,0.4996716796875,0.4999560546875,0.49999921875,0.499921875,0.496596875,0.4986544921875,0.4854435546875,0.4979279296875,0.499971875,0.48893671875,0.485971875,0.4838,0.499471875,0.49628046875,0.4945529296875,0.4864904296875,0.4985216796875,0.49827421875,0.49924921875,0.49512421875,0.49999296875,0.49812421875,0.4989875,0.497721875,0.4976794921875,0.4979279296875,0.4997029296875,0.4996044921875,0.49893046875,0.49951171875,0.4987810546875,0.4994513671875,0.49560546875,0.485971875,0.4993875,0.4999435546875,0.4999669921875,0.4850138671875,0.48218671875,0.4922654296875,0.49951171875,0.4985216796875,0.474121875,0.49560546875,0.49689921875,0.4969482421875,0.4938810546875,0.49965546875,0.4998779296875,0.49995,0.4981623046875,0.4949373046875,0.4992732421875,0.4983107421875,0.4971404296875
0.4906326171875,0.46716796875,0.4957794921875,0.4972341796875,0.4767529296875,0.49875,0.4997607421875,0.49669921875,0.49904296875,0.499746875,0.4716482421875,0.49264921875,0.4969482421875,0.4999294921875,0.4981623046875,0.495721875,0.4984529296875,0.495721875,0.483346875,0.4975935546875,0.498046875,0.4921875,0.4957794921875,0.499921875,0.4999763671875,0.44999296875,0.4969482421875,0.4998,0.49203046875,0.4704451171875,0.4967498046875,0.4992,0.4860763671875,0.499846875,0.49995,0.4996716796875,0.4998,0.49999921875,0.4956638671875,0.47661796875,0.4998779296875,0.49234296875,0.49796796875,0.44177421875,0.49986796875,0.4809875,0.498621875,0.499296875,0.4999294921875,0.4906326171875,0.4996875,0.4999435546875,0.4936013671875,0.4902,0.49435546875,0.49965546875,0.4975935546875,0.4854435546875,0.4704451171875,0.499971875,0.4968,0.49914921875,0.49669921875,0.4936013671875,0.4841357421875,0.4996044921875,0.49606171875,0.478471875,0.49934296875,0.49904296875,0.4978466796875,0.4880841796875,0.48533671875,0.4994513671875,0.4699875,0.4902873046875,0.4999904296875,0.4999875,0.4901123046875,0.49755,0.49924921875,0.4996044921875,0.49763671875,0.48311796875,0.49780546875,0.4998357421875,0.499746875,0.4999904296875,0.4924201171875,0.4999904296875,0.4984875,0.477421875,0.496171875,0.4830029296875,0.4999763671875,0.4868982421875,0.4993654296875,0.48966796875,0.495,0.499471875,0.48024921875,0.4983826171875,0.49999921875,0.4999669921875,0.49934296875,0.4954875,0.4739794921875,0.49755,0.4951857421875,0.4966482421875,0.474121875,0.49998046875,0.476346875,0.49982421875,0.49294921875,0.49689921875,0.4950623046875,0.4963341796875,0.49893046875,0.499921875,0.4913044921875,0.4998,0.49951171875,0.4834607421875,0.490546875,0.4961169921875,0.4914685546875,0.4998576171875,0.49780546875,0.496596875,0.48576171875,0.4914685546875,0.498871875,0.4999904296875,0.49606171875,0.4995310546875,0.499971875,0.4998123046875,0.49982421875,0.4998123046875,0.4998,0.4884669921875,0.499971875,0.4998576171875,0.4940185546875,0.4955466796875,0.4997326171875,0.4980076171875,0.4994513671875,0.4854435546875,0.4938810546875,0.49461796875,0.4909716796875,0.499996875,0.4998357421875,0.4931701171875,0.4987810546875,0.4984875,0.48659296875,0.477421875,0.499096875,0.4990154296875,0.4922654296875,0.4728263671875,0.4980857421875,0.4998,0.499921875,0.4908875,0.4988419921875,0.49958671875,0.4902,0.4988419921875,0.4956638671875,0.4948107421875,0.4995685546875,0.49986796875,0.49875,0.4971404296875,0.4980076171875,0.485121875,0.4998,0.49990546875,0.49606171875,0.4979279296875,0.4999951171875,0.499746875,0.4927248046875,0.4962263671875,0.4988419921875,0.4997607421875,0.4999763671875,0.49904296875,0.499746875,0.4998123046875,0.49999296875,0.49105546875,0.4988419921875,0.4983826171875,0.4984529296875,0.48311796875,0.4996716796875,0.4997607421875,0.4783419921875,0.49998046875,0.49955,0.49993671875,0.5,0.480496875,0.49881171875,0.4916310546875,0.4999875,0.4695263671875,0.48446796875,0.498621875,0.4950623046875,0.4963341796875,0.48930546875,0.49868671875,0.499746875,0.4989591796875,0.49536796875,0.4979279296875,0.4992,0.4996875,0.4980857421875,0.491221875,0.4940185546875,0.4997326171875,0.4980076171875,0.49990546875,0.4955466796875,0.5,0.455,0.4793701171875,0.498621875,0.49560546875,0.49512421875,0.49812421875,0.49881171875,0.4933154296875,0.49381171875,0.47440546875,0.49203046875,0.4908029296875,0.4938810546875,0.4352,0.4998123046875,0.4919513671875,0.49606171875,0.4916310546875,0.4968498046875,0.489846875,0.47552421875,0.48893671875,0.4970451171875,0.4989591796875,0.498046875,0.4701404296875,0.47440546875,0.4913044921875,0.4987185546875,0.4908029296875,0.4997873046875,0.4894875,0.499921875,0.4999138671875,0.49606171875,0.4978875,0.4963875,0.49560546875,0.4968498046875,0.4958935546875,0.4914685546875,0.4951857421875,0.493096875,0.4967498046875,0.4913044921875,0.4975935546875,0.48357421875,0.4996388671875,0.4963875,0.48930546875,0.4987185546875,0.49934296875,0.49914921875,0.4864904296875,0.4944875,0.49203046875,0.4956638671875,0.48123046875,0.4979279296875,0.4988419921875,0.4968498046875,0.4987185546875,0.494221875,0.4839123046875,0.4950623046875,0.4921875,0.495721875,0.49138671875,0.4973263671875,0.496171875,0.4964404296875,0.48311796875,0.4874982421875,0.49669921875,0.4998875,0.484246875,0.4980076171875,0.499746875,0.4876951171875,0.472971875,0.49709296875,0.4997326171875,0.4933154296875,0.4998875,0.4962263671875,0.4944875,0.49812421875,0.49746171875,0.49827421875,0.49395,0.4916310546875,0.49763671875,0.4854435546875,0.4954279296875,0.4978466796875,0.4993201171875,0.49763671875,0.495,0.4999763671875,0.499296875,0.4963875,0.489846875,0.4985888671875,0.49986796875,0.4940185546875,0.4960060546875,0.4872998046875,0.4989875,0.4982373046875,0.4993875,0.4974169921875,0.49536796875,0.4963875,0.46843671875,0.49993671875,0.49203046875,0.49999296875,0.499296875,0.49904296875,0.4997873046875,0.49868671875,0.4913044921875,0.4992732421875,0.49536796875,0.4999294921875,0.4394044921875,0.4992,0.49689921875,0.4997873046875,0.49996171875,0.491871875,0.4904607421875,0.499921875,0.499996875,0.49294921875,0.49924921875,0.49990546875,0.4993654296875,0.49934296875,0.494746875,0.4999435546875,0.48533671875,0.498871875,0.493671875,0.4953076171875,0.4927248046875,0.49796796875,0.49560546875,0.498346875,0.4979279296875,0.49755,0.4990154296875,0.47821171875,0.496596875,0.4940185546875,0.4998576171875,0.4979279296875,0.4995310546875,0.4964404296875,0.49904296875,0.49606171875,0.49628046875,0.4922654296875,0.4954279296875,0.4908029296875,0.4992248046875,0.49990546875,0.49986796875,0.49868671875,0.4998779296875,0.4968498046875,0.49955,0.4772888671875,0.4989591796875,0.48490546875,0.49812421875,0.4993201171875,0.498346875,0.4965451171875,0.48618046875,0.4995685546875,0.496996875,0.49595,0.4685935546875,0.4995685546875,0.4880841796875,0.499846875,0.49996171875,0.4999763671875,0.49998046875,0.469371875,0.49998046875,0.4933875,0.49904296875,0.48195,0.4834607421875,0.4780810546875,0.494221875,0.49868671875,0.4995310546875,0.49408671875,0.4942888671875,0.478471875,0.4798748046875,0.485971875,0.4921091796875,0.4793701171875,0.4850138671875,0.4992,0.49971796875,0.4950623046875,0.49893046875,0.4970451171875,0.49841796875,0.491221875,0.49914921875,0.4999982421875,0.4980076171875,0.49943046875,0.4989013671875,0.488371875,0.4997607421875,0.49955,0.4994919921875,0.4884669921875,0.4998123046875,0.4968,0.4998357421875,0.4976794921875,0.4892138671875,0.498871875,0.4809875,0.49628046875,0.49435546875,0.4996388671875,0.49904296875,0.4987810546875,0.4957794921875,0.493671875,0.4745466796875,0.4847966796875,0.49709296875,0.4999904296875,0.48659296875,0.4995310546875,0.4930232421875,0.49951171875,0.4995310546875,0.49904296875,0.49924921875,0.47326171875,0.4980076171875,0.4770216796875,0.4944216796875,0.49728046875,0.4969482421875,0.49294921875,0.498346875,0.490546875,0.49606171875,0.4993875,0.4978875,0.4719451171875,0.49943046875,0.4977638671875,0.49999296875,0.4894875,0.49264921875,0.499746875,0.46388671875,0.4998875,0.4936013671875,0.4985888671875,0.4944875,0.45685546875,0.4997607421875,0.499621875,0.4987810546875,0.4998576171875,0.46455546875,0.4994091796875,0.49583671875,0.49669921875,0.47029296875,0.49965546875,0.499096875,0.49999921875,0.4987810546875,0.49234296875,0.4994091796875,0.4938810546875,0.4954279296875,0.49381171875,0.4820685546875,0.48856171875,0.4906326171875,0.4944875,0.49955,0.49071796875,0.496596875,0.4972341796875,0.49951171875,0.4657107421875,0.4975935546875,0.4866951171875,0.4957794921875,0.4945529296875,0.4906326171875,0.4992248046875,0.49649296875,0.4811091796875,0.4924201171875,0.4888435546875,0.4963875,0.499296875,0.4906326171875,0.4978466796875,0.48966796875,0.488371875,0.49977421875,0.4921091796875,0.4985888671875,0.482421875,0.4925732421875,0.4938810546875,0.4999763671875,0.4992248046875,0.4957794921875,0.4980857421875,0.498871875,0.49461796875,0.4994513671875,0.499996875,0.4998966796875,0.4996044921875,0.4998576171875,0.498871875,0.4985888671875,0.497721875,0.4846875,0.49999296875,0.4986544921875,0.47974921875,0.49996171875,0.4909716796875,0.49234296875,0.4999294921875,0.494221875,0.499096875,0.49487421875,0.4999982421875,0.49934296875,0.4993875,0.4982373046875,0.49138671875,0.4893966796875,0.496171875,0.4980076171875,0.4919513671875,0.4994513671875,0.4999763671875,0.4971404296875,0.4999875,0.4657107421875,0.47924296875,0.4948107421875,0.4963341796875,0.4860763671875,0.491871875,0.4989875,0.4999294921875,0.49996171875,0.4872998046875,0.4999875,0.4999841796875,0.4989013671875,0.4913044921875,0.4999951171875,0.4916310546875,0.49955,0.4974169921875,0.4981623046875,0.4852294921875,0.4990154296875,0.4987185546875,0.4996716796875,0.4996388671875,0.49408671875,0.498346875,0.485971875,0.4992732421875,0.4996388671875,0.48490546875,0.494221875,0.4872998046875,0.47924296875,0.4997029296875,0.4928,0.4996875,0.4965451171875,0.49955,0.49977421875,0.4989591796875,0.49461796875,0.4997326171875,0.4791154296875,0.48171171875,0.49955,0.499096875,0.49875,0.49990546875,0.49996171875,0.499296875,0.4894875,0.484246875,0.49875,0.49002421875,0.49595,0.49993671875,0.498346875,0.4906326171875,0.4976794921875,0.4999841796875,0.495246875,0.4982373046875,0.4951857421875,0.49965546875,0.4868982421875,0.4921875,0.4988419921875,0.49958671875,0.49999921875,0.4953076171875,0.4808654296875,0.4980857421875,0.489846875,0.498346875,0.4998123046875,0.4995310546875,0.4927248046875,0.4996044921875,0.49986796875,0.49971796875,0.4995310546875,0.4965451171875,0.49294921875,0.49993671875,0.4940185546875,0.4967498046875,0.4997873046875,0.4925732421875,0.49763671875,0.4820685546875,0.475246875,0.4978466796875,0.4957794921875,0.4882763671875,0.4970451171875,0.49796796875,0.49893046875,0.49999921875,0.4901123046875,0.4936013671875,0.49071796875,0.49868671875,0.4970451171875,0.490546875,0.49138671875,0.48856171875,0.4954875,0.49924921875,0.49628046875,0.4944875,0.4963875,0.497721875,0.4789875,0.4908875,0.4723875,0.4746875,0.4972341796875,0.4913044921875,0.4998,0.49395,0.48171171875,0.48402421875,0.49965546875,0.4981623046875,0.49560546875,0.4973263671875,0.4994091796875,0.49728046875,0.49998046875,0.4995685546875,0.4971875,0.4978875,0.49536796875,0.4916310546875,0.492496875,0.4998357421875,0.4987185546875,0.48930546875,0.48699921875,0.4788591796875,0.4999435546875,0.4836873046875,0.498046875,0.48074296875,0.4895779296875,0.493671875,0.48311796875,0.4980076171875,0.4909716796875,0.4796232421875,0.49461796875,0.4963341796875,0.4977638671875,0.4994919921875,0.4944216796875,0.4820685546875,0.4997029296875,0.4945529296875,0.5,0.4998123046875,0.4999435546875,0.4998357421875,0.4815919921875,0.49999921875,0.4864904296875,0.4978875,0.499921875,0.49037421875,0.49812421875,0.4997029296875,0.49763671875,0.4966482421875,0.4999763671875,0.49971796875,0.4985888671875,0.499971875,0.49512421875,0.47607421875,0.4981623046875,0.4998123046875,0.493096875,0.499921875,0.49381171875,0.4847966796875,0.4914685546875,0.499746875,0.49855546875,0.4972341796875,0.4991232421875,0.4985888671875,0.49583671875,0.49037421875,0.4944216796875,0.4946826171875,0.4914685546875,0.496996875,0.494221875,0.4927248046875,0.498346875,0.4999669921875,0.49977421875,0.4925732421875,0.49512421875,0.48779296875,0.4980076171875,0.4948107421875,0.48123046875,0.4551873046875,0.4954279296875,0.4991748046875,0.4933875,0.49855546875,0.4999982421875,0.4984529296875,0.4839123046875,0.4996716796875,0.4967498046875,0.4852294921875,0.4982,0.4999951171875,0.49914921875,0.4890294921875,0.4828875,0.4990154296875,0.4999669921875,0.485971875,0.48357421875,0.49353046875,0.49855546875,0.498046875,0.493671875,0.4963875,0.4999669921875,0.49037421875,0.4876951171875,0.4999951171875,0.4941544921875,0.4839123046875,0.499296875,0.4960060546875,0.49971796875,0.49709296875,0.499096875,0.4975060546875,0.481471875,0.4967498046875,0.4969482421875,0.4982,0.4984875,0.4966482421875,0.4995310546875,0.496996875,0.4995310546875,0.4976794921875,0.49071796875,0.4846875,0.49709296875,0.4986544921875,0.4997029296875,0.499921875,0.4990701171875,0.4974169921875,0.4996875,0.4982,0.49324296875,0.4825388671875,0.49982421875,0.4977638671875,0.49071796875,0.4897576171875,0.49986796875,0.4980076171875,0.4845779296875,0.474121875,0.49951171875,0.49971796875,0.47268046875,0.49881171875,0.4999669921875,0.4985216796875,0.4989591796875,0.4897576171875,0.49746171875,0.4993654296875,0.4798748046875,0.4827716796875,0.4949373046875,0.49408671875,0.49995,0.49934296875,0.48739921875,0.499096875,0.4993654296875,0.485121875,0.4801248046875,0.4944875,0.4999560546875,0.4996388671875,0.4739794921875,0.4934591796875,0.498046875,0.4647216796875,0.491871875,0.4996716796875,0.4984529296875,0.488371875,0.49583671875,0.4964404296875,0.49965546875,0.4985216796875,0.499621875,0.495721875,0.4998779296875,0.49649296875,0.46968046875,0.4999763671875,0.4941544921875,0.4991232421875,0.496171875,0.4946826171875,0.491871875,0.4621875,0.498621875,0.4828875,0.4997326171875,0.4980076171875,0.4911388671875,0.4845779296875,0.49999921875,0.4997873046875,0.49993671875,0.499971875,0.4998,0.49669921875,0.49924921875,0.4984529296875,0.49986796875,0.4993201171875,0.4927248046875,0.4974169921875,0.4845779296875,0.4888435546875,0.4996716796875,0.4960060546875,0.499846875,0.4988419921875,0.4995310546875,0.4982373046875,0.49982421875,0.4999435546875,0.4999904296875,0.499996875,0.4998779296875,0.4999998046875,0.4974169921875,0.4989591796875,0.4879875,0.49512421875,0.499971875,0.4872,0.48930546875,0.4888435546875,0.4981623046875,0.4978875,0.4963875,0.4880841796875,0.49812421875,0.4992732421875,0.4980076171875,0.4936013671875,0.4999998046875,0.4991232421875,0.4996716796875,0.4953076171875,0.4993654296875,0.4982373046875,0.499471875,0.499921875,0.4997607421875,0.49893046875,0.4997326171875,0.4989875,0.49628046875,0.4820685546875,0.49958671875,0.4999138671875,0.49995,0.48195,0.48265546875,0.4961169921875,0.4987810546875,0.4997029296875,0.46587421875,0.49628046875,0.4971404296875,0.49812421875,0.49606171875,0.4999998046875,0.4999560546875,0.49982421875,0.498621875,0.49461796875,0.499971875,0.496996875,0.4975060546875
0.49155,0.47768671875,0.4944875,0.498346875,0.4791154296875,0.497371875,0.4992248046875,0.49728046875,0.4994513671875,0.4997607421875,0.47661796875,0.49395,0.4988419921875,0.4999904296875,0.4972341796875,0.4965451171875,0.4972341796875,0.4956638671875,0.4809875,0.49875,0.496171875,0.4922654296875,0.4937419921875,0.49995,0.499471875,0.4477951171875,0.497721875,0.49996171875,0.4909716796875,0.4745466796875,0.496171875,0.49971796875,0.4811091796875,0.4999998046875,0.4994513671875,0.4998123046875,0.49990546875,0.4999138671875,0.49746171875,0.4768875,0.4999904296875,0.4913044921875,0.4986544921875,0.4258875,0.499971875,0.4832326171875,0.498346875,0.4989875,0.4999982421875,0.491221875,0.4994091796875,0.499971875,0.49395,0.491221875,0.4954875,0.4989591796875,0.49780546875,0.4850138671875,0.4768875,0.49995,0.4970451171875,0.4989875,0.4955466796875,0.4916310546875,0.4767529296875,0.4987810546875,0.4965451171875,0.47795,0.4993201171875,0.49943046875,0.4988419921875,0.48402421875,0.4798748046875,0.4999669921875,0.4745466796875,0.49105546875,0.499971875,0.4999998046875,0.4924201171875,0.497371875,0.4984529296875,0.49827421875,0.4980076171875,0.485121875,0.4974169921875,0.4990154296875,0.4989591796875,0.4999998046875,0.4927248046875,0.499971875,0.4980076171875,0.47440546875,0.4951857421875,0.4811091796875,0.4999998046875,0.48818046875,0.499471875,0.495721875,0.4919513671875,0.4995685546875,0.4788591796875,0.4985888671875,0.49971796875,0.4999841796875,0.49971796875,0.4949373046875,0.47029296875,0.498046875,0.4927248046875,0.49606171875,0.47029296875,0.4999998046875,0.4815919921875,0.4985216796875,0.4882763671875,0.49606171875,0.49294921875,0.49583671875,0.4997607421875,0.4992,0.4928,0.4996875,0.4996388671875,0.4856560546875,0.4852294921875,0.4982373046875,0.4956638671875,0.4998576171875,0.4990154296875,0.49536796875,0.4882763671875,0.4937419921875,0.49924921875,0.49986796875,0.49780546875,0.4985216796875,0.499971875,0.4997607421875,0.49855546875,0.4994513671875,0.499996875,0.4854435546875,0.499996875,0.4996388671875,0.4941544921875,0.49353046875,0.4997029296875,0.4975060546875,0.4998875,0.4811091796875,0.49381171875,0.494746875,0.4895779296875,0.4998123046875,0.4999560546875,0.4924201171875,0.4982373046875,0.49812421875,0.484246875,0.47795,0.4990154296875,0.4985888671875,0.4921091796875,0.4801248046875,0.4991748046875,0.49996171875,0.49955,0.4919513671875,0.4987810546875,0.49971796875,0.4924201171875,0.4992732421875,0.4949373046875,0.4946826171875,0.4998966796875,0.49998046875,0.49763671875,0.49755,0.4978466796875,0.4815919921875,0.49995,0.4996388671875,0.49324296875,0.4978875,0.4999138671875,0.4999875,0.4914685546875,0.4948107421875,0.4990701171875,0.4989013671875,0.4999560546875,0.49977421875,0.4991232421875,0.4996044921875,0.49999921875,0.4937419921875,0.4987185546875,0.4986544921875,0.498046875,0.4854435546875,0.49982421875,0.4998357421875,0.477421875,0.4992248046875,0.4998875,0.4998966796875,0.4999294921875,0.4818310546875,0.4994091796875,0.4911388671875,0.499746875,0.47607421875,0.4866951171875,0.49881171875,0.49628046875,0.49512421875,0.4870998046875,0.49763671875,0.499996875,0.4996716796875,0.49294921875,0.4985888671875,0.498871875,0.499846875,0.49875,0.493096875,0.492496875,0.4994091796875,0.498871875,0.4998576171875,0.49138671875,0.4998875,0.4627013671875,0.4778185546875,0.49951171875,0.49487421875,0.49628046875,0.4984529296875,0.4989013671875,0.4933154296875,0.4944216796875,0.47383671875,0.4936013671875,0.4852294921875,0.494221875,0.43293046875,0.49904296875,0.4925732421875,0.4908029296875,0.49583671875,0.498046875,0.49105546875,0.47873046875,0.4902,0.4977638671875,0.497721875,0.4985216796875,0.47440546875,0.47607421875,0.4938810546875,0.499096875,0.48618046875,0.49955,0.4902873046875,0.49977421875,0.49986796875,0.495,0.49893046875,0.4968,0.4960060546875,0.495721875,0.4958935546875,0.4924201171875,0.4945529296875,0.491871875,0.49595,0.48659296875,0.49812421875,0.48265546875,0.4997873046875,0.49763671875,0.48893671875,0.49746171875,0.49982421875,0.4963341796875,0.485121875,0.4957794921875,0.4921875,0.4971404296875,0.4864904296875,0.4998576171875,0.49904296875,0.4969482421875,0.4994919921875,0.49105546875,0.483346875,0.4946826171875,0.4886560546875,0.497371875,0.49037421875,0.4973263671875,0.493096875,0.49461796875,0.48024921875,0.4909716796875,0.4977638671875,0.49982421875,0.48195,0.4993201171875,0.4997873046875,0.4886560546875,0.48024921875,0.4975935546875,0.4998779296875,0.4937419921875,0.4998357421875,0.4983107421875,0.4958935546875,0.498346875,0.4982,0.49746171875,0.49395,0.49536796875,0.4993654296875,0.48875,0.4946826171875,0.4978875,0.4986544921875,0.497721875,0.4963341796875,0.4999841796875,0.4996388671875,0.4957794921875,0.48779296875,0.4968498046875,0.4996716796875,0.4934591796875,0.4962263671875,0.48779296875,0.4985216796875,0.4974169921875,0.49993671875,0.4958935546875,0.4972341796875,0.4966482421875,0.4770216796875,0.4999982421875,0.4904607421875,0.4999951171875,0.4990701171875,0.49934296875,0.498871875,0.498871875,0.4911388671875,0.4996716796875,0.4948107421875,0.49995,0.4331591796875,0.4990154296875,0.49512421875,0.4993654296875,0.4999841796875,0.489846875,0.4913044921875,0.4999560546875,0.4999560546875,0.489846875,0.4995685546875,0.49955,0.4999138671875,0.4990701171875,0.4950623046875,0.499096875,0.4834607421875,0.49780546875,0.4968498046875,0.494746875,0.4927248046875,0.498046875,0.4970451171875,0.4984529296875,0.4954875,0.4966482421875,0.4997607421875,0.47496796875,0.4955466796875,0.4916310546875,0.49881171875,0.49606171875,0.4981623046875,0.4955466796875,0.4981623046875,0.494221875,0.4940185546875,0.49395,0.494746875,0.49512421875,0.4990701171875,0.49990546875,0.4999951171875,0.49881171875,0.49958671875,0.49487421875,0.4998966796875,0.47029296875,0.498046875,0.4860763671875,0.4982,0.4989875,0.496171875,0.491871875,0.48576171875,0.4989875,0.4989591796875,0.4975935546875,0.4670076171875,0.49982421875,0.4884669921875,0.4997607421875,0.4997607421875,0.49990546875,0.499846875,0.4764826171875,0.49995,0.4970451171875,0.4992248046875,0.48576171875,0.4793701171875,0.4775544921875,0.49395,0.4953076171875,0.4989013671875,0.4927248046875,0.493671875,0.47795,0.4808654296875,0.4882763671875,0.4921875,0.4809875,0.48779296875,0.4992,0.498871875,0.4957794921875,0.4993654296875,0.49628046875,0.4987185546875,0.49294921875,0.4996716796875,0.4999669921875,0.497371875,0.49841796875,0.49709296875,0.4882763671875,0.4994919921875,0.499621875,0.49943046875,0.490546875,0.4998576171875,0.49841796875,0.4999138671875,0.4990154296875,0.486796875,0.4997326171875,0.4815919921875,0.4978875,0.4962263671875,0.4982,0.499296875,0.49812421875,0.4960060546875,0.4911388671875,0.4798748046875,0.4878904296875,0.4969482421875,0.4997326171875,0.48555,0.4998966796875,0.4946826171875,0.4976794921875,0.4999138671875,0.4992,0.4992,0.4647216796875,0.49669921875,0.4796232421875,0.4941544921875,0.4979279296875,0.49796796875,0.4931701171875,0.49881171875,0.49435546875,0.4958935546875,0.4984529296875,0.49812421875,0.4663623046875,0.497371875,0.4981623046875,0.49999296875,0.4894875,0.4950623046875,0.499621875,0.4620154296875,0.4991232421875,0.4936013671875,0.49841796875,0.49435546875,0.4540576171875,0.4999951171875,0.4994513671875,0.4972341796875,0.49990546875,0.4621875,0.4996875,0.4963875,0.4977638671875,0.474121875,0.4998,0.4984529296875,0.4999138671875,0.4985216796875,0.4858669921875,0.4995310546875,0.4948107421875,0.4944216796875,0.49381171875,0.48659296875,0.489121875,0.49324296875,0.494221875,0.4978875,0.4884669921875,0.49606171875,0.49709296875,0.499296875,0.46388671875,0.4994091796875,0.4862841796875,0.4978875,0.4936013671875,0.4930232421875,0.49934296875,0.495721875,0.4818310546875,0.4954875,0.4938810546875,0.4944875,0.4994513671875,0.4893966796875,0.4985888671875,0.49155,0.48533671875,0.4998,0.4909716796875,0.4984529296875,0.47149921875,0.49155,0.489846875,0.4999875,0.4992,0.4975935546875,0.4989591796875,0.49875,0.4933875,0.49881171875,0.499996875,0.4999982421875,0.49999296875,0.4999138671875,0.4978875,0.4980857421875,0.49841796875,0.48699921875,0.4998123046875,0.4991748046875,0.48123046875,0.499746875,0.49037421875,0.4856560546875,0.4999560546875,0.4930232421875,0.4980857421875,0.4931701171875,0.499471875,0.4994513671875,0.4983107421875,0.49875,0.4864904296875,0.4884669921875,0.4972341796875,0.498346875,0.4909716796875,0.4995310546875,0.4998123046875,0.4973263671875,0.4999904296875,0.4544357421875,0.4818310546875,0.492496875,0.4967498046875,0.4852294921875,0.49071796875,0.49881171875,0.49996171875,0.4997873046875,0.4884669921875,0.49977421875,0.4995310546875,0.4995685546875,0.49408671875,0.49951171875,0.4940185546875,0.4997029296875,0.49904296875,0.49746171875,0.4864904296875,0.4999763671875,0.4994513671875,0.4993654296875,0.4997326171875,0.4949373046875,0.49763671875,0.48699921875,0.49924921875,0.49996171875,0.4856560546875,0.49381171875,0.4862841796875,0.4858669921875,0.4996044921875,0.49155,0.49965546875,0.49728046875,0.499296875,0.4994513671875,0.4984875,0.4956638671875,0.4997607421875,0.4818310546875,0.48218671875,0.49951171875,0.4994091796875,0.4993875,0.4999904296875,0.49995,0.49951171875,0.4925732421875,0.48779296875,0.498346875,0.4830029296875,0.4944875,0.499296875,0.4987810546875,0.4872998046875,0.4981623046875,0.49999296875,0.4921091796875,0.4989591796875,0.495,0.4993201171875,0.48739921875,0.49155,0.4990154296875,0.49990546875,0.4998779296875,0.4933875,0.4798748046875,0.499296875,0.4863875,0.49512421875,0.4997873046875,0.4990701171875,0.49512421875,0.4999294921875,0.4993654296875,0.499296875,0.4983826171875,0.49649296875,0.4940185546875,0.4996875,0.4963875,0.49709296875,0.4997607421875,0.4921091796875,0.4956638671875,0.48818046875,0.4803732421875,0.49780546875,0.4944216796875,0.4878904296875,0.496171875,0.498046875,0.4995310546875,0.499471875,0.4890294921875,0.494746875,0.4921875,0.499621875,0.4970451171875,0.4965451171875,0.49294921875,0.4858669921875,0.497371875,0.4999875,0.4933875,0.49294921875,0.49881171875,0.497371875,0.477421875,0.49264921875,0.48074296875,0.4748279296875,0.4984875,0.492496875,0.4999951171875,0.49746171875,0.4803732421875,0.4830029296875,0.49914921875,0.4994919921875,0.4961169921875,0.4963341796875,0.49955,0.49893046875,0.49990546875,0.499096875,0.49728046875,0.4948107421875,0.496596875,0.49264921875,0.4944875,0.4994513671875,0.499621875,0.4927248046875,0.4863875,0.4808654296875,0.499971875,0.484246875,0.4991232421875,0.4801248046875,0.4913044921875,0.4938810546875,0.4828875,0.49755,0.491871875,0.4839123046875,0.4956638671875,0.49595,0.4955466796875,0.4985216796875,0.496171875,0.48555,0.49995,0.4938810546875,0.49999296875,0.49999921875,0.4994513671875,0.49999921875,0.48123046875,0.499971875,0.4843576171875,0.49934296875,0.4998123046875,0.4911388671875,0.4980076171875,0.49943046875,0.4949373046875,0.4978466796875,0.49958671875,0.4998,0.4963341796875,0.49998046875,0.49461796875,0.4820685546875,0.4987810546875,0.49965546875,0.491221875,0.499746875,0.49512421875,0.47607421875,0.49324296875,0.4998576171875,0.4983826171875,0.496996875,0.49990546875,0.4993875,0.4990701171875,0.4914685546875,0.49487421875,0.49560546875,0.48779296875,0.4970451171875,0.4924201171875,0.4894875,0.4963875,0.49996171875,0.49965546875,0.4948107421875,0.4933875,0.49264921875,0.497371875,0.49512421875,0.47821171875,0.44346796875,0.496996875,0.49868671875,0.4953076171875,0.4983107421875,0.4999435546875,0.4987810546875,0.4872998046875,0.499746875,0.4960060546875,0.48218671875,0.49924921875,0.49995,0.4979279296875,0.4884669921875,0.4854435546875,0.49728046875,0.4999998046875,0.488371875,0.481471875,0.4957794921875,0.4979279296875,0.498871875,0.4917919921875,0.49709296875,0.5,0.49155,0.4884669921875,0.4999982421875,0.49171171875,0.4753857421875,0.49998046875,0.4974169921875,0.4981623046875,0.4953076171875,0.4996875,0.49746171875,0.4783419921875,0.4954279296875,0.4936013671875,0.4976794921875,0.49827421875,0.49560546875,0.49971796875,0.495246875,0.49924921875,0.4994919921875,0.4925732421875,0.4825388671875,0.4984529296875,0.4979279296875,0.49990546875,0.4998779296875,0.49996171875,0.49812421875,0.499921875,0.4996716796875,0.493671875,0.484246875,0.4998,0.4983826171875,0.492496875,0.49037421875,0.49924921875,0.4978466796875,0.4852294921875,0.4751076171875,0.49996171875,0.49995,0.4762107421875,0.4989591796875,0.4993654296875,0.4963341796875,0.4983107421875,0.4916310546875,0.49649296875,0.499621875,0.4811091796875,0.4811091796875,0.4944875,0.4902,0.49986796875,0.4994919921875,0.4880841796875,0.4995310546875,0.4982,0.4803732421875,0.4742638671875,0.4934591796875,0.4991748046875,0.4998966796875,0.4707482421875,0.4945529296875,0.49875,0.4630419921875,0.4914685546875,0.4996875,0.4989013671875,0.487596875,0.49628046875,0.497371875,0.49977421875,0.4992,0.4988419921875,0.4941544921875,0.4989013671875,0.4989591796875,0.47149921875,0.49986796875,0.49408671875,0.4988419921875,0.4977638671875,0.4949373046875,0.49294921875,0.4676466796875,0.4993875,0.4796232421875,0.4993201171875,0.494746875,0.4913044921875,0.48875,0.49986796875,0.4999998046875,0.4998779296875,0.49998046875,0.4998357421875,0.4967498046875,0.4998576171875,0.49893046875,0.4999435546875,0.4964404296875,0.4954875,0.4950623046875,0.4870998046875,0.489846875,0.499471875,0.4958935546875,0.4999998046875,0.4989591796875,0.4985216796875,0.4985216796875,0.499921875,0.499471875,0.49990546875,0.499746875,0.4997607421875,0.49999921875,0.49689921875,0.49875,0.4813513671875,0.49606171875,0.4997607421875,0.4874982421875,0.482421875,0.4904607421875,0.49709296875,0.4984875,0.4951857421875,0.4870998046875,0.4978875,0.4991232421875,0.4991748046875,0.49324296875,0.4998875,0.49628046875,0.49986796875,0.4963341796875,0.4985216796875,0.4974169921875,0.4994091796875,0.4999763671875,0.49998046875,0.49855546875,0.49875,0.4996875,0.4957794921875,0.4793701171875,0.499471875,0.4999669921875,0.4997029296875,0.485121875,0.4798748046875,0.4958935546875,0.4998123046875,0.4999669921875,0.46388671875,0.4944875,0.4973263671875,0.4965451171875,0.4954279296875,0.4998966796875,0.4999875,0.4994513671875,0.49875,0.494746875,0.4999294921875,0.4978466796875,0.4980076171875
0.4931701171875,0.47821171875,0.497371875,0.4992248046875,0.4722404296875,0.496996875,0.49999921875,0.4948107421875,0.4996875,0.49982421875,0.47089921875,0.4948107421875,0.49796796875,0.4999763671875,0.49812421875,0.49595,0.49780546875,0.49353046875,0.4811091796875,0.49709296875,0.49628046875,0.4916310546875,0.4921875,0.5,0.4998779296875,0.4503875,0.497721875,0.4999998046875,0.49138671875,0.4748279296875,0.4992,0.49993671875,0.481471875,0.4998,0.4998875,0.4993654296875,0.4999138671875,0.4999951171875,0.4954279296875,0.4764826171875,0.4999294921875,0.4942888671875,0.4985216796875,0.4398388671875,0.49995,0.48311796875,0.4984529296875,0.4989875,0.4999875,0.4914685546875,0.49982421875,0.4999998046875,0.4914685546875,0.4884669921875,0.49755,0.4963341796875,0.4994091796875,0.4843576171875,0.472971875,0.49982421875,0.4969482421875,0.49881171875,0.4962263671875,0.489846875,0.47795,0.4984875,0.49606171875,0.47795,0.4981623046875,0.4990701171875,0.4978466796875,0.4852294921875,0.4793701171875,0.4998779296875,0.47355,0.49324296875,0.49999921875,0.4996388671875,0.49560546875,0.49875,0.4991748046875,0.4992,0.4985888671875,0.48576171875,0.49512421875,0.49881171875,0.4989591796875,0.4999951171875,0.4925732421875,0.4994919921875,0.4981623046875,0.48311796875,0.4963875,0.4731169921875,0.4999951171875,0.4862841796875,0.4998576171875,0.4934591796875,0.491221875,0.4996716796875,0.4764826171875,0.49812421875,0.4999982421875,0.4999998046875,0.4993201171875,0.49461796875,0.4742638671875,0.49536796875,0.4956638671875,0.49628046875,0.46521796875,0.499746875,0.4860763671875,0.4991748046875,0.4902,0.496596875,0.4948107421875,0.49868671875,0.4999841796875,0.49934296875,0.49294921875,0.4987810546875,0.49914921875,0.481471875,0.4902873046875,0.4991748046875,0.4946826171875,0.499971875,0.499296875,0.49606171875,0.4856560546875,0.4921091796875,0.4996716796875,0.499296875,0.49408671875,0.4981623046875,0.4984875,0.49990546875,0.496171875,0.49893046875,0.49990546875,0.4845779296875,0.5,0.499846875,0.49583671875,0.4968,0.4995310546875,0.49780546875,0.4990154296875,0.48123046875,0.49381171875,0.4963341796875,0.487596875,0.49951171875,0.49998046875,0.49071796875,0.4982373046875,0.4994513671875,0.4856560546875,0.4778185546875,0.49924921875,0.4983107421875,0.49203046875,0.4811091796875,0.4993654296875,0.4998576171875,0.4994513671875,0.4893966796875,0.49924921875,0.49990546875,0.49234296875,0.4977638671875,0.49294921875,0.4930232421875,0.4993201171875,0.49990546875,0.496996875,0.496996875,0.4948107421875,0.48490546875,0.49986796875,0.4994513671875,0.4944875,0.49689921875,0.4999435546875,0.49999921875,0.4921091796875,0.49780546875,0.4994919921875,0.4998875,0.499921875,0.49914921875,0.4992732421875,0.4982,0.4999669921875,0.49155,0.4969482421875,0.4985888671875,0.4971875,0.48195,0.4990154296875,0.49999296875,0.4762107421875,0.498046875,0.4997326171875,0.4998779296875,0.499996875,0.47873046875,0.4988419921875,0.49105546875,0.4999138671875,0.478471875,0.4909716796875,0.4989013671875,0.4957794921875,0.4978875,0.4893966796875,0.49755,0.4999560546875,0.4996716796875,0.49353046875,0.49728046875,0.49868671875,0.4999951171875,0.4978466796875,0.4902873046875,0.491871875,0.499846875,0.49746171875,0.49999296875,0.4963875,0.4999982421875,0.45974296875,0.4772888671875,0.4989013671875,0.4940185546875,0.49595,0.4989875,0.49934296875,0.49037421875,0.49155,0.4739794921875,0.49138671875,0.48818046875,0.4942888671875,0.444721875,0.4982,0.4930232421875,0.49487421875,0.49914921875,0.49958671875,0.49435546875,0.47795,0.485121875,0.49763671875,0.498871875,0.4987810546875,0.47326171875,0.4722404296875,0.4933154296875,0.49893046875,0.4860763671875,0.49755,0.49264921875,0.4998576171875,0.49995,0.495721875,0.4993201171875,0.49855546875,0.4956638671875,0.4987185546875,0.494221875,0.4886560546875,0.4962263671875,0.4945529296875,0.4974169921875,0.4858669921875,0.4966482421875,0.48402421875,0.4999875,0.4974169921875,0.489121875,0.49649296875,0.4990154296875,0.49709296875,0.4909716796875,0.49780546875,0.493096875,0.4946826171875,0.486796875,0.4998,0.49755,0.4967498046875,0.499471875,0.4906326171875,0.4886560546875,0.4956638671875,0.4884669921875,0.49746171875,0.49155,0.49841796875,0.495,0.497721875,0.47821171875,0.4933154296875,0.4989591796875,0.4991232421875,0.48446796875,0.49827421875,0.4999904296875,0.48618046875,0.48024921875,0.496171875,0.49993671875,0.4908029296875,0.4980076171875,0.4982,0.4968,0.4992248046875,0.4980076171875,0.49689921875,0.4957794921875,0.4906326171875,0.498621875,0.488371875,0.4970451171875,0.49841796875,0.4992248046875,0.49669921875,0.49595,0.499971875,0.4992248046875,0.4930232421875,0.4830029296875,0.49606171875,0.4998779296875,0.4940185546875,0.4933154296875,0.4870998046875,0.4974169921875,0.493671875,0.499971875,0.4968,0.498346875,0.498621875,0.4770216796875,0.4999841796875,0.48856171875,0.4997326171875,0.4987185546875,0.4982,0.4999951171875,0.4979279296875,0.4841357421875,0.49995,0.49324296875,0.4998357421875,0.43654296875,0.4982373046875,0.49827421875,0.4999763671875,0.4995685546875,0.4921091796875,0.4921875,0.4997326171875,0.4999669921875,0.486796875,0.4996388671875,0.49827421875,0.49986796875,0.498871875,0.4974169921875,0.4993875,0.48779296875,0.4982373046875,0.4983107421875,0.4967498046875,0.49512421875,0.4962263671875,0.4964404296875,0.4976794921875,0.49796796875,0.4969482421875,0.49934296875,0.4725341796875,0.49435546875,0.496171875,0.4992248046875,0.4949373046875,0.49958671875,0.49536796875,0.49689921875,0.4940185546875,0.49487421875,0.490546875,0.4967498046875,0.49560546875,0.4973263671875,0.4997326171875,0.49999296875,0.49763671875,0.4991748046875,0.49606171875,0.49996171875,0.4660373046875,0.49512421875,0.4897576171875,0.4990701171875,0.4997607421875,0.4966482421875,0.4919513671875,0.47873046875,0.49755,0.49914921875,0.4986544921875,0.4630419921875,0.4999982421875,0.487596875,0.4997873046875,0.4997029296875,0.499471875,0.499621875,0.4808654296875,0.4996716796875,0.4957794921875,0.49993671875,0.487596875,0.4756623046875,0.4847966796875,0.494746875,0.495246875,0.49893046875,0.4930232421875,0.49536796875,0.477421875,0.4788591796875,0.4897576171875,0.4958935546875,0.4803732421875,0.48699921875,0.49943046875,0.4993875,0.4916310546875,0.4985888671875,0.4978466796875,0.49669921875,0.4951857421875,0.4992732421875,0.4998875,0.4953076171875,0.4996388671875,0.49780546875,0.4902,0.49951171875,0.4999435546875,0.4989875,0.487596875,0.4987185546875,0.49812421875,0.4999435546875,0.4979279296875,0.4908875,0.49881171875,0.4843576171875,0.49669921875,0.493096875,0.49881171875,0.4989013671875,0.49780546875,0.4949373046875,0.4892138671875,0.4775544921875,0.48818046875,0.4975935546875,0.4980076171875,0.4872,0.49990546875,0.496171875,0.4968,0.4998357421875,0.4992,0.4992732421875,0.4595654296875,0.49512421875,0.474121875,0.4971404296875,0.4965451171875,0.499296875,0.4948107421875,0.4994091796875,0.4921875,0.4949373046875,0.4990701171875,0.4971875,0.4653826171875,0.4974169921875,0.4975060546875,0.49995,0.48779296875,0.49512421875,0.49881171875,0.4602732421875,0.4993201171875,0.4942888671875,0.4982373046875,0.495246875,0.4559326171875,0.4999763671875,0.4996044921875,0.4966482421875,0.499971875,0.4643888671875,0.49893046875,0.49606171875,0.496996875,0.4751076171875,0.4998966796875,0.4989013671875,0.4999294921875,0.49965546875,0.4902873046875,0.49986796875,0.4916310546875,0.49264921875,0.4934591796875,0.4815919921875,0.48893671875,0.4928,0.492496875,0.49875,0.489121875,0.4957794921875,0.4973263671875,0.49955,0.4719451171875,0.498046875,0.49105546875,0.4953076171875,0.49435546875,0.4914685546875,0.4998123046875,0.49583671875,0.48357421875,0.4954875,0.4916310546875,0.494221875,0.4989875,0.4892138671875,0.4980076171875,0.4874982421875,0.485121875,0.49924921875,0.4888435546875,0.4981623046875,0.4682794921875,0.4888435546875,0.491221875,0.4999560546875,0.4999982421875,0.49934296875,0.4978875,0.4999875,0.49461796875,0.4999294921875,0.4998875,0.499971875,0.499471875,0.4999875,0.499096875,0.4991748046875,0.4978466796875,0.49105546875,0.4995685546875,0.4976794921875,0.4723875,0.49982421875,0.4892138671875,0.48533671875,0.49993671875,0.491871875,0.498346875,0.494746875,0.4998357421875,0.498621875,0.4996875,0.49875,0.491221875,0.4919513671875,0.496996875,0.49728046875,0.4893966796875,0.4998966796875,0.499746875,0.497371875,0.49955,0.4540576171875,0.4813513671875,0.4899357421875,0.49583671875,0.4863875,0.4928748046875,0.4989013671875,0.49958671875,0.49986796875,0.4908029296875,0.4998,0.4996716796875,0.499621875,0.49487421875,0.49996171875,0.4942888671875,0.4999982421875,0.49841796875,0.4994919921875,0.4839123046875,0.49993671875,0.49977421875,0.49827421875,0.4994919921875,0.4966482421875,0.4964404296875,0.48659296875,0.4982373046875,0.4995310546875,0.4815919921875,0.4922654296875,0.48446796875,0.4825388671875,0.499296875,0.4931701171875,0.4991232421875,0.4922654296875,0.49999921875,0.4987185546875,0.49855546875,0.49353046875,0.49955,0.4830029296875,0.479496875,0.49971796875,0.4998966796875,0.4998875,0.4999951171875,0.4998123046875,0.49951171875,0.490546875,0.487596875,0.49689921875,0.48311796875,0.495246875,0.499096875,0.4968,0.48533671875,0.4993201171875,0.499471875,0.4944875,0.498046875,0.49746171875,0.4978875,0.4852294921875,0.49294921875,0.49812421875,0.4999982421875,0.4999951171875,0.4948107421875,0.4856560546875,0.49924921875,0.484246875,0.49728046875,0.4999138671875,0.4998875,0.4968498046875,0.499971875,0.49868671875,0.49709296875,0.49763671875,0.495721875,0.49628046875,0.4998576171875,0.49728046875,0.4992,0.4999435546875,0.4946826171875,0.49780546875,0.4893966796875,0.4796232421875,0.4983826171875,0.49728046875,0.4902873046875,0.49628046875,0.49669921875,0.4992,0.499296875,0.4916310546875,0.4928748046875,0.4928,0.4997326171875,0.49595,0.4941544921875,0.4902873046875,0.4895779296875,0.4975935546875,0.4999138671875,0.4942888671875,0.4908875,0.49796796875,0.49755,0.4786013671875,0.4879875,0.4847966796875,0.4789875,0.49746171875,0.49649296875,0.4998357421875,0.4956638671875,0.4834607421875,0.47924296875,0.49904296875,0.4993654296875,0.4963875,0.494746875,0.4985888671875,0.49796796875,0.4997326171875,0.498046875,0.4971875,0.49595,0.49728046875,0.4909716796875,0.4940185546875,0.499096875,0.49951171875,0.4965451171875,0.4832326171875,0.4830029296875,0.4999435546875,0.4823044921875,0.4962263671875,0.4823044921875,0.48402421875,0.4933875,0.48265546875,0.4968498046875,0.494746875,0.48357421875,0.49689921875,0.4944216796875,0.493671875,0.4968,0.493096875,0.4838,0.4996875,0.4937419921875,0.4999669921875,0.4998779296875,0.49955,0.49990546875,0.48875,0.4999435546875,0.49171171875,0.49868671875,0.4996044921875,0.4841357421875,0.4979279296875,0.49827421875,0.4936013671875,0.49763671875,0.4999998046875,0.5,0.49827421875,0.49999921875,0.4971404296875,0.4827716796875,0.4994919921875,0.4989013671875,0.4909716796875,0.4992732421875,0.4913044921875,0.4748279296875,0.4899357421875,0.49951171875,0.4980076171875,0.4968498046875,0.4988419921875,0.4993201171875,0.4984529296875,0.48893671875,0.4967498046875,0.49827421875,0.4858669921875,0.49669921875,0.493096875,0.4930232421875,0.4951857421875,0.4998576171875,0.49924921875,0.4948107421875,0.49381171875,0.48618046875,0.4974169921875,0.4944216796875,0.4786013671875,0.449596875,0.496996875,0.4988419921875,0.4949373046875,0.49812421875,0.4999982421875,0.4994513671875,0.4808654296875,0.49924921875,0.4933875,0.4827716796875,0.49951171875,0.49996171875,0.4975060546875,0.4888435546875,0.4866951171875,0.499296875,0.4994513671875,0.4880841796875,0.4830029296875,0.4928,0.49924921875,0.49995,0.493096875,0.4992248046875,0.4999951171875,0.4894875,0.48856171875,0.499996875,0.49606171875,0.4783419921875,0.49934296875,0.49728046875,0.4980076171875,0.493671875,0.4994513671875,0.4979279296875,0.4823044921875,0.4968498046875,0.49435546875,0.4956638671875,0.49893046875,0.4969482421875,0.4997607421875,0.49560546875,0.4999763671875,0.4982,0.4921091796875,0.4856560546875,0.49755,0.49812421875,0.4999951171875,0.49955,0.4999951171875,0.4938810546875,0.4998357421875,0.4982373046875,0.4902,0.4847966796875,0.49998046875,0.49780546875,0.48818046875,0.49353046875,0.4982,0.49875,0.4917919921875,0.4780810546875,0.4999294921875,0.4999294921875,0.47821171875,0.4973263671875,0.49999921875,0.49669921875,0.49893046875,0.4940185546875,0.4948107421875,0.49999296875,0.48,0.48,0.49353046875,0.4906326171875,0.4991748046875,0.4991748046875,0.4888435546875,0.4990154296875,0.49669921875,0.4811091796875,0.4780810546875,0.494746875,0.4993201171875,0.4998875,0.477421875,0.4930232421875,0.4975060546875,0.4608,0.4936013671875,0.49996171875,0.4989875,0.485971875,0.49780546875,0.4982,0.49999921875,0.4994091796875,0.4963875,0.489846875,0.4973263671875,0.4979279296875,0.4739794921875,0.49971796875,0.49435546875,0.49796796875,0.4965451171875,0.495,0.49234296875,0.461496875,0.497721875,0.4770216796875,0.4995310546875,0.49763671875,0.4936013671875,0.4860763671875,0.49995,0.4999841796875,0.4999294921875,0.4991748046875,0.49998046875,0.49746171875,0.4996875,0.4983107421875,0.499471875,0.4975060546875,0.4938810546875,0.49755,0.4830029296875,0.4921091796875,0.49893046875,0.4950623046875,0.4999138671875,0.4983107421875,0.4984529296875,0.4990154296875,0.4995685546875,0.49827421875,0.499971875,0.49982421875,0.49982421875,0.4994919921875,0.49827421875,0.4993875,0.4808654296875,0.494221875,0.4990701171875,0.4834607421875,0.48123046875,0.4934591796875,0.4982,0.4984875,0.498346875,0.4858669921875,0.49763671875,0.49881171875,0.4991748046875,0.4902873046875,0.499971875,0.4946826171875,0.4998,0.495721875,0.4975060546875,0.4984529296875,0.4998357421875,0.49943046875,0.49982421875,0.4994091796875,0.497721875,0.499621875,0.4965451171875,0.482421875,0.4984529296875,0.4999875,0.4998123046875,0.4825388671875,0.4841357421875,0.49746171875,0.4988419921875,0.4993875,0.4640544921875,0.493096875,0.4957794921875,0.49583671875,0.4978466796875,0.49958671875,0.49971796875,0.49999296875,0.498621875,0.49728046875,0.49993671875,0.4987185546875,0.49868671875
0.4906326171875,0.4695263671875,0.4954279296875,0.4993654296875,0.47924296875,0.498046875,0.4998,0.495721875,0.499471875,0.49958671875,0.4707482421875,0.4950623046875,0.4988419921875,0.499846875,0.4982373046875,0.49536796875,0.495721875,0.4917919921875,0.47924296875,0.499471875,0.497721875,0.4919513671875,0.4913044921875,0.499996875,0.4992248046875,0.4461669921875,0.4950623046875,0.4995685546875,0.4944216796875,0.4695263671875,0.4997873046875,0.49999296875,0.4803732421875,0.4998779296875,0.4999904296875,0.4995685546875,0.4999669921875,0.4999763671875,0.49560546875,0.4725341796875,0.4999435546875,0.4933154296875,0.4960060546875,0.4358732421875,0.49995,0.4764826171875,0.4963341796875,0.49904296875,0.499921875,0.4902873046875,0.49955,0.4999669921875,0.49487421875,0.4933154296875,0.49689921875,0.497721875,0.49827421875,0.485121875,0.4650529296875,0.49893046875,0.4971875,0.49868671875,0.4964404296875,0.4919513671875,0.48195,0.498621875,0.4970451171875,0.4770216796875,0.49763671875,0.4998,0.49583671875,0.4815919921875,0.47383671875,0.49998046875,0.47268046875,0.4933154296875,0.499996875,0.4999669921875,0.4919513671875,0.49689921875,0.49914921875,0.49934296875,0.4984529296875,0.4864904296875,0.49669921875,0.4991232421875,0.49780546875,0.49982421875,0.4936013671875,0.49971796875,0.49841796875,0.47209296875,0.4917919921875,0.47326171875,0.499971875,0.48856171875,0.4999138671875,0.495721875,0.48576171875,0.498871875,0.4748279296875,0.49796796875,0.4993201171875,0.49965546875,0.49812421875,0.4927248046875,0.472971875,0.497721875,0.49487421875,0.49560546875,0.46780546875,0.49996171875,0.48446796875,0.499621875,0.49138671875,0.4974169921875,0.4914685546875,0.4963875,0.49995,0.4994513671875,0.4941544921875,0.4984875,0.49934296875,0.4825388671875,0.4878904296875,0.49868671875,0.49203046875,0.499746875,0.49855546875,0.495,0.4850138671875,0.4908875,0.4986544921875,0.4994091796875,0.4884669921875,0.496996875,0.499746875,0.4999875,0.4960060546875,0.498621875,0.499621875,0.4856560546875,0.49986796875,0.49995,0.4961169921875,0.496596875,0.4999841796875,0.496996875,0.4999138671875,0.48490546875,0.490546875,0.4951857421875,0.49155,0.498346875,0.4989875,0.48966796875,0.4990701171875,0.49855546875,0.4863875,0.4739794921875,0.4989591796875,0.4990154296875,0.49203046875,0.48265546875,0.4999138671875,0.49993671875,0.4998966796875,0.49203046875,0.49982421875,0.4999998046875,0.4944875,0.49763671875,0.49796796875,0.4928,0.49628046875,0.499996875,0.4977638671875,0.4964404296875,0.4954279296875,0.4809875,0.4998,0.49955,0.4914685546875,0.4972341796875,0.4999669921875,0.4998357421875,0.4948107421875,0.4970451171875,0.49914921875,0.4990154296875,0.4999904296875,0.4984529296875,0.4993654296875,0.4985216796875,0.4994091796875,0.4882763671875,0.4956638671875,0.49951171875,0.4982,0.4858669921875,0.4982373046875,0.499921875,0.480496875,0.4989013671875,0.4988419921875,0.49986796875,0.4999763671875,0.4830029296875,0.49868671875,0.490546875,0.4991748046875,0.4806201171875,0.4839123046875,0.49951171875,0.4956638671875,0.4968,0.4843576171875,0.49755,0.499921875,0.4997326171875,0.4967498046875,0.49943046875,0.4971875,0.4999998046875,0.4980857421875,0.4925732421875,0.4944875,0.499746875,0.49796796875,0.4999669921875,0.49037421875,0.4993875,0.455,0.4778185546875,0.49461796875,0.495,0.4954279296875,0.4990701171875,0.4996044921875,0.4958935546875,0.494221875,0.4712,0.49395,0.4827716796875,0.49689921875,0.441346875,0.4993654296875,0.49381171875,0.4933875,0.4987185546875,0.49893046875,0.4936013671875,0.4834607421875,0.4843576171875,0.4980857421875,0.49958671875,0.4978466796875,0.47029296875,0.4707482421875,0.491221875,0.49943046875,0.48490546875,0.4969482421875,0.48739921875,0.499621875,0.4998875,0.4930232421875,0.4983107421875,0.49536796875,0.4956638671875,0.499296875,0.4921875,0.4902,0.4989875,0.4916310546875,0.49583671875,0.4854435546875,0.4990154296875,0.48171171875,0.4999435546875,0.49827421875,0.49138671875,0.4980076171875,0.4997029296875,0.498871875,0.489846875,0.49628046875,0.4901123046875,0.4964404296875,0.4892138671875,0.4983826171875,0.498621875,0.49709296875,0.5,0.491221875,0.4864904296875,0.495246875,0.48875,0.4961169921875,0.4931701171875,0.4978875,0.49583671875,0.4954279296875,0.482421875,0.4919513671875,0.49595,0.4991232421875,0.477421875,0.4973263671875,0.49999296875,0.4890294921875,0.4692169921875,0.49763671875,0.49999296875,0.4956638671875,0.49951171875,0.4978466796875,0.4978875,0.4991748046875,0.49689921875,0.49669921875,0.4966482421875,0.4944216796875,0.4997873046875,0.49037421875,0.4981623046875,0.4978466796875,0.49914921875,0.4944216796875,0.4975060546875,0.4996875,0.49934296875,0.49512421875,0.48265546875,0.4944875,0.49914921875,0.49294921875,0.49294921875,0.4897576171875,0.4971875,0.49294921875,0.49999296875,0.4962263671875,0.49796796875,0.4971404296875,0.47715546875,0.49999921875,0.49234296875,0.499846875,0.496596875,0.4980857421875,0.4999763671875,0.4978875,0.4864904296875,0.49965546875,0.4928,0.49958671875,0.43875,0.4989013671875,0.497721875,0.499971875,0.4998576171875,0.492496875,0.4937419921875,0.499471875,0.4997873046875,0.4836873046875,0.4995310546875,0.4985888671875,0.49971796875,0.4979279296875,0.49606171875,0.49841796875,0.4838,0.4974169921875,0.4983826171875,0.4957794921875,0.4946826171875,0.49812421875,0.49796796875,0.4954279296875,0.4979279296875,0.4990154296875,0.498871875,0.4808654296875,0.4948107421875,0.49408671875,0.4995310546875,0.496171875,0.498346875,0.49560546875,0.4974169921875,0.4941544921875,0.4948107421875,0.493096875,0.4979279296875,0.49234296875,0.498346875,0.499096875,0.4996875,0.4985216796875,0.49955,0.49203046875,0.4998779296875,0.4673279296875,0.4951857421875,0.4904607421875,0.4999435546875,0.499471875,0.495721875,0.49294921875,0.48195,0.495721875,0.4983107421875,0.496996875,0.4662,0.4997873046875,0.48659296875,0.49934296875,0.4999669921875,0.4999998046875,0.4992732421875,0.4764826171875,0.4995685546875,0.4953076171875,0.4989591796875,0.4888435546875,0.477421875,0.4823044921875,0.49461796875,0.4990154296875,0.49965546875,0.492496875,0.4941544921875,0.47496796875,0.4759373046875,0.49002421875,0.497721875,0.4825388671875,0.486796875,0.499471875,0.4993654296875,0.4937419921875,0.4988419921875,0.4989875,0.4984529296875,0.4930232421875,0.49924921875,0.4999669921875,0.4945529296875,0.4983107421875,0.4975060546875,0.4913044921875,0.4996875,0.4999560546875,0.49763671875,0.48739921875,0.49893046875,0.4977638671875,0.4996716796875,0.498621875,0.4921091796875,0.4982373046875,0.4834607421875,0.493671875,0.490546875,0.4978466796875,0.4996044921875,0.4987810546875,0.4936013671875,0.48966796875,0.47496796875,0.486796875,0.4960060546875,0.4985888671875,0.4902873046875,0.4998576171875,0.4968498046875,0.4962263671875,0.4999435546875,0.4994919921875,0.49763671875,0.4593875,0.495721875,0.4758,0.4962263671875,0.4942888671875,0.4982373046875,0.4925732421875,0.4992,0.49234296875,0.4930232421875,0.4987185546875,0.4983826171875,0.4660373046875,0.4987810546875,0.4994919921875,0.4998875,0.4888435546875,0.49435546875,0.4999904296875,0.45903046875,0.499471875,0.496596875,0.4976794921875,0.4963341796875,0.45195,0.5,0.49893046875,0.4971875,0.49998046875,0.4616701171875,0.49914921875,0.4944875,0.49971796875,0.4728263671875,0.4996875,0.498621875,0.4999875,0.49971796875,0.48699921875,0.49993671875,0.4895779296875,0.4970451171875,0.49264921875,0.4839123046875,0.4854435546875,0.490546875,0.4948107421875,0.4988419921875,0.49138671875,0.49487421875,0.4970451171875,0.4998123046875,0.4643888671875,0.49780546875,0.4909716796875,0.4899357421875,0.4971404296875,0.4930232421875,0.499746875,0.49294921875,0.4899357421875,0.4936013671875,0.49155,0.4931701171875,0.4983107421875,0.4894875,0.4964404296875,0.4839123046875,0.4836873046875,0.49955,0.49002421875,0.4971875,0.46388671875,0.4930232421875,0.4927248046875,0.4999998046875,0.4998,0.4969482421875,0.4983826171875,0.4996388671875,0.4930232421875,0.49999921875,0.4998,0.49965546875,0.4984529296875,0.499921875,0.49855546875,0.4992732421875,0.49875,0.4868982421875,0.4997029296875,0.4977638671875,0.47607421875,0.4988419921875,0.48446796875,0.4863875,0.4998779296875,0.48893671875,0.49728046875,0.4961169921875,0.499921875,0.498346875,0.49999921875,0.49914921875,0.4908029296875,0.4906326171875,0.49171171875,0.49875,0.4931701171875,0.4998576171875,0.4999875,0.49893046875,0.4990154296875,0.4521435546875,0.4847966796875,0.4872,0.4985216796875,0.4860763671875,0.4927248046875,0.4988419921875,0.4987185546875,0.4996388671875,0.4919513671875,0.499471875,0.499471875,0.4993201171875,0.4950623046875,0.4986544921875,0.496596875,0.49958671875,0.49746171875,0.499746875,0.4860763671875,0.4999841796875,0.4998966796875,0.4987185546875,0.4993201171875,0.4956638671875,0.49560546875,0.49002421875,0.49904296875,0.4998966796875,0.4815919921875,0.489846875,0.4862841796875,0.484246875,0.49990546875,0.4876951171875,0.4997326171875,0.4893966796875,0.49998046875,0.4969482421875,0.4981623046875,0.493096875,0.4999841796875,0.4780810546875,0.48265546875,0.499996875,0.4993875,0.4997873046875,0.4999904296875,0.49990546875,0.4994513671875,0.49138671875,0.49324296875,0.49709296875,0.4858669921875,0.4971404296875,0.4992248046875,0.4968498046875,0.47552421875,0.4984875,0.4993875,0.4957794921875,0.4980857421875,0.4953076171875,0.4990701171875,0.48966796875,0.48930546875,0.4994919921875,0.49955,0.4996044921875,0.49487421875,0.4872998046875,0.49881171875,0.4879875,0.4962263671875,0.4999138671875,0.49986796875,0.49583671875,0.4998966796875,0.498346875,0.49875,0.499096875,0.4962263671875,0.4946826171875,0.4999669921875,0.49709296875,0.4983107421875,0.4999951171875,0.4934591796875,0.49512421875,0.48930546875,0.4712,0.49763671875,0.49780546875,0.488371875,0.49294921875,0.4985216796875,0.4983826171875,0.4993875,0.4925732421875,0.49408671875,0.4880841796875,0.499621875,0.4964404296875,0.4949373046875,0.4930232421875,0.4908029296875,0.4989013671875,0.4998576171875,0.4965451171875,0.4968,0.4979279296875,0.49763671875,0.47661796875,0.4917919921875,0.4811091796875,0.4775544921875,0.4978875,0.4963875,0.49998046875,0.4972341796875,0.48446796875,0.4791154296875,0.499621875,0.499296875,0.496171875,0.4945529296875,0.49881171875,0.4962263671875,0.4997873046875,0.49881171875,0.4975935546875,0.49395,0.4966482421875,0.4945529296875,0.4949373046875,0.498621875,0.4998357421875,0.49709296875,0.483346875,0.48265546875,0.49965546875,0.4759373046875,0.4984529296875,0.4788591796875,0.4834607421875,0.49203046875,0.4876951171875,0.4964404296875,0.494746875,0.48875,0.4962263671875,0.49353046875,0.4946826171875,0.4968498046875,0.4933875,0.4713498046875,0.4999875,0.4916310546875,0.499921875,0.4999763671875,0.4976794921875,0.4997029296875,0.4872,0.5,0.49002421875,0.49868671875,0.49999296875,0.478471875,0.4982,0.4998,0.49583671875,0.49583671875,0.4991748046875,0.4997029296875,0.4972341796875,0.4999982421875,0.49763671875,0.4863875,0.4997326171875,0.4995310546875,0.4895779296875,0.49993671875,0.4906326171875,0.47552421875,0.485971875,0.4999294921875,0.498346875,0.4956638671875,0.498346875,0.4995685546875,0.4992248046875,0.4908029296875,0.4989875,0.4981623046875,0.4868982421875,0.4954279296875,0.4908029296875,0.4934591796875,0.4928,0.49999296875,0.499846875,0.4953076171875,0.4930232421875,0.488371875,0.4977638671875,0.493671875,0.47552421875,0.454246875,0.4966482421875,0.4980076171875,0.494221875,0.49746171875,0.4999875,0.4994919921875,0.48966796875,0.4996388671875,0.49324296875,0.4775544921875,0.4999998046875,0.4997326171875,0.49560546875,0.4928,0.48555,0.4992732421875,0.4980076171875,0.4890294921875,0.4798748046875,0.49264921875,0.4993654296875,0.4998,0.49381171875,0.49780546875,0.4999982421875,0.49071796875,0.491871875,0.499921875,0.4967498046875,0.4775544921875,0.499471875,0.49763671875,0.4999435546875,0.4928748046875,0.4971404296875,0.497371875,0.482421875,0.4942888671875,0.495,0.496171875,0.49746171875,0.49669921875,0.49986796875,0.4964404296875,0.4995310546875,0.4987185546875,0.4928748046875,0.4866951171875,0.4976794921875,0.4960060546875,0.4998779296875,0.4994091796875,0.4994919921875,0.49628046875,0.4979279296875,0.4985888671875,0.4893966796875,0.4862841796875,0.4994919921875,0.4982373046875,0.48699921875,0.49071796875,0.4998875,0.49827421875,0.4921875,0.47607421875,0.49986796875,0.4999998046875,0.4768875,0.49755,0.4994919921875,0.4955466796875,0.49971796875,0.490546875,0.495721875,0.499096875,0.48,0.47661796875,0.489121875,0.48966796875,0.4996716796875,0.49881171875,0.48490546875,0.49998046875,0.49934296875,0.479496875,0.4722404296875,0.49138671875,0.4994091796875,0.49971796875,0.4786013671875,0.4909716796875,0.49841796875,0.4682794921875,0.4894875,0.4998357421875,0.49875,0.4854435546875,0.49763671875,0.4966482421875,0.499746875,0.4982373046875,0.49881171875,0.49353046875,0.49755,0.4984529296875,0.4719451171875,0.49995,0.4933154296875,0.4989013671875,0.4975935546875,0.4954279296875,0.49071796875,0.455746875,0.4972341796875,0.4827716796875,0.4994919921875,0.49780546875,0.49512421875,0.48123046875,0.49996171875,0.4998,0.5,0.4993654296875,0.4999875,0.49728046875,0.4996044921875,0.4993875,0.49893046875,0.4983107421875,0.491221875,0.4985888671875,0.480496875,0.49138671875,0.4999560546875,0.4931701171875,0.49990546875,0.4983826171875,0.49755,0.49763671875,0.499296875,0.49841796875,0.4999875,0.49982421875,0.4999841796875,0.49955,0.498046875,0.4996716796875,0.48195,0.49395,0.49796796875,0.4786013671875,0.483346875,0.4931701171875,0.4989591796875,0.4984875,0.4981623046875,0.4820685546875,0.49796796875,0.4993654296875,0.4996875,0.4950623046875,0.4999904296875,0.4962263671875,0.4999951171875,0.4945529296875,0.4991232421875,0.49934296875,0.4996875,0.4998,0.4999138671875,0.4991748046875,0.4992,0.49990546875,0.4953076171875,0.483346875,0.499096875,0.49982421875,0.49986796875,0.47821171875,0.4813513671875,0.4971875,0.4980857421875,0.4989591796875,0.46521796875,0.49408671875,0.4958935546875,0.49408671875,0.49875,0.499746875,0.49986796875,0.4999875,0.4983826171875,0.49536796875,0.499996875,0.4980076171875,0.4990154296875
0.4921091796875,0.4736935546875,0.49353046875,0.49934296875,0.4813513671875,0.4975060546875,0.49951171875,0.493671875,0.4993201171875,0.499471875,0.46843671875,0.49408671875,0.4970451171875,0.499746875,0.49841796875,0.4963341796875,0.49649296875,0.49408671875,0.48,0.49827421875,0.4978875,0.495721875,0.4946826171875,0.4999904296875,0.499296875,0.449596875,0.4942888671875,0.49955,0.4913044921875,0.4731169921875,0.4994919921875,0.4999951171875,0.4827716796875,0.4999998046875,0.4998875,0.49904296875,0.49914921875,0.49999296875,0.49353046875,0.4722404296875,0.4998779296875,0.4945529296875,0.49435546875,0.4453435546875,0.4998123046875,0.477421875,0.4977638671875,0.49893046875,0.4999841796875,0.491221875,0.4990154296875,0.4999998046875,0.49435546875,0.4928748046875,0.4979279296875,0.49628046875,0.49755,0.4847966796875,0.470596875,0.49982421875,0.4963341796875,0.4993201171875,0.4951857421875,0.4936013671875,0.4862841796875,0.49993671875,0.49812421875,0.4808654296875,0.4965451171875,0.4997326171875,0.49560546875,0.4806201171875,0.4734060546875,0.49999921875,0.4722404296875,0.494746875,0.4999560546875,0.4997029296875,0.49155,0.4992,0.4996388671875,0.4992248046875,0.49763671875,0.4832326171875,0.49649296875,0.498621875,0.4987185546875,0.4999560546875,0.4901123046875,0.4998123046875,0.49746171875,0.47607421875,0.49536796875,0.4713498046875,0.4996716796875,0.4836873046875,0.4994919921875,0.4942888671875,0.4908029296875,0.4987185546875,0.4823044921875,0.4969482421875,0.4991232421875,0.498621875,0.4992,0.495,0.4739794921875,0.49763671875,0.4963875,0.49583671875,0.4701404296875,0.4998779296875,0.4828875,0.4983826171875,0.49435546875,0.4971404296875,0.489846875,0.49868671875,0.49958671875,0.498871875,0.49461796875,0.49881171875,0.4998779296875,0.4770216796875,0.4890294921875,0.4978875,0.49071796875,0.4998875,0.4991232421875,0.496171875,0.48576171875,0.492496875,0.499096875,0.498621875,0.4888435546875,0.49709296875,0.4998576171875,0.4999904296875,0.4955466796875,0.49868671875,0.4999763671875,0.4884669921875,0.4998123046875,0.49924921875,0.494746875,0.49709296875,0.4999982421875,0.4969482421875,0.49977421875,0.4880841796875,0.4944216796875,0.49560546875,0.4908029296875,0.4992732421875,0.4992248046875,0.4884669921875,0.4983826171875,0.4974169921875,0.48533671875,0.4674875,0.49606171875,0.49689921875,0.4938810546875,0.47496796875,0.4997873046875,0.4999294921875,0.4993875,0.4858669921875,0.499846875,0.4999763671875,0.493096875,0.4975935546875,0.496596875,0.4924201171875,0.4956638671875,0.4999435546875,0.4994091796875,0.4992248046875,0.4970451171875,0.4759373046875,0.4996388671875,0.4989591796875,0.4921875,0.4980076171875,0.4997873046875,0.499846875,0.49395,0.4955466796875,0.49881171875,0.4989591796875,0.4998966796875,0.4999841796875,0.4999294921875,0.4970451171875,0.4998357421875,0.48490546875,0.4965451171875,0.4979279296875,0.4986544921875,0.4846875,0.4980857421875,0.49943046875,0.4734060546875,0.4991748046875,0.4994919921875,0.499846875,0.49999921875,0.4818310546875,0.4982,0.4913044921875,0.4994919921875,0.476346875,0.4863875,0.4975060546875,0.4955466796875,0.4984875,0.4868982421875,0.4981623046875,0.4999560546875,0.4999875,0.4956638671875,0.49881171875,0.4987810546875,0.5,0.499296875,0.49171171875,0.4964404296875,0.4998875,0.4967498046875,0.4994091796875,0.4895779296875,0.4999763671875,0.4630419921875,0.486796875,0.4961169921875,0.49487421875,0.49536796875,0.4975935546875,0.49934296875,0.4944216796875,0.4921091796875,0.46843671875,0.4934591796875,0.4839123046875,0.49812421875,0.437871875,0.4997607421875,0.4944216796875,0.4921091796875,0.4988419921875,0.4997873046875,0.490546875,0.485121875,0.4870998046875,0.4989875,0.498621875,0.49728046875,0.4698341796875,0.4716482421875,0.4899357421875,0.4975060546875,0.48490546875,0.49461796875,0.489121875,0.4998966796875,0.499471875,0.4924201171875,0.497371875,0.4916310546875,0.4924201171875,0.4994513671875,0.4949373046875,0.489846875,0.4978875,0.4909716796875,0.4974169921875,0.48739921875,0.4994091796875,0.48123046875,0.4996044921875,0.49893046875,0.4894875,0.4964404296875,0.4989013671875,0.4993875,0.4858669921875,0.4977638671875,0.4928748046875,0.4963341796875,0.4892138671875,0.49904296875,0.4971404296875,0.49689921875,0.499996875,0.4925732421875,0.4860763671875,0.4936013671875,0.4897576171875,0.49780546875,0.49105546875,0.49606171875,0.49606171875,0.493671875,0.4864904296875,0.4906326171875,0.4963875,0.49995,0.47383671875,0.4972341796875,0.4999294921875,0.48402421875,0.47440546875,0.49875,0.49924921875,0.496996875,0.498871875,0.4989591796875,0.496596875,0.49904296875,0.4969482421875,0.4978466796875,0.4982373046875,0.4944875,0.4995310546875,0.4841357421875,0.4974169921875,0.4986544921875,0.4998875,0.4919513671875,0.4987185546875,0.49955,0.49943046875,0.4963875,0.48218671875,0.4968498046875,0.4996716796875,0.49037421875,0.4940185546875,0.48699921875,0.49812421875,0.4937419921875,0.4999138671875,0.4957794921875,0.4960060546875,0.4963875,0.470596875,0.4998123046875,0.49138671875,0.4998123046875,0.4951857421875,0.4968498046875,0.4999982421875,0.49796796875,0.493096875,0.4987185546875,0.49536796875,0.4995310546875,0.4333875,0.49914921875,0.4972341796875,0.49996171875,0.499471875,0.49628046875,0.49512421875,0.4998779296875,0.4998779296875,0.4856560546875,0.49995,0.49606171875,0.4995685546875,0.4980076171875,0.4974169921875,0.498621875,0.4870998046875,0.4946826171875,0.4964404296875,0.4965451171875,0.4942888671875,0.4968498046875,0.4967498046875,0.49583671875,0.4980076171875,0.4931701171875,0.4994091796875,0.4764826171875,0.4940185546875,0.4944216796875,0.49780546875,0.4944216796875,0.4981623046875,0.4975935546875,0.4975935546875,0.4924201171875,0.497721875,0.4936013671875,0.49796796875,0.4942888671875,0.4953076171875,0.4987810546875,0.4998,0.4966482421875,0.49977421875,0.4944216796875,0.4998,0.4768875,0.4989013671875,0.485121875,0.4998357421875,0.4995685546875,0.49755,0.491871875,0.4839123046875,0.495721875,0.49881171875,0.4968,0.46716796875,0.499921875,0.48555,0.49875,0.499971875,0.4999904296875,0.4997029296875,0.47355,0.4989591796875,0.49234296875,0.49904296875,0.49105546875,0.4811091796875,0.48024921875,0.4936013671875,0.4979279296875,0.4973263671875,0.49381171875,0.4984529296875,0.47607421875,0.4723875,0.4937419921875,0.4981623046875,0.47974921875,0.4836873046875,0.4997029296875,0.49893046875,0.4927248046875,0.4971404296875,0.49904296875,0.49881171875,0.4954279296875,0.49958671875,0.4999294921875,0.49461796875,0.4982373046875,0.4965451171875,0.48490546875,0.4997326171875,0.499921875,0.4968498046875,0.4830029296875,0.4986544921875,0.4975935546875,0.4987810546875,0.498046875,0.4919513671875,0.4976794921875,0.48074296875,0.495721875,0.4917919921875,0.49924921875,0.4991748046875,0.498046875,0.4933875,0.4904607421875,0.4734060546875,0.4825388671875,0.4945529296875,0.4994919921875,0.4866951171875,0.49971796875,0.493096875,0.4949373046875,0.499971875,0.49951171875,0.4978466796875,0.47149921875,0.4977638671875,0.4739794921875,0.4971875,0.4966482421875,0.4987185546875,0.4950623046875,0.497721875,0.4899357421875,0.4962263671875,0.4991232421875,0.4989013671875,0.47268046875,0.4989875,0.49893046875,0.5,0.4917919921875,0.4946826171875,0.49977421875,0.4647216796875,0.49881171875,0.4955466796875,0.4984875,0.49512421875,0.4606248046875,0.499921875,0.499296875,0.49689921875,0.49995,0.4648875,0.49914921875,0.496596875,0.4996388671875,0.4685935546875,0.49881171875,0.49914921875,0.4999560546875,0.49998046875,0.4892138671875,0.4998875,0.49203046875,0.4968498046875,0.49002421875,0.4808654296875,0.4874982421875,0.4909716796875,0.4909716796875,0.49875,0.49155,0.4963875,0.498046875,0.49943046875,0.46968046875,0.4963341796875,0.4911388671875,0.4893966796875,0.49780546875,0.4909716796875,0.4999998046875,0.4942888671875,0.4888435546875,0.49294921875,0.491221875,0.4933154296875,0.49796796875,0.4880841796875,0.49728046875,0.4841357421875,0.480496875,0.49965546875,0.487596875,0.49512421875,0.4670076171875,0.4892138671875,0.4936013671875,0.4998875,0.4999982421875,0.4967498046875,0.498046875,0.499921875,0.493096875,0.499971875,0.49996171875,0.4993654296875,0.49868671875,0.49924921875,0.498046875,0.4993654296875,0.49755,0.48357421875,0.499746875,0.49855546875,0.4770216796875,0.4983826171875,0.4880841796875,0.48490546875,0.49955,0.4866951171875,0.4975935546875,0.4973263671875,0.4997607421875,0.4992732421875,0.49990546875,0.499296875,0.4908875,0.49461796875,0.4944216796875,0.497721875,0.494221875,0.4999435546875,0.49934296875,0.4989875,0.49924921875,0.44839921875,0.4813513671875,0.4876951171875,0.4986544921875,0.4880841796875,0.494221875,0.49827421875,0.4997326171875,0.4989591796875,0.49138671875,0.4993875,0.4994919921875,0.4996716796875,0.4962263671875,0.4992248046875,0.49324296875,0.499746875,0.49628046875,0.49924921875,0.49105546875,0.4994919921875,0.4999904296875,0.49827421875,0.499996875,0.4944875,0.4971875,0.48618046875,0.49728046875,0.4998357421875,0.4789875,0.4864904296875,0.48893671875,0.4798748046875,0.4991232421875,0.493096875,0.49763671875,0.4913044921875,0.499621875,0.49689921875,0.49855546875,0.4944216796875,0.4998875,0.4713498046875,0.48402421875,0.4999435546875,0.4980857421875,0.4998966796875,0.4999294921875,0.499921875,0.4996875,0.49461796875,0.49203046875,0.4970451171875,0.4878904296875,0.4994513671875,0.4994513671875,0.4970451171875,0.4809875,0.49827421875,0.4994919921875,0.49560546875,0.496596875,0.4963875,0.49855546875,0.4902,0.49171171875,0.49951171875,0.4984529296875,0.49995,0.49583671875,0.49071796875,0.49971796875,0.49155,0.497371875,0.4989875,0.49977421875,0.49689921875,0.4997326171875,0.49955,0.4988419921875,0.4981623046875,0.4957794921875,0.4937419921875,0.4999763671875,0.4965451171875,0.4983107421875,0.4992248046875,0.4931701171875,0.4973263671875,0.4874982421875,0.4767529296875,0.498346875,0.498871875,0.48930546875,0.4968,0.498046875,0.4984875,0.4990154296875,0.4897576171875,0.4895779296875,0.4902873046875,0.4995685546875,0.49606171875,0.49381171875,0.49105546875,0.4874982421875,0.4953076171875,0.4999435546875,0.495721875,0.4945529296875,0.4980857421875,0.4983826171875,0.4767529296875,0.4951857421875,0.4813513671875,0.4770216796875,0.49893046875,0.497371875,0.4999904296875,0.4966482421875,0.48533671875,0.47821171875,0.4992,0.49893046875,0.4942888671875,0.49171171875,0.4983107421875,0.4976794921875,0.499296875,0.4987810546875,0.498346875,0.4911388671875,0.497721875,0.49395,0.49435546875,0.49855546875,0.4997326171875,0.4972341796875,0.4860763671875,0.4846875,0.499621875,0.48265546875,0.49855546875,0.4828875,0.4839123046875,0.4937419921875,0.4894875,0.4989013671875,0.49264921875,0.488371875,0.4957794921875,0.4940185546875,0.4958935546875,0.4974169921875,0.4938810546875,0.46875,0.4998357421875,0.4919513671875,0.4999669921875,0.499846875,0.4984529296875,0.49827421875,0.4820685546875,0.49955,0.4876951171875,0.4976794921875,0.49914921875,0.48446796875,0.4980076171875,0.49977421875,0.494746875,0.4960060546875,0.4994513671875,0.49914921875,0.4975060546875,0.4998,0.49560546875,0.4872998046875,0.4999951171875,0.4995685546875,0.494746875,0.49990546875,0.48818046875,0.481471875,0.484246875,0.4999904296875,0.49951171875,0.49709296875,0.49924921875,0.4999982421875,0.498871875,0.4906326171875,0.4972341796875,0.4972341796875,0.48659296875,0.49487421875,0.4902873046875,0.489846875,0.4951857421875,0.499846875,0.4999560546875,0.4963341796875,0.49203046875,0.48490546875,0.4969482421875,0.494221875,0.4798748046875,0.45795,0.4953076171875,0.4997607421875,0.49461796875,0.4984875,0.4995685546875,0.49955,0.488371875,0.49999296875,0.49294921875,0.4791154296875,0.4999294921875,0.4996875,0.49628046875,0.49461796875,0.485971875,0.499296875,0.4993654296875,0.4888435546875,0.4850138671875,0.4934591796875,0.49893046875,0.4991232421875,0.4927248046875,0.4956638671875,0.4999951171875,0.4872998046875,0.4928,0.49993671875,0.4976794921875,0.47496796875,0.4999998046875,0.4979279296875,0.49977421875,0.494746875,0.49812421875,0.4951857421875,0.4806201171875,0.49709296875,0.495246875,0.4983826171875,0.497371875,0.49855546875,0.49993671875,0.4957794921875,0.4993875,0.49812421875,0.4906326171875,0.48856171875,0.49914921875,0.49881171875,0.49977421875,0.49958671875,0.4993654296875,0.49324296875,0.4980076171875,0.4983107421875,0.4917919921875,0.487596875,0.49746171875,0.4980076171875,0.4845779296875,0.48779296875,0.49965546875,0.497721875,0.4886560546875,0.4808654296875,0.4999669921875,0.49986796875,0.48218671875,0.4983107421875,0.49999921875,0.4944216796875,0.49955,0.4942888671875,0.49395,0.49977421875,0.48555,0.47496796875,0.49560546875,0.49353046875,0.4996388671875,0.49958671875,0.4884669921875,0.49990546875,0.4984875,0.475246875,0.48024921875,0.4934591796875,0.5,0.49971796875,0.47924296875,0.4928748046875,0.496596875,0.4663623046875,0.48856171875,0.49998046875,0.4996044921875,0.48818046875,0.49796796875,0.49746171875,0.49958671875,0.4998,0.4965451171875,0.4922654296875,0.4992248046875,0.4982,0.47552421875,0.4999951171875,0.4955466796875,0.4987810546875,0.4958935546875,0.49649296875,0.49381171875,0.4534875,0.4986544921875,0.48490546875,0.499621875,0.4971875,0.495,0.4796232421875,0.4999982421875,0.4999294921875,0.4997607421875,0.4982,0.4999841796875,0.4987185546875,0.4999982421875,0.4993654296875,0.499846875,0.4992248046875,0.4917919921875,0.4978466796875,0.4786013671875,0.4882763671875,0.499971875,0.4931701171875,0.4997029296875,0.4980076171875,0.4973263671875,0.497721875,0.4989875,0.49904296875,0.4999982421875,0.49999296875,0.49990546875,0.49995,0.4989013671875,0.4999904296875,0.47607421875,0.49234296875,0.4978466796875,0.4789875,0.4793701171875,0.4938810546875,0.4999138671875,0.49951171875,0.4975060546875,0.48402421875,0.4970451171875,0.49977421875,0.4987185546875,0.4950623046875,0.49958671875,0.4956638671875,0.49999921875,0.49628046875,0.498346875,0.49934296875,0.4996716796875,0.49971796875,0.4994513671875,0.4994919921875,0.499471875,0.499846875,0.4964404296875,0.4870998046875,0.4998,0.49996171875,0.499296875,0.47768671875,0.4813513671875,0.495721875,0.49796796875,0.4990701171875,0.4666857421875,0.495246875,0.4967498046875,0.4936013671875,0.498346875,0.4999998046875,0.4998357421875,0.49999296875,0.4992248046875,0.4953076171875,0.4999763671875,0.4982373046875,0.498046875
0.4901123046875,0.47326171875,0.494746875,0.49986796875,0.4852294921875,0.49709296875,0.49998046875,0.4928,0.49924921875,0.4990701171875,0.470596875,0.4916310546875,0.49943046875,0.4985888671875,0.499296875,0.4927248046875,0.4977638671875,0.4958935546875,0.472971875,0.4969482421875,0.496596875,0.4933875,0.4974169921875,0.499471875,0.4994513671875,0.447996875,0.4933154296875,0.4990701171875,0.4884669921875,0.469371875,0.4993875,0.4997326171875,0.48265546875,0.49993671875,0.4998779296875,0.4996044921875,0.4996044921875,0.499846875,0.49755,0.4637185546875,0.4999875,0.4949373046875,0.48875,0.4424123046875,0.49965546875,0.4811091796875,0.4985888671875,0.4987810546875,0.4999841796875,0.4892138671875,0.4998779296875,0.4999904296875,0.4940185546875,0.491871875,0.497721875,0.49536796875,0.49855546875,0.48265546875,0.4756623046875,0.49904296875,0.4968498046875,0.4995310546875,0.49583671875,0.4941544921875,0.48357421875,0.49999921875,0.49943046875,0.478471875,0.495246875,0.4999138671875,0.4969482421875,0.4830029296875,0.4758,0.4998357421875,0.47974921875,0.4925732421875,0.499971875,0.4999841796875,0.494221875,0.4994091796875,0.4999435546875,0.4999998046875,0.49868671875,0.4820685546875,0.49583671875,0.4978875,0.49855546875,0.4999998046875,0.4914685546875,0.49998046875,0.4987185546875,0.48171171875,0.493096875,0.477421875,0.4994919921875,0.4845779296875,0.4991748046875,0.493671875,0.4901123046875,0.499921875,0.4868982421875,0.4983826171875,0.4996044921875,0.49893046875,0.499621875,0.4922654296875,0.46906171875,0.49868671875,0.4927248046875,0.49583671875,0.4704451171875,0.4998875,0.48218671875,0.4983826171875,0.4925732421875,0.496171875,0.4884669921875,0.4984529296875,0.4999669921875,0.499096875,0.491871875,0.4992,0.49999921875,0.4764826171875,0.49002421875,0.4990701171875,0.4945529296875,0.4996044921875,0.4983107421875,0.4968498046875,0.4803732421875,0.492496875,0.49924921875,0.49943046875,0.4899357421875,0.4984529296875,0.4998576171875,0.4999669921875,0.49796796875,0.498871875,0.4996388671875,0.4852294921875,0.4987810546875,0.4998875,0.495,0.4971875,0.4999875,0.49904296875,0.49951171875,0.4809875,0.4938810546875,0.4971404296875,0.4862841796875,0.4988419921875,0.49827421875,0.48576171875,0.4990701171875,0.4980857421875,0.4852294921875,0.46587421875,0.4961169921875,0.4963341796875,0.4927248046875,0.47383671875,0.4993654296875,0.4999560546875,0.4990701171875,0.4886560546875,0.49999921875,0.4999841796875,0.4892138671875,0.49763671875,0.4974169921875,0.49408671875,0.4968498046875,0.4998357421875,0.498871875,0.4969482421875,0.49841796875,0.4758,0.49999296875,0.49955,0.49071796875,0.4995685546875,0.4997607421875,0.4998123046875,0.49105546875,0.4958935546875,0.4996388671875,0.4990701171875,0.49965546875,0.4999841796875,0.49986796875,0.4984875,0.4998875,0.4866951171875,0.49435546875,0.4944875,0.4980857421875,0.48446796875,0.499746875,0.49881171875,0.47661796875,0.499471875,0.4999294921875,0.4997873046875,0.4999998046875,0.4751076171875,0.4963341796875,0.4916310546875,0.4993875,0.47715546875,0.4832326171875,0.49868671875,0.4944875,0.4987185546875,0.4864904296875,0.495721875,0.4998779296875,0.49999296875,0.49669921875,0.4994513671875,0.49868671875,0.499971875,0.4992732421875,0.49294921875,0.4964404296875,0.499971875,0.4984529296875,0.49955,0.4872,0.499296875,0.4592091796875,0.4841357421875,0.4968,0.4921875,0.4981623046875,0.49855546875,0.4998357421875,0.49669921875,0.49408671875,0.4685935546875,0.49324296875,0.4892138671875,0.4988419921875,0.4445138671875,0.49965546875,0.49487421875,0.493096875,0.4988419921875,0.4998357421875,0.4882763671875,0.4838,0.49155,0.4998,0.49841796875,0.4955466796875,0.4662,0.4676466796875,0.4938810546875,0.498621875,0.4838,0.49560546875,0.4913044921875,0.4998357421875,0.49996171875,0.4928,0.4984529296875,0.49435546875,0.49264921875,0.499846875,0.49353046875,0.488371875,0.49669921875,0.494746875,0.4981623046875,0.483346875,0.4984875,0.4786013671875,0.4992,0.49855546875,0.48555,0.4970451171875,0.4999875,0.4994091796875,0.48739921875,0.49875,0.4884669921875,0.4940185546875,0.48818046875,0.499471875,0.49606171875,0.497371875,0.49993671875,0.4872,0.4880841796875,0.4931701171875,0.4925732421875,0.49728046875,0.4843576171875,0.49669921875,0.4955466796875,0.4924201171875,0.48555,0.49002421875,0.49595,0.4989591796875,0.4739794921875,0.4975935546875,0.49977421875,0.4886560546875,0.4712,0.49763671875,0.49855546875,0.4975060546875,0.4998779296875,0.49855546875,0.4975060546875,0.4994091796875,0.4975935546875,0.4953076171875,0.4982,0.49628046875,0.4997326171875,0.485971875,0.4949373046875,0.496996875,0.4999138671875,0.4901123046875,0.4984875,0.499746875,0.4992248046875,0.4955466796875,0.48357421875,0.4978875,0.49971796875,0.4930232421875,0.4957794921875,0.4868982421875,0.4980857421875,0.49171171875,0.4998357421875,0.4989013671875,0.4951857421875,0.49381171875,0.47089921875,0.4998875,0.4916310546875,0.49999296875,0.4948107421875,0.4993201171875,0.4998875,0.4968,0.491221875,0.4987185546875,0.49689921875,0.49951171875,0.437871875,0.49914921875,0.4958935546875,0.4999435546875,0.4992248046875,0.4942888671875,0.49435546875,0.4994513671875,0.4997029296875,0.4850138671875,0.4998357421875,0.49827421875,0.4997326171875,0.4988419921875,0.4985888671875,0.49965546875,0.4841357421875,0.49583671875,0.49649296875,0.49780546875,0.491871875,0.49709296875,0.498046875,0.49628046875,0.4949373046875,0.4958935546875,0.4996716796875,0.4767529296875,0.4933875,0.4963341796875,0.496596875,0.4941544921875,0.497371875,0.49649296875,0.4972341796875,0.49203046875,0.4956638671875,0.4931701171875,0.497721875,0.4950623046875,0.4968,0.4964404296875,0.49958671875,0.4965451171875,0.4999560546875,0.4908875,0.49971796875,0.46716796875,0.498621875,0.4841357421875,0.49996171875,0.4992,0.4991748046875,0.4936013671875,0.48533671875,0.4945529296875,0.49881171875,0.496996875,0.458671875,0.4997607421875,0.4879875,0.49943046875,0.499971875,0.4999560546875,0.4999138671875,0.4748279296875,0.49914921875,0.49234296875,0.4989013671875,0.490546875,0.4820685546875,0.4770216796875,0.4913044921875,0.4976794921875,0.4954875,0.4934591796875,0.4980857421875,0.48123046875,0.47552421875,0.4908029296875,0.4985888671875,0.4832326171875,0.48024921875,0.4996388671875,0.4999138671875,0.49324296875,0.4971404296875,0.4984529296875,0.4984875,0.4971875,0.4992,0.4999951171875,0.494221875,0.49855546875,0.4962263671875,0.4846875,0.499971875,0.4998357421875,0.4977638671875,0.48218671875,0.4970451171875,0.49709296875,0.4994091796875,0.4965451171875,0.4902873046875,0.4983107421875,0.482421875,0.4964404296875,0.4902,0.4986544921875,0.498346875,0.4980857421875,0.48966796875,0.48618046875,0.4722404296875,0.4828875,0.49353046875,0.4987810546875,0.4847966796875,0.4993875,0.4940185546875,0.4956638671875,0.4999904296875,0.4987185546875,0.495721875,0.4745466796875,0.49709296875,0.4786013671875,0.496596875,0.4960060546875,0.4998966796875,0.48779296875,0.4974169921875,0.4930232421875,0.4965451171875,0.4998123046875,0.4993654296875,0.4653826171875,0.498046875,0.4980857421875,0.49951171875,0.48779296875,0.4934591796875,0.4996875,0.46652421875,0.497721875,0.4942888671875,0.499296875,0.4967498046875,0.4584919921875,0.5,0.4993201171875,0.4958935546875,0.4997873046875,0.4592091796875,0.4993201171875,0.4954875,0.4989875,0.4627013671875,0.4989875,0.4994091796875,0.4998,0.4999294921875,0.4893966796875,0.4998966796875,0.489846875,0.4936013671875,0.4931701171875,0.47768671875,0.4904607421875,0.49071796875,0.4937419921875,0.4992732421875,0.494221875,0.49628046875,0.4987810546875,0.499096875,0.46968046875,0.4981623046875,0.4902873046875,0.4916310546875,0.4984529296875,0.4901123046875,0.4999875,0.4960060546875,0.4913044921875,0.4924201171875,0.48856171875,0.4895779296875,0.49943046875,0.4894875,0.496171875,0.4841357421875,0.47715546875,0.4998,0.486796875,0.4969482421875,0.4602732421875,0.4864904296875,0.4953076171875,0.4997873046875,0.4999904296875,0.4965451171875,0.4990154296875,0.499746875,0.4928,0.49990546875,0.4996044921875,0.49999921875,0.4994919921875,0.4998,0.49755,0.4995310546875,0.49763671875,0.4828875,0.4991232421875,0.4991748046875,0.4762107421875,0.4995310546875,0.48739921875,0.485971875,0.4999875,0.48856171875,0.4975935546875,0.4960060546875,0.49996171875,0.4984875,0.499921875,0.4980076171875,0.49071796875,0.4917919921875,0.4968,0.49689921875,0.4933154296875,0.49999921875,0.4995685546875,0.4988419921875,0.49934296875,0.4517560546875,0.47873046875,0.48699921875,0.4989591796875,0.48357421875,0.49294921875,0.4978466796875,0.49977421875,0.4971404296875,0.4936013671875,0.4996388671875,0.49893046875,0.4998357421875,0.49294921875,0.4993201171875,0.495,0.4999904296875,0.4985888671875,0.499621875,0.4919513671875,0.49904296875,0.49951171875,0.49875,0.499971875,0.49487421875,0.4963875,0.4878904296875,0.4967498046875,0.4999294921875,0.48265546875,0.4868982421875,0.49071796875,0.47974921875,0.49965546875,0.49105546875,0.4983826171875,0.4897576171875,0.4996044921875,0.4968498046875,0.4982,0.4928,0.49993671875,0.4791154296875,0.4798748046875,0.4992248046875,0.4985888671875,0.4984529296875,0.499746875,0.49996171875,0.4998123046875,0.49203046875,0.4908875,0.4944216796875,0.4841357421875,0.4988419921875,0.49965546875,0.49512421875,0.4801248046875,0.4996044921875,0.4997029296875,0.491871875,0.49875,0.49669921875,0.498621875,0.48966796875,0.4906326171875,0.4987810546875,0.49595,0.49971796875,0.4938810546875,0.4888435546875,0.4993201171875,0.4878904296875,0.49855546875,0.4997873046875,0.49986796875,0.4963875,0.4998779296875,0.4996716796875,0.4993201171875,0.4989875,0.4966482421875,0.49408671875,0.49943046875,0.495721875,0.4991232421875,0.49977421875,0.4956638671875,0.494221875,0.49203046875,0.4811091796875,0.4983107421875,0.49924921875,0.48893671875,0.49709296875,0.4989013671875,0.4998576171875,0.498621875,0.489121875,0.487596875,0.4890294921875,0.4980076171875,0.4982,0.49649296875,0.4904607421875,0.4823044921875,0.4973263671875,0.49999921875,0.4938810546875,0.4917919921875,0.49893046875,0.497371875,0.4723875,0.4978466796875,0.481471875,0.4846875,0.4989591796875,0.4963341796875,0.4999904296875,0.4941544921875,0.4838,0.4722404296875,0.4992248046875,0.498621875,0.49512421875,0.492496875,0.4989875,0.499471875,0.49943046875,0.497721875,0.4967498046875,0.4902,0.4967498046875,0.4975935546875,0.49487421875,0.4990701171875,0.49934296875,0.496596875,0.4870998046875,0.4809875,0.49893046875,0.47768671875,0.49746171875,0.4843576171875,0.4843576171875,0.4961169921875,0.48576171875,0.49812421875,0.4888435546875,0.486796875,0.496596875,0.49395,0.492496875,0.4985888671875,0.4921091796875,0.4739794921875,0.4998576171875,0.4954279296875,0.4999763671875,0.4999875,0.496171875,0.49955,0.4789875,0.4999998046875,0.4838,0.4968,0.4990154296875,0.48123046875,0.4968498046875,0.4998123046875,0.4962263671875,0.49728046875,0.499621875,0.499746875,0.495,0.49893046875,0.49827421875,0.485971875,0.49999921875,0.4992732421875,0.49536796875,0.49999921875,0.4899357421875,0.4731169921875,0.4856560546875,0.499846875,0.4992248046875,0.4979279296875,0.49951171875,0.49990546875,0.4980857421875,0.49294921875,0.4960060546875,0.4976794921875,0.4886560546875,0.4965451171875,0.49171171875,0.4901123046875,0.49583671875,0.499621875,0.4998875,0.49461796875,0.4937419921875,0.4845779296875,0.49746171875,0.49512421875,0.4780810546875,0.4536779296875,0.4953076171875,0.4985888671875,0.4971875,0.49689921875,0.4999875,0.4999560546875,0.4864904296875,0.499846875,0.4908029296875,0.4876951171875,0.49999921875,0.49943046875,0.4967498046875,0.4927248046875,0.4872,0.498621875,0.4996044921875,0.484246875,0.482421875,0.4922654296875,0.499921875,0.4993201171875,0.4894875,0.49264921875,0.4997873046875,0.4856560546875,0.4921875,0.4999669921875,0.49536796875,0.47089921875,0.4998357421875,0.4977638671875,0.4996044921875,0.49461796875,0.4975935546875,0.4946826171875,0.4780810546875,0.497721875,0.494221875,0.49746171875,0.4972341796875,0.49728046875,0.49998046875,0.4974169921875,0.4995685546875,0.4981623046875,0.4884669921875,0.4888435546875,0.4994091796875,0.4979279296875,0.49986796875,0.4983107421875,0.49955,0.48966796875,0.49965546875,0.498346875,0.491871875,0.485121875,0.497721875,0.49796796875,0.4843576171875,0.4897576171875,0.499621875,0.4967498046875,0.4868982421875,0.4788591796875,0.4993201171875,0.4999435546875,0.4843576171875,0.49951171875,0.497721875,0.49381171875,0.4999904296875,0.4897576171875,0.4922654296875,0.498871875,0.48195,0.4762107421875,0.495,0.495,0.49977421875,0.4992732421875,0.4888435546875,0.4991748046875,0.4985216796875,0.47661796875,0.4768875,0.49264921875,0.4999763671875,0.4999138671875,0.47552421875,0.4944216796875,0.49893046875,0.4616701171875,0.4878904296875,0.49999921875,0.49934296875,0.49037421875,0.49827421875,0.4978875,0.499621875,0.49996171875,0.4976794921875,0.4946826171875,0.4993654296875,0.4997607421875,0.4723875,0.499996875,0.49595,0.4999294921875,0.4927248046875,0.496171875,0.4928748046875,0.43918671875,0.4987810546875,0.48533671875,0.4999998046875,0.4978875,0.4954279296875,0.4832326171875,0.499996875,0.49995,0.4997873046875,0.49951171875,0.4998779296875,0.4994919921875,0.4997607421875,0.4996044921875,0.49971796875,0.4989013671875,0.4886560546875,0.4982,0.48357421875,0.4868982421875,0.5,0.49155,0.4998576171875,0.4962263671875,0.4968498046875,0.49755,0.4980076171875,0.49924921875,0.4999138671875,0.49971796875,0.4999904296875,0.5,0.498046875,0.49971796875,0.48490546875,0.4868982421875,0.4993875,0.4788591796875,0.48195,0.4928748046875,0.4999138671875,0.499296875,0.4954279296875,0.4823044921875,0.49595,0.4997029296875,0.49868671875,0.4964404296875,0.49958671875,0.498871875,0.4998779296875,0.4984529296875,0.4982373046875,0.498346875,0.499296875,0.498621875,0.49881171875,0.4991748046875,0.4985888671875,0.4989875,0.4955466796875,0.4876951171875,0.4999294921875,0.49982421875,0.4992,0.47821171875,0.4828875,0.4982373046875,0.4980076171875,0.49893046875,0.4650529296875,0.4938810546875,0.4965451171875,0.49353046875,0.4970451171875,0.4999982421875,0.4987185546875,0.4999841796875,0.4996875,0.4942888671875,0.4999998046875,0.498871875,0.49881171875
0.49171171875,0.46843671875,0.4960060546875,0.4986544921875,0.4803732421875,0.49728046875,0.4998779296875,0.4944216796875,0.4989013671875,0.4994919921875,0.4660373046875,0.49234296875,0.49999296875,0.4989875,0.4995310546875,0.4967498046875,0.4975060546875,0.49294921875,0.476346875,0.49628046875,0.498621875,0.49264921875,0.4974169921875,0.4998779296875,0.499471875,0.4551873046875,0.49461796875,0.4999435546875,0.48533671875,0.4685935546875,0.4992732421875,0.4999560546875,0.4882763671875,0.49924921875,0.4993875,0.4994919921875,0.4999998046875,0.4998779296875,0.4963875,0.46587421875,0.4999998046875,0.4936013671875,0.49171171875,0.4367654296875,0.4999435546875,0.4830029296875,0.4998966796875,0.4994091796875,0.4993654296875,0.4839123046875,0.49924921875,0.4999294921875,0.4941544921875,0.4908029296875,0.49628046875,0.49536796875,0.49780546875,0.4868982421875,0.476346875,0.4994513671875,0.49512421875,0.49881171875,0.4925732421875,0.49138671875,0.4815919921875,0.49990546875,0.49904296875,0.4789875,0.4972341796875,0.4993875,0.49628046875,0.4843576171875,0.474121875,0.49998046875,0.47661796875,0.490546875,0.49990546875,0.499746875,0.4922654296875,0.49689921875,0.4997029296875,0.4998966796875,0.49796796875,0.485971875,0.4973263671875,0.498346875,0.49893046875,0.4997607421875,0.4930232421875,0.4994091796875,0.4980857421875,0.48171171875,0.4925732421875,0.48074296875,0.4998357421875,0.4876951171875,0.499621875,0.4960060546875,0.4895779296875,0.5,0.48875,0.4985216796875,0.4992732421875,0.4990154296875,0.4998123046875,0.4906326171875,0.46843671875,0.499296875,0.4938810546875,0.49353046875,0.4751076171875,0.49982421875,0.4809875,0.49934296875,0.4921091796875,0.4955466796875,0.4894875,0.4971875,0.4999951171875,0.4998,0.4909716796875,0.4984875,0.499846875,0.4772888671875,0.4931701171875,0.49780546875,0.4938810546875,0.4999294921875,0.4980857421875,0.49487421875,0.4815919921875,0.494746875,0.499296875,0.499996875,0.4902,0.4989591796875,0.4994919921875,0.49999296875,0.498621875,0.4993201171875,0.4994091796875,0.4863875,0.498046875,0.4991232421875,0.4937419921875,0.49669921875,0.4997873046875,0.4994513671875,0.499471875,0.4815919921875,0.49353046875,0.4958935546875,0.4884669921875,0.4990701171875,0.4982373046875,0.48555,0.49971796875,0.4974169921875,0.4884669921875,0.4722404296875,0.4951857421875,0.49728046875,0.4899357421875,0.47821171875,0.499746875,0.4999904296875,0.49812421875,0.48618046875,0.4999138671875,0.4998779296875,0.4904607421875,0.496996875,0.4978466796875,0.4964404296875,0.4948107421875,0.49995,0.49904296875,0.49746171875,0.49689921875,0.47768671875,0.4999560546875,0.4994919921875,0.4872998046875,0.4992,0.49998046875,0.49951171875,0.4950623046875,0.49796796875,0.4998576171875,0.4997029296875,0.4998875,0.4999951171875,0.499971875,0.4987810546875,0.49998046875,0.4825388671875,0.496171875,0.49381171875,0.4984875,0.48618046875,0.4998357421875,0.4994513671875,0.47440546875,0.4985888671875,0.4999982421875,0.49914921875,0.4998123046875,0.4858669921875,0.49649296875,0.49536796875,0.49958671875,0.4739794921875,0.48555,0.4970451171875,0.49105546875,0.49951171875,0.4847966796875,0.4974169921875,0.49986796875,0.4997326171875,0.4981623046875,0.4987185546875,0.4994091796875,0.4989591796875,0.4992732421875,0.4922654296875,0.496171875,0.4999875,0.49780546875,0.4994919921875,0.488371875,0.4999138671875,0.4609748046875,0.4811091796875,0.4973263671875,0.4942888671875,0.49728046875,0.49796796875,0.4992,0.49461796875,0.4931701171875,0.4719451171875,0.493671875,0.487596875,0.49924921875,0.4529138671875,0.4999951171875,0.4936013671875,0.4933875,0.4982,0.499746875,0.488371875,0.4863875,0.4922654296875,0.49995,0.4980076171875,0.49763671875,0.479496875,0.4699875,0.4940185546875,0.4999435546875,0.48779296875,0.4963875,0.49294921875,0.4999998046875,0.4992248046875,0.495721875,0.4985888671875,0.493096875,0.4942888671875,0.4996716796875,0.4936013671875,0.4942888671875,0.4976794921875,0.4946826171875,0.4978875,0.48218671875,0.49893046875,0.477421875,0.49881171875,0.49881171875,0.48533671875,0.4980857421875,0.4999904296875,0.4997607421875,0.4880841796875,0.49875,0.4863875,0.4951857421875,0.48699921875,0.4995310546875,0.4981623046875,0.4968498046875,0.49995,0.4925732421875,0.488371875,0.4955466796875,0.49324296875,0.4973263671875,0.4854435546875,0.4976794921875,0.4962263671875,0.495721875,0.4880841796875,0.4938810546875,0.4944875,0.49951171875,0.4739794921875,0.4984529296875,0.498346875,0.48533671875,0.4742638671875,0.4991232421875,0.4988419921875,0.4989875,0.498871875,0.4981623046875,0.498871875,0.4979279296875,0.49755,0.4971875,0.4990701171875,0.496996875,0.49977421875,0.48265546875,0.4963875,0.496596875,0.4999951171875,0.4924201171875,0.496596875,0.4989591796875,0.49855546875,0.495246875,0.480496875,0.4944875,0.49990546875,0.4895779296875,0.49669921875,0.4850138671875,0.4983107421875,0.49138671875,0.4995310546875,0.4993875,0.4982373046875,0.4954279296875,0.47440546875,0.4999982421875,0.4931701171875,0.4999951171875,0.4956638671875,0.4985216796875,0.49996171875,0.49560546875,0.49071796875,0.499621875,0.4957794921875,0.4993201171875,0.43155,0.4979279296875,0.4968,0.4993875,0.4999435546875,0.49381171875,0.49353046875,0.4999875,0.4995685546875,0.48818046875,0.4998,0.4996716796875,0.4999435546875,0.49746171875,0.4966482421875,0.4999875,0.48739921875,0.4983826171875,0.4966482421875,0.4968,0.4928748046875,0.4968,0.4982373046875,0.49583671875,0.4960060546875,0.4981623046875,0.499096875,0.47383671875,0.4908875,0.49689921875,0.4993201171875,0.49071796875,0.4982,0.4971404296875,0.497371875,0.487596875,0.49155,0.4916310546875,0.4983826171875,0.495,0.49868671875,0.49827421875,0.4999294921875,0.4971404296875,0.4999294921875,0.49138671875,0.4997873046875,0.46321171875,0.49780546875,0.4894875,0.4982,0.4979279296875,0.499846875,0.49138671875,0.485121875,0.49583671875,0.49881171875,0.4956638671875,0.4536779296875,0.4999560546875,0.4906326171875,0.4998966796875,0.4999998046875,0.4994513671875,0.4997607421875,0.4770216796875,0.49841796875,0.489846875,0.4995310546875,0.4902873046875,0.48446796875,0.4734060546875,0.49037421875,0.497371875,0.4969482421875,0.4954875,0.4963875,0.4789875,0.47149921875,0.490546875,0.4951857421875,0.48446796875,0.4759373046875,0.4996875,0.49986796875,0.4954279296875,0.49796796875,0.49951171875,0.498871875,0.49669921875,0.4994091796875,0.4999294921875,0.49560546875,0.496171875,0.493671875,0.4832326171875,0.49998046875,0.499971875,0.49606171875,0.4823044921875,0.49689921875,0.4941544921875,0.4999138671875,0.4979279296875,0.49105546875,0.4994513671875,0.48659296875,0.4967498046875,0.4902,0.4983107421875,0.499296875,0.49512421875,0.49002421875,0.4839123046875,0.475246875,0.48357421875,0.4953076171875,0.4997873046875,0.4823044921875,0.4998779296875,0.4968498046875,0.4974169921875,0.4994513671875,0.49827421875,0.49746171875,0.476346875,0.4983826171875,0.4809875,0.4961169921875,0.4954875,0.499996875,0.4927248046875,0.49689921875,0.49536796875,0.4977638671875,0.4997607421875,0.49971796875,0.46253046875,0.4968498046875,0.49780546875,0.4999560546875,0.4854435546875,0.4942888671875,0.49914921875,0.4602732421875,0.4951857421875,0.49155,0.49934296875,0.495721875,0.4532966796875,0.4998,0.4992732421875,0.4979279296875,0.49999921875,0.45386796875,0.49904296875,0.49560546875,0.4986544921875,0.460096875,0.4991748046875,0.4993654296875,0.4993654296875,0.4997607421875,0.4902,0.4991232421875,0.4928748046875,0.496171875,0.495,0.47768671875,0.492496875,0.4902873046875,0.49512421875,0.4989013671875,0.4921875,0.4927248046875,0.4978875,0.49914921875,0.470596875,0.4957794921875,0.49037421875,0.4899357421875,0.4992732421875,0.4876951171875,0.49993671875,0.4927248046875,0.4882763671875,0.49395,0.4882763671875,0.4928,0.49914921875,0.4854435546875,0.49728046875,0.485971875,0.4843576171875,0.4999763671875,0.48074296875,0.4968,0.4648875,0.4904607421875,0.4956638671875,0.4994919921875,0.4999294921875,0.4963875,0.4978875,0.49951171875,0.4928748046875,0.4992248046875,0.4992248046875,0.4999138671875,0.4997873046875,0.4999998046875,0.49755,0.49934296875,0.4982,0.4843576171875,0.4989013671875,0.4982,0.4778185546875,0.4999435546875,0.4834607421875,0.486796875,0.4998,0.49037421875,0.4971875,0.4985888671875,0.4998875,0.4957794921875,0.4999669921875,0.495721875,0.4921091796875,0.4921091796875,0.4946826171875,0.4975935546875,0.495721875,0.4999982421875,0.4996044921875,0.49971796875,0.499296875,0.4517560546875,0.4836873046875,0.48402421875,0.49763671875,0.48893671875,0.49203046875,0.4969482421875,0.4998357421875,0.49958671875,0.493671875,0.49990546875,0.499471875,0.4999904296875,0.495246875,0.49996171875,0.4971875,0.49904296875,0.49855546875,0.49924921875,0.487596875,0.4992248046875,0.4998,0.4978875,0.4997029296875,0.4975060546875,0.4978466796875,0.4874982421875,0.4955466796875,0.4999138671875,0.484246875,0.4863875,0.4921091796875,0.48357421875,0.49999296875,0.4933154296875,0.495,0.49105546875,0.4996716796875,0.4968,0.4984875,0.493671875,0.4999669921875,0.476346875,0.4772888671875,0.499096875,0.4979279296875,0.498346875,0.4982,0.49999296875,0.49955,0.49071796875,0.4940185546875,0.4971875,0.4836873046875,0.49827421875,0.4997607421875,0.49709296875,0.4828875,0.498871875,0.4987185546875,0.48930546875,0.499971875,0.49649296875,0.4976794921875,0.4878904296875,0.493096875,0.49868671875,0.49812421875,0.49955,0.49395,0.4832326171875,0.4986544921875,0.4858669921875,0.4982373046875,0.4996044921875,0.49924921875,0.4977638671875,0.4998779296875,0.4995310546875,0.4976794921875,0.4989591796875,0.49934296875,0.49294921875,0.49812421875,0.4964404296875,0.4974169921875,0.49914921875,0.4955466796875,0.4954875,0.4928748046875,0.4783419921875,0.4989591796875,0.4987810546875,0.494221875,0.4949373046875,0.4986544921875,0.4985888671875,0.4988419921875,0.4916310546875,0.485971875,0.48818046875,0.4983826171875,0.4978466796875,0.49435546875,0.4919513671875,0.48265546875,0.4983107421875,0.499996875,0.4962263671875,0.49487421875,0.498621875,0.4978466796875,0.47821171875,0.49689921875,0.4825388671875,0.4836873046875,0.4994091796875,0.49353046875,0.4998357421875,0.4964404296875,0.480496875,0.46716796875,0.4993875,0.4968,0.4953076171875,0.4963341796875,0.4989013671875,0.49958671875,0.4994091796875,0.4960060546875,0.497371875,0.49002421875,0.4969482421875,0.4970451171875,0.4954875,0.4997607421875,0.4989875,0.4977638671875,0.48311796875,0.4813513671875,0.49951171875,0.4852294921875,0.4975060546875,0.48195,0.4858669921875,0.4934591796875,0.4868982421875,0.49709296875,0.4868982421875,0.4843576171875,0.4945529296875,0.495,0.4895779296875,0.4965451171875,0.4919513671875,0.47209296875,0.49999296875,0.49560546875,0.49971796875,0.49875,0.4967498046875,0.4999669921875,0.48265546875,0.4999763671875,0.4828875,0.4942888671875,0.4981623046875,0.4852294921875,0.4964404296875,0.49881171875,0.495246875,0.49812421875,0.49998046875,0.4998357421875,0.498046875,0.498871875,0.4991232421875,0.4880841796875,0.4999904296875,0.4982,0.495,0.4999763671875,0.48576171875,0.4670076171875,0.4830029296875,0.499846875,0.4998576171875,0.496596875,0.4984529296875,0.4992732421875,0.4998576171875,0.4921091796875,0.49709296875,0.49812421875,0.48123046875,0.4930232421875,0.48856171875,0.49324296875,0.495246875,0.49934296875,0.49993671875,0.4955466796875,0.4941544921875,0.4872998046875,0.4993654296875,0.4928748046875,0.4731169921875,0.4540576171875,0.497371875,0.4989591796875,0.495721875,0.4975060546875,0.4999875,0.5,0.4862841796875,0.4997029296875,0.48930546875,0.48618046875,0.4999763671875,0.4997873046875,0.49536796875,0.4930232421875,0.4870998046875,0.499621875,0.4994919921875,0.4879875,0.4846875,0.4928748046875,0.49914921875,0.4999669921875,0.490546875,0.4941544921875,0.4999904296875,0.4897576171875,0.4886560546875,0.4999998046875,0.49827421875,0.4608,0.4997326171875,0.4982,0.49996171875,0.4963875,0.4986544921875,0.49560546875,0.48357421875,0.4975060546875,0.49512421875,0.49855546875,0.49827421875,0.49763671875,0.4998,0.4966482421875,0.4990154296875,0.4989591796875,0.4862841796875,0.487596875,0.4991232421875,0.4966482421875,0.4999904296875,0.4985888671875,0.49951171875,0.491871875,0.49827421875,0.498346875,0.4917919921875,0.4899357421875,0.4987810546875,0.4975935546875,0.485971875,0.4884669921875,0.4996044921875,0.49689921875,0.4850138671875,0.48,0.4980857421875,0.4999982421875,0.47821171875,0.498621875,0.499096875,0.49649296875,0.4999294921875,0.4930232421875,0.4945529296875,0.49763671875,0.483346875,0.48123046875,0.49395,0.49487421875,0.4997029296875,0.4983826171875,0.488371875,0.4994091796875,0.4969482421875,0.478471875,0.47355,0.4922654296875,0.4996044921875,0.4999982421875,0.47552421875,0.496596875,0.4986544921875,0.4701404296875,0.4870998046875,0.4998357421875,0.49951171875,0.48893671875,0.4983107421875,0.496171875,0.4989591796875,0.5,0.49728046875,0.4913044921875,0.49982421875,0.4994919921875,0.4685935546875,0.4998966796875,0.49536796875,0.49924921875,0.49487421875,0.49780546875,0.49071796875,0.44759296875,0.4993654296875,0.47974921875,0.4998123046875,0.49875,0.49536796875,0.4811091796875,0.4999763671875,0.49998046875,0.4991232421875,0.4990154296875,0.4997029296875,0.4990701171875,0.49977421875,0.4992,0.499471875,0.49881171875,0.4895779296875,0.4963341796875,0.4809875,0.4890294921875,0.49993671875,0.4886560546875,0.499971875,0.494746875,0.49689921875,0.49812421875,0.4998779296875,0.4992,0.49977421875,0.49924921875,0.4999294921875,0.49977421875,0.4984529296875,0.49996171875,0.48699921875,0.4863875,0.4992,0.4775544921875,0.47821171875,0.4948107421875,0.4999435546875,0.49914921875,0.4942888671875,0.4847966796875,0.4979279296875,0.4994091796875,0.498621875,0.495246875,0.4989591796875,0.4976794921875,0.49986796875,0.4986544921875,0.4987185546875,0.4992248046875,0.498871875,0.4996044921875,0.4983826171875,0.499921875,0.4997873046875,0.49995,0.4933154296875,0.489121875,0.4999875,0.4998875,0.499846875,0.4753857421875,0.48875,0.499296875,0.4989591796875,0.499096875,0.4701404296875,0.49105546875,0.4971404296875,0.494221875,0.4936013671875,0.49996171875,0.4994513671875,0.4998,0.4996388671875,0.4956638671875,0.499921875,0.4989591796875,0.4975935546875
0.4895779296875,0.4698341796875,0.4940185546875,0.4978466796875,0.4811091796875,0.49755,0.4996716796875,0.4931701171875,0.4990701171875,0.4995685546875,0.4630419921875,0.49264921875,0.4998875,0.4993875,0.49995,0.4946826171875,0.4973263671875,0.49512421875,0.471796875,0.4972341796875,0.4981623046875,0.489121875,0.4958935546875,0.4999669921875,0.49965546875,0.4477951171875,0.490546875,0.49914921875,0.4839123046875,0.4713498046875,0.49812421875,0.4998875,0.49171171875,0.4996044921875,0.4991748046875,0.497371875,0.4996044921875,0.4985216796875,0.4949373046875,0.4670076171875,0.499471875,0.49264921875,0.4906326171875,0.44759296875,0.4999294921875,0.4834607421875,0.49951171875,0.499096875,0.4992,0.480496875,0.4996044921875,0.49999296875,0.49536796875,0.4897576171875,0.4972341796875,0.4924201171875,0.496171875,0.4874982421875,0.4772888671875,0.49728046875,0.494746875,0.4994091796875,0.4902,0.4942888671875,0.4808654296875,0.499971875,0.49924921875,0.478471875,0.49855546875,0.4999138671875,0.4979279296875,0.48123046875,0.4734060546875,0.49986796875,0.4803732421875,0.4863875,0.4999669921875,0.4999560546875,0.49395,0.49812421875,0.49689921875,0.4999294921875,0.49841796875,0.47795,0.494746875,0.49435546875,0.49827421875,0.49977421875,0.4908029296875,0.4999294921875,0.4997326171875,0.48576171875,0.4879875,0.48024921875,0.49955,0.4874982421875,0.4998123046875,0.49728046875,0.4906326171875,0.4999951171875,0.4858669921875,0.498346875,0.49943046875,0.49951171875,0.499921875,0.4906326171875,0.4712,0.4994091796875,0.49234296875,0.49487421875,0.47326171875,0.4999763671875,0.4778185546875,0.49868671875,0.4909716796875,0.4951857421875,0.4841357421875,0.4989591796875,0.499971875,0.49955,0.4931701171875,0.49841796875,0.4998966796875,0.4813513671875,0.4858669921875,0.4984529296875,0.4930232421875,0.4998966796875,0.49904296875,0.49755,0.4847966796875,0.49264921875,0.4989591796875,0.4999904296875,0.48893671875,0.4993201171875,0.4999951171875,0.499971875,0.49763671875,0.49841796875,0.499471875,0.48618046875,0.49924921875,0.49965546875,0.48739921875,0.4967498046875,0.49951171875,0.4992,0.49841796875,0.48123046875,0.4960060546875,0.4989013671875,0.49002421875,0.4994091796875,0.4980857421875,0.48555,0.4992732421875,0.49728046875,0.489121875,0.46455546875,0.4965451171875,0.49560546875,0.4886560546875,0.4813513671875,0.4999294921875,0.4998875,0.4996044921875,0.4892138671875,0.4999904296875,0.49998046875,0.4902873046875,0.49628046875,0.4984529296875,0.49560546875,0.4967498046875,0.4999875,0.499921875,0.4985216796875,0.49512421875,0.4811091796875,0.49971796875,0.49955,0.48446796875,0.49934296875,0.49996171875,0.49977421875,0.495,0.4973263671875,0.49982421875,0.4981623046875,0.4999669921875,0.4998875,0.4999669921875,0.4990154296875,0.4998,0.4836873046875,0.49728046875,0.49395,0.4987185546875,0.48490546875,0.499996875,0.4989591796875,0.47496796875,0.499471875,0.4998875,0.49977421875,0.4998779296875,0.4868982421875,0.4968498046875,0.49628046875,0.49995,0.4762107421875,0.4798748046875,0.49812421875,0.4921875,0.499096875,0.48218671875,0.4964404296875,0.49881171875,0.4999998046875,0.49606171875,0.4996388671875,0.4993654296875,0.49977421875,0.499746875,0.4933154296875,0.4941544921875,0.4997873046875,0.49669921875,0.4997326171875,0.4870998046875,0.4999560546875,0.4609748046875,0.482421875,0.498046875,0.4933154296875,0.4957794921875,0.49893046875,0.4979279296875,0.4963875,0.493671875,0.4679638671875,0.4940185546875,0.4874982421875,0.4992732421875,0.4327013671875,0.4999998046875,0.4914685546875,0.4917919921875,0.4979279296875,0.49996171875,0.4868982421875,0.4862841796875,0.4890294921875,0.49955,0.4980857421875,0.4950623046875,0.47383671875,0.4789875,0.4913044921875,0.499471875,0.4830029296875,0.494746875,0.4934591796875,0.49996171875,0.49998046875,0.4940185546875,0.4991748046875,0.49203046875,0.49435546875,0.49904296875,0.4954279296875,0.4958935546875,0.4969482421875,0.49487421875,0.49689921875,0.4808654296875,0.4989875,0.4786013671875,0.4992248046875,0.496996875,0.4901123046875,0.496996875,0.49943046875,0.49977421875,0.4876951171875,0.4992732421875,0.485121875,0.49461796875,0.485121875,0.4969482421875,0.4978875,0.4951857421875,0.4996388671875,0.49105546875,0.4897576171875,0.4928748046875,0.4914685546875,0.49709296875,0.4890294921875,0.4974169921875,0.495,0.4938810546875,0.4894875,0.4876951171875,0.4930232421875,0.4989875,0.4759373046875,0.4992,0.4995310546875,0.4872,0.4770216796875,0.4982,0.49904296875,0.49875,0.4998357421875,0.49881171875,0.49955,0.4984529296875,0.4987185546875,0.4951857421875,0.4982,0.496171875,0.4996388671875,0.4911388671875,0.4971404296875,0.4946826171875,0.49993671875,0.49203046875,0.4985216796875,0.49934296875,0.4996044921875,0.4908029296875,0.4798748046875,0.4938810546875,0.49993671875,0.4917919921875,0.4927248046875,0.4884669921875,0.498621875,0.4906326171875,0.4999138671875,0.4997326171875,0.4982373046875,0.494746875,0.4704451171875,0.49955,0.4936013671875,0.4999763671875,0.4948107421875,0.4989591796875,0.49999296875,0.4965451171875,0.4921875,0.4994513671875,0.4931701171875,0.49893046875,0.4299216796875,0.4971404296875,0.49746171875,0.49914921875,0.4995310546875,0.4934591796875,0.4901123046875,0.49995,0.49995,0.487596875,0.4997873046875,0.4984529296875,0.4994919921875,0.49689921875,0.494221875,0.4999560546875,0.4893966796875,0.4985216796875,0.497721875,0.4983107421875,0.4942888671875,0.49595,0.4992732421875,0.4957794921875,0.4960060546875,0.49595,0.49875,0.48533671875,0.4909716796875,0.49595,0.4983826171875,0.4902,0.499096875,0.4986544921875,0.49560546875,0.49002421875,0.4941544921875,0.4899357421875,0.4975060546875,0.4937419921875,0.4975935546875,0.49881171875,0.4999951171875,0.4970451171875,0.4998,0.49324296875,0.4997607421875,0.46355,0.49924921875,0.49203046875,0.4989013671875,0.4987185546875,0.4989875,0.49071796875,0.4820685546875,0.49487421875,0.4985888671875,0.4961169921875,0.4536779296875,0.4996044921875,0.49583671875,0.49982421875,0.4999951171875,0.49943046875,0.49855546875,0.47268046875,0.4981623046875,0.49294921875,0.4997326171875,0.49408671875,0.4834607421875,0.4723875,0.48739921875,0.4983826171875,0.496171875,0.495,0.4983107421875,0.48,0.4723875,0.49381171875,0.4973263671875,0.4827716796875,0.4818310546875,0.4986544921875,0.4996388671875,0.4936013671875,0.498046875,0.498621875,0.4989591796875,0.4976794921875,0.4999763671875,0.4996875,0.4955466796875,0.4963875,0.49203046875,0.480496875,0.49993671875,0.4998576171875,0.4976794921875,0.48218671875,0.4970451171875,0.4979279296875,0.499921875,0.4971875,0.48856171875,0.4994091796875,0.48218671875,0.49408671875,0.4862841796875,0.4994919921875,0.49943046875,0.49487421875,0.49536796875,0.4825388671875,0.47029296875,0.4788591796875,0.4964404296875,0.4994919921875,0.48490546875,0.498621875,0.49628046875,0.4966482421875,0.4989875,0.4984875,0.4968498046875,0.48218671875,0.4978466796875,0.4780810546875,0.49560546875,0.4961169921875,0.4992248046875,0.4874982421875,0.4953076171875,0.49628046875,0.49746171875,0.49965546875,0.4999841796875,0.4643888671875,0.497371875,0.49755,0.49955,0.4839123046875,0.4951857421875,0.49955,0.4613232421875,0.4969482421875,0.4902,0.497371875,0.4951857421875,0.4581310546875,0.4999435546875,0.4977638671875,0.49628046875,0.4999951171875,0.4469841796875,0.4970451171875,0.4964404296875,0.4997607421875,0.4662,0.4982373046875,0.4996875,0.499921875,0.499471875,0.4908029296875,0.49955,0.4913044921875,0.4964404296875,0.4972341796875,0.48195,0.48533671875,0.48966796875,0.49105546875,0.4997873046875,0.4884669921875,0.4928748046875,0.49512421875,0.4989591796875,0.4734060546875,0.4965451171875,0.48818046875,0.4928,0.4996716796875,0.4879875,0.4999435546875,0.494746875,0.4919513671875,0.4960060546875,0.48618046875,0.491871875,0.4982373046875,0.485971875,0.4978466796875,0.4845779296875,0.48490546875,0.499971875,0.483346875,0.49855546875,0.46321171875,0.4872,0.49408671875,0.49971796875,0.4998966796875,0.49746171875,0.4973263671875,0.4996875,0.49037421875,0.4993654296875,0.49943046875,0.4999560546875,0.4994919921875,0.4999763671875,0.49606171875,0.498871875,0.4979279296875,0.4830029296875,0.499471875,0.494221875,0.4745466796875,0.4999560546875,0.4836873046875,0.48446796875,0.49875,0.4893966796875,0.4970451171875,0.497371875,0.49998046875,0.4960060546875,0.4999841796875,0.4971404296875,0.49071796875,0.4946826171875,0.4919513671875,0.4969482421875,0.4971875,0.4998,0.49993671875,0.4999763671875,0.49977421875,0.449596875,0.48311796875,0.48218671875,0.4956638671875,0.4878904296875,0.48930546875,0.4954875,0.4999560546875,0.499096875,0.4908029296875,0.4991748046875,0.4987185546875,0.4999763671875,0.49487421875,0.499746875,0.49536796875,0.4996044921875,0.4996388671875,0.4993875,0.48739921875,0.49943046875,0.4980857421875,0.49763671875,0.4999138671875,0.4982,0.4966482421875,0.4901123046875,0.4979279296875,0.4998875,0.4856560546875,0.4890294921875,0.4911388671875,0.48533671875,0.4999138671875,0.4936013671875,0.4964404296875,0.4908875,0.49986796875,0.49435546875,0.49669921875,0.494221875,0.49998046875,0.4758,0.4783419921875,0.4988419921875,0.4993201171875,0.4995685546875,0.4992248046875,0.4999904296875,0.49934296875,0.4904607421875,0.4919513671875,0.49728046875,0.4841357421875,0.49669921875,0.4993654296875,0.4928748046875,0.4827716796875,0.49993671875,0.49914921875,0.491871875,0.49881171875,0.4997326171875,0.49875,0.4888435546875,0.4917919921875,0.4991232421875,0.4972341796875,0.4999294921875,0.496596875,0.48490546875,0.49934296875,0.4846875,0.4984875,0.49977421875,0.4997326171875,0.49669921875,0.4998123046875,0.49875,0.4978466796875,0.4990701171875,0.49763671875,0.4925732421875,0.4983826171875,0.49461796875,0.49796796875,0.4975935546875,0.4960060546875,0.494221875,0.4909716796875,0.47821171875,0.49881171875,0.4978466796875,0.49461796875,0.4965451171875,0.497721875,0.499846875,0.4975060546875,0.489846875,0.4878904296875,0.4902,0.4968,0.4985888671875,0.49395,0.492496875,0.478471875,0.4994919921875,0.4997029296875,0.4940185546875,0.4964404296875,0.49812421875,0.497721875,0.47209296875,0.4940185546875,0.4839123046875,0.49002421875,0.4997873046875,0.4981623046875,0.4998576171875,0.4982,0.4828875,0.46716796875,0.49943046875,0.498046875,0.4906326171875,0.49689921875,0.499621875,0.499096875,0.4994919921875,0.4965451171875,0.49924921875,0.4815919921875,0.49606171875,0.4902,0.4966482421875,0.4990154296875,0.4992248046875,0.49796796875,0.485121875,0.483346875,0.4994091796875,0.4791154296875,0.4992732421875,0.48,0.4901123046875,0.4942888671875,0.4860763671875,0.4969482421875,0.4847966796875,0.4827716796875,0.49395,0.49669921875,0.4922654296875,0.49855546875,0.49461796875,0.4722404296875,0.4999560546875,0.4944216796875,0.4997326171875,0.4992732421875,0.498621875,0.4999763671875,0.47795,0.49998046875,0.4820685546875,0.4944875,0.49914921875,0.487596875,0.494221875,0.4996875,0.4978466796875,0.4987185546875,0.4998576171875,0.4999669921875,0.49763671875,0.49875,0.4992248046875,0.4914685546875,0.4998123046875,0.4980857421875,0.49381171875,0.4999982421875,0.4850138671875,0.46388671875,0.4789875,0.4999904296875,0.499996875,0.4978875,0.49881171875,0.49812421875,0.4998966796875,0.4916310546875,0.49606171875,0.4983107421875,0.4836873046875,0.4909716796875,0.4909716796875,0.4934591796875,0.4933875,0.4998357421875,0.4999560546875,0.4936013671875,0.49171171875,0.4886560546875,0.498046875,0.49171171875,0.4713498046875,0.4536779296875,0.4984529296875,0.4984529296875,0.4968498046875,0.496996875,0.4997607421875,0.49995,0.4852294921875,0.5,0.4872998046875,0.4858669921875,0.49999921875,0.4968498046875,0.49294921875,0.4924201171875,0.48195,0.49977421875,0.4993654296875,0.4895779296875,0.4843576171875,0.4963875,0.4992732421875,0.4999763671875,0.4930232421875,0.4945529296875,0.4996388671875,0.4878904296875,0.490546875,0.499921875,0.4994091796875,0.4623591796875,0.4986544921875,0.498046875,0.49995,0.49606171875,0.4989875,0.4924201171875,0.4836873046875,0.4968498046875,0.4948107421875,0.49709296875,0.4983107421875,0.4942888671875,0.4999763671875,0.4964404296875,0.4997873046875,0.49934296875,0.48576171875,0.4899357421875,0.499996875,0.49595,0.499296875,0.4975060546875,0.4999841796875,0.4914685546875,0.49943046875,0.4985888671875,0.49138671875,0.491221875,0.49763671875,0.4987810546875,0.48,0.4913044921875,0.4993875,0.49669921875,0.4839123046875,0.4796232421875,0.499471875,0.4999951171875,0.4778185546875,0.4994091796875,0.49943046875,0.4961169921875,0.49999921875,0.4928748046875,0.494221875,0.4969482421875,0.4838,0.481471875,0.4911388671875,0.4908875,0.4998875,0.49914921875,0.4872998046875,0.499746875,0.49914921875,0.48555,0.4707482421875,0.4927248046875,0.4969482421875,0.49977421875,0.4764826171875,0.49763671875,0.49943046875,0.4707482421875,0.4922654296875,0.499846875,0.4999560546875,0.491871875,0.4992732421875,0.4989875,0.4999904296875,0.499846875,0.49649296875,0.49649296875,0.4984529296875,0.4990154296875,0.4606248046875,0.49999921875,0.4951857421875,0.49951171875,0.4948107421875,0.4976794921875,0.48659296875,0.44513671875,0.49868671875,0.48218671875,0.4992732421875,0.4999138671875,0.49606171875,0.4830029296875,0.4998875,0.49881171875,0.4998875,0.4989591796875,0.49868671875,0.4981623046875,0.499846875,0.4999435546875,0.499971875,0.49855546875,0.4892138671875,0.4980076171875,0.482421875,0.4933154296875,0.49995,0.48779296875,0.499846875,0.495,0.498346875,0.49904296875,0.49998046875,0.4998779296875,0.4995310546875,0.499296875,0.499971875,0.49955,0.49827421875,0.4999435546875,0.4806201171875,0.48856171875,0.49924921875,0.47715546875,0.4806201171875,0.4949373046875,0.4999998046875,0.49977421875,0.4961169921875,0.4874982421875,0.49536796875,0.499471875,0.4971875,0.49560546875,0.49875,0.49914921875,0.4993875,0.4994513671875,0.497721875,0.499296875,0.4989875,0.4989013671875,0.4995685546875,0.4999951171875,0.4991748046875,0.499996875,0.4963341796875,0.4882763671875,0.49999296875,0.4999560546875,0.49993671875,0.4768875,0.4895779296875,0.498621875,0.499746875,0.4993875,0.4770216796875,0.4908875,0.49583671875,0.49408671875,0.496171875,0.4998,0.4996388671875,0.5,0.4978466796875,0.495,0.4999294921875,0.4985888671875,0.49709296875
0.4916310546875,0.4674875,0.4963341796875,0.49763671875,0.4862841796875,0.4967498046875,0.4995685546875,0.4924201171875,0.49951171875,0.4997029296875,0.46114921875,0.4894875,0.4999875,0.4991232421875,0.4998966796875,0.4931701171875,0.4979279296875,0.4934591796875,0.4731169921875,0.4984529296875,0.498621875,0.484246875,0.4954279296875,0.4998123046875,0.4980857421875,0.44262421875,0.4878904296875,0.4999435546875,0.4813513671875,0.46875,0.4990154296875,0.499996875,0.4909716796875,0.4990154296875,0.49709296875,0.496996875,0.49998046875,0.4996388671875,0.495721875,0.4602732421875,0.49999296875,0.4942888671875,0.4941544921875,0.437871875,0.499921875,0.4789875,0.4995310546875,0.4981623046875,0.4996044921875,0.48024921875,0.4987810546875,0.4998966796875,0.49395,0.4884669921875,0.49595,0.49583671875,0.4955466796875,0.49203046875,0.47440546875,0.4968,0.495,0.4984875,0.4930232421875,0.4941544921875,0.4783419921875,0.4999294921875,0.4972341796875,0.479496875,0.4983107421875,0.49986796875,0.49780546875,0.48618046875,0.4798748046875,0.498871875,0.4796232421875,0.4924201171875,0.4999138671875,0.499846875,0.4933154296875,0.49841796875,0.4990154296875,0.4995685546875,0.4972341796875,0.4815919921875,0.492496875,0.4944216796875,0.49689921875,0.4998576171875,0.4908875,0.4998123046875,0.49995,0.4845779296875,0.4904607421875,0.47661796875,0.499996875,0.4930232421875,0.4996716796875,0.4954279296875,0.4893966796875,0.49996171875,0.4880841796875,0.4997326171875,0.4979279296875,0.4996875,0.49982421875,0.4895779296875,0.4808654296875,0.4975060546875,0.4957794921875,0.49395,0.4710498046875,0.4998875,0.4698341796875,0.49868671875,0.490546875,0.4963341796875,0.4864904296875,0.4978875,0.4999875,0.49943046875,0.4902,0.49827421875,0.4998875,0.47552421875,0.4899357421875,0.4956638671875,0.4914685546875,0.4998,0.4975935546875,0.498046875,0.479496875,0.49203046875,0.4980857421875,0.49986796875,0.48555,0.4985216796875,0.4999435546875,0.4998,0.4985888671875,0.49965546875,0.49958671875,0.489121875,0.49780546875,0.498621875,0.49105546875,0.4965451171875,0.4991232421875,0.4986544921875,0.4985888671875,0.4808654296875,0.4936013671875,0.4974169921875,0.4880841796875,0.49763671875,0.499096875,0.4852294921875,0.4994919921875,0.4963875,0.49002421875,0.4666857421875,0.4949373046875,0.49583671875,0.49138671875,0.4854435546875,0.49958671875,0.4994513671875,0.4996044921875,0.4843576171875,0.4999763671875,0.4998357421875,0.49353046875,0.4958935546875,0.4970451171875,0.49606171875,0.4969482421875,0.499996875,0.4999951171875,0.4980076171875,0.49512421875,0.4806201171875,0.49958671875,0.4990701171875,0.4892138671875,0.4997873046875,0.4998357421875,0.4999998046875,0.4949373046875,0.49324296875,0.499996875,0.4981623046875,0.49965546875,0.4995310546875,0.4991748046875,0.49796796875,0.4997029296875,0.4906326171875,0.4957794921875,0.4928748046875,0.4993201171875,0.4872,0.4998779296875,0.4978466796875,0.47924296875,0.4992,0.4999875,0.49977421875,0.4989591796875,0.4872998046875,0.4982,0.49395,0.4999560546875,0.4751076171875,0.4864904296875,0.4987810546875,0.49138671875,0.499096875,0.4827716796875,0.4967498046875,0.49993671875,0.49996171875,0.49408671875,0.4992,0.4991232421875,0.4996875,0.5,0.4921875,0.4971875,0.49986796875,0.49812421875,0.49965546875,0.48930546875,0.4999841796875,0.45611796875,0.4828875,0.4975935546875,0.4963875,0.4931701171875,0.4994919921875,0.496596875,0.4975935546875,0.495,0.4581310546875,0.49628046875,0.484246875,0.499296875,0.4294529296875,0.4999294921875,0.49203046875,0.49381171875,0.4956638671875,0.49996171875,0.48555,0.4864904296875,0.49071796875,0.499846875,0.4983826171875,0.49395,0.47268046875,0.475246875,0.4914685546875,0.49924921875,0.4852294921875,0.49381171875,0.4942888671875,0.49993671875,0.4998576171875,0.4940185546875,0.4992248046875,0.4938810546875,0.49138671875,0.49924921875,0.4942888671875,0.4933154296875,0.4969482421875,0.49234296875,0.4986544921875,0.48265546875,0.49780546875,0.4820685546875,0.4983826171875,0.4967498046875,0.4888435546875,0.494746875,0.499096875,0.4995310546875,0.4904607421875,0.49943046875,0.48739921875,0.4969482421875,0.48357421875,0.4948107421875,0.4980857421875,0.4938810546875,0.4999951171875,0.4931701171875,0.4878904296875,0.4938810546875,0.489846875,0.495721875,0.486796875,0.496596875,0.495246875,0.494746875,0.4872,0.49002421875,0.4953076171875,0.49812421875,0.4762107421875,0.49868671875,0.4999560546875,0.488371875,0.4768875,0.4981623046875,0.4982,0.49812421875,0.4990701171875,0.4987810546875,0.4998576171875,0.4982373046875,0.49763671875,0.4980857421875,0.4955466796875,0.49649296875,0.4996716796875,0.48930546875,0.4958935546875,0.4904607421875,0.4999763671875,0.4911388671875,0.498346875,0.4995685546875,0.49965546875,0.49606171875,0.4823044921875,0.4948107421875,0.49943046875,0.4872998046875,0.4901123046875,0.48779296875,0.4993201171875,0.4913044921875,0.4975935546875,0.4995685546875,0.498046875,0.49536796875,0.47552421875,0.4999763671875,0.4928,0.4998966796875,0.4951857421875,0.4993875,0.4996044921875,0.4979279296875,0.4941544921875,0.4981623046875,0.495246875,0.49875,0.42443671875,0.498346875,0.4967498046875,0.4995685546875,0.4999435546875,0.4948107421875,0.49294921875,0.49982421875,0.49982421875,0.48739921875,0.4999435546875,0.498621875,0.49982421875,0.497371875,0.4938810546875,0.49977421875,0.4860763671875,0.49924921875,0.49461796875,0.4987810546875,0.4953076171875,0.4971875,0.49780546875,0.49780546875,0.49649296875,0.49595,0.499621875,0.47974921875,0.49381171875,0.49649296875,0.4982373046875,0.4937419921875,0.4990701171875,0.4972341796875,0.4946826171875,0.494221875,0.494746875,0.4925732421875,0.4993201171875,0.4904607421875,0.4971404296875,0.4978466796875,0.4999138671875,0.4957794921875,0.49998046875,0.4942888671875,0.4999875,0.466846875,0.4987810546875,0.48930546875,0.49955,0.49914921875,0.4962263671875,0.49071796875,0.48311796875,0.4931701171875,0.4975935546875,0.4950623046875,0.45386796875,0.4990701171875,0.4879875,0.4997029296875,0.4999669921875,0.49982421875,0.49982421875,0.4674875,0.49746171875,0.49138671875,0.49986796875,0.495246875,0.4843576171875,0.4734060546875,0.4892138671875,0.4982,0.4969482421875,0.493096875,0.4971404296875,0.47355,0.472971875,0.4924201171875,0.4971404296875,0.482421875,0.4843576171875,0.499296875,0.4996875,0.4954279296875,0.49841796875,0.4991748046875,0.499296875,0.49746171875,0.4999904296875,0.49998046875,0.49583671875,0.49595,0.4914685546875,0.48446796875,0.4994091796875,0.4991232421875,0.4971404296875,0.4815919921875,0.49628046875,0.4968498046875,0.4999560546875,0.49583671875,0.48779296875,0.499296875,0.4850138671875,0.4950623046875,0.4880841796875,0.4999294921875,0.499846875,0.4966482421875,0.4944875,0.4789875,0.4759373046875,0.47607421875,0.49796796875,0.499621875,0.4836873046875,0.4977638671875,0.4965451171875,0.4968498046875,0.49955,0.498871875,0.49512421875,0.47873046875,0.4983826171875,0.4748279296875,0.4968498046875,0.49171171875,0.4996716796875,0.4890294921875,0.4942888671875,0.49381171875,0.4989875,0.4991232421875,0.49958671875,0.46321171875,0.4995685546875,0.498621875,0.4986544921875,0.485121875,0.49395,0.49763671875,0.4570388671875,0.4966482421875,0.4902873046875,0.4981623046875,0.4963341796875,0.4505841796875,0.4997607421875,0.4977638671875,0.495721875,0.499296875,0.447996875,0.498346875,0.4944216796875,0.4990701171875,0.4673279296875,0.49841796875,0.4984529296875,0.4999951171875,0.499746875,0.4913044921875,0.4999875,0.4927248046875,0.4968,0.4957794921875,0.4789875,0.4854435546875,0.4944216796875,0.49203046875,0.499096875,0.4913044921875,0.49138671875,0.495721875,0.4992248046875,0.4742638671875,0.4963875,0.49037421875,0.491221875,0.499746875,0.49138671875,0.49958671875,0.4928748046875,0.492496875,0.491221875,0.48402421875,0.4919513671875,0.4992248046875,0.48779296875,0.4950623046875,0.48659296875,0.4879875,0.49914921875,0.48893671875,0.49855546875,0.4570388671875,0.48576171875,0.49512421875,0.4998123046875,0.49971796875,0.497721875,0.49435546875,0.4992,0.4901123046875,0.4994091796875,0.49855546875,0.4997873046875,0.499996875,0.499296875,0.4951857421875,0.4996716796875,0.4992248046875,0.4850138671875,0.49998046875,0.4938810546875,0.4786013671875,0.4999982421875,0.48555,0.4841357421875,0.4999294921875,0.4846875,0.4971875,0.4948107421875,0.499846875,0.497371875,0.4999982421875,0.4978466796875,0.4909716796875,0.4917919921875,0.4960060546875,0.4967498046875,0.49796796875,0.49958671875,0.4998966796875,0.49971796875,0.499971875,0.4503875,0.4793701171875,0.4856560546875,0.498346875,0.4838,0.48893671875,0.4975935546875,0.49990546875,0.4984875,0.4922654296875,0.4994091796875,0.4974169921875,0.4999904296875,0.49560546875,0.499096875,0.494746875,0.4992,0.49943046875,0.498621875,0.4880841796875,0.4993201171875,0.4994513671875,0.498871875,0.4999998046875,0.49595,0.49709296875,0.4913044921875,0.49487421875,0.4991748046875,0.479496875,0.4858669921875,0.493671875,0.4884669921875,0.49924921875,0.4941544921875,0.49689921875,0.4924201171875,0.49934296875,0.4976794921875,0.49669921875,0.4951857421875,0.4999138671875,0.4775544921875,0.4753857421875,0.49996171875,0.4994919921875,0.4994919921875,0.499471875,0.499971875,0.49796796875,0.48966796875,0.4925732421875,0.49606171875,0.4827716796875,0.4977638671875,0.4997607421875,0.49583671875,0.4841357421875,0.4992732421875,0.49893046875,0.4949373046875,0.4980857421875,0.49881171875,0.49934296875,0.4858669921875,0.49234296875,0.4990701171875,0.49649296875,0.4995685546875,0.49171171875,0.4872,0.4997873046875,0.4856560546875,0.4990701171875,0.4999435546875,0.4987810546875,0.4966482421875,0.49958671875,0.4989591796875,0.4989591796875,0.4989591796875,0.4984875,0.4906326171875,0.4985888671875,0.4982,0.4955466796875,0.49934296875,0.4987185546875,0.4922654296875,0.4911388671875,0.4808654296875,0.4982,0.4975060546875,0.4969482421875,0.4969482421875,0.4971875,0.4992732421875,0.49881171875,0.49002421875,0.4838,0.4913044921875,0.4984875,0.498046875,0.4928748046875,0.4921091796875,0.4803732421875,0.4984529296875,0.4999841796875,0.4954875,0.49487421875,0.4972341796875,0.4985888671875,0.47715546875,0.4933875,0.4846875,0.48576171875,0.4999904296875,0.4973263671875,0.4996716796875,0.495721875,0.4823044921875,0.4698341796875,0.49904296875,0.4963875,0.49583671875,0.495,0.4998779296875,0.4982,0.4999138671875,0.4975935546875,0.49893046875,0.4847966796875,0.4979279296875,0.49264921875,0.49689921875,0.4982,0.49943046875,0.4978875,0.4823044921875,0.483346875,0.49893046875,0.48123046875,0.49924921875,0.482421875,0.4876951171875,0.4960060546875,0.485121875,0.498046875,0.489846875,0.4839123046875,0.496996875,0.497371875,0.4909716796875,0.4978875,0.4902,0.4759373046875,0.4998966796875,0.4944216796875,0.4999294921875,0.49904296875,0.4982373046875,0.49841796875,0.4758,0.4997873046875,0.4846875,0.49461796875,0.49914921875,0.4916310546875,0.49105546875,0.49986796875,0.4968498046875,0.4991748046875,0.5,0.499471875,0.4980857421875,0.4998875,0.4991232421875,0.4916310546875,0.4999998046875,0.4979279296875,0.49105546875,0.4999998046875,0.4874982421875,0.46875,0.4798748046875,0.4999998046875,0.49971796875,0.49755,0.4991748046875,0.4980076171875,0.499921875,0.4892138671875,0.4977638671875,0.4996388671875,0.48402421875,0.4911388671875,0.4925732421875,0.49461796875,0.49512421875,0.49996171875,0.49971796875,0.49536796875,0.490546875,0.4892138671875,0.49746171875,0.49138671875,0.46875,0.4529138671875,0.4982373046875,0.4965451171875,0.4953076171875,0.49583671875,0.49999921875,0.4999669921875,0.484246875,0.4999435546875,0.4858669921875,0.4830029296875,0.4998357421875,0.4934591796875,0.4925732421875,0.4922654296875,0.482421875,0.49996171875,0.49990546875,0.4886560546875,0.4818310546875,0.4962263671875,0.4992248046875,0.49958671875,0.49294921875,0.4942888671875,0.49868671875,0.489846875,0.4878904296875,0.4998,0.4999951171875,0.464221875,0.4979279296875,0.49669921875,0.499746875,0.49689921875,0.498346875,0.4941544921875,0.4882763671875,0.49763671875,0.49461796875,0.49560546875,0.4978466796875,0.4931701171875,0.4998576171875,0.4963341796875,0.4997607421875,0.4990701171875,0.48818046875,0.4893966796875,0.4995685546875,0.4948107421875,0.499996875,0.4975060546875,0.4999875,0.4917919921875,0.4999669921875,0.49914921875,0.4902873046875,0.4921875,0.4953076171875,0.49381171875,0.48195,0.490546875,0.49986796875,0.4980076171875,0.48123046875,0.4783419921875,0.4999669921875,0.4998875,0.47821171875,0.49986796875,0.4994091796875,0.4961169921875,0.499846875,0.497371875,0.49381171875,0.49689921875,0.4879875,0.4770216796875,0.49234296875,0.48966796875,0.499296875,0.4992732421875,0.48618046875,0.49982421875,0.499096875,0.4796232421875,0.4759373046875,0.494221875,0.49560546875,0.4999138671875,0.4759373046875,0.4983107421875,0.4993654296875,0.4689060546875,0.4894875,0.4999435546875,0.4997873046875,0.4888435546875,0.4994091796875,0.4975935546875,0.4999982421875,0.4984875,0.4980076171875,0.4981623046875,0.49827421875,0.499846875,0.46968046875,0.49998046875,0.492496875,0.4999841796875,0.4950623046875,0.4950623046875,0.4904607421875,0.4407029296875,0.4971404296875,0.4845779296875,0.49904296875,0.49999296875,0.4933154296875,0.4820685546875,0.4990154296875,0.4980076171875,0.49965546875,0.499971875,0.4992732421875,0.4951857421875,0.4999841796875,0.49934296875,0.49993671875,0.4968,0.484246875,0.4981623046875,0.479496875,0.489846875,0.4999138671875,0.49105546875,0.4997607421875,0.4975060546875,0.498621875,0.4987810546875,0.4992,0.49996171875,0.49875,0.49998046875,0.49943046875,0.4995310546875,0.49649296875,0.4999560546875,0.48893671875,0.48875,0.4989875,0.47661796875,0.4866951171875,0.4937419921875,0.4994513671875,0.4996388671875,0.4951857421875,0.4836873046875,0.49324296875,0.49990546875,0.4980857421875,0.49461796875,0.49875,0.4991748046875,0.4996388671875,0.4983826171875,0.4992248046875,0.498346875,0.4991748046875,0.4998,0.4991748046875,0.499971875,0.4994919921875,0.49996171875,0.49435546875,0.48893671875,0.4999951171875,0.49999296875,0.499996875,0.47768671875,0.487596875,0.4989013671875,0.4997873046875,0.4995685546875,0.4725341796875,0.49408671875,0.496996875,0.4956638671875,0.4963341796875,0.49998046875,0.49924921875,0.4994919921875,0.49780546875,0.4970451171875,0.4978875,0.4997326171875,0.498346875
0.4895779296875,0.4653826171875,0.4955466796875,0.4968498046875,0.484246875,0.4979279296875,0.499296875,0.4933875,0.499296875,0.499921875,0.46044921875,0.4909716796875,0.499971875,0.4983826171875,0.49977421875,0.48875,0.4993654296875,0.4953076171875,0.4685935546875,0.49893046875,0.4981623046875,0.4880841796875,0.4957794921875,0.4997326171875,0.49943046875,0.4367654296875,0.4879875,0.49943046875,0.4823044921875,0.4660373046875,0.4983107421875,0.49971796875,0.49203046875,0.4989591796875,0.4983107421875,0.4963875,0.49934296875,0.498871875,0.4958935546875,0.46184296875,0.5,0.49155,0.4916310546875,0.4424123046875,0.4999841796875,0.4845779296875,0.4994091796875,0.4984529296875,0.4999138671875,0.4834607421875,0.4975060546875,0.499621875,0.4968498046875,0.4904607421875,0.49628046875,0.4974169921875,0.4942888671875,0.492496875,0.4832326171875,0.4980076171875,0.49353046875,0.499096875,0.4949373046875,0.4948107421875,0.48074296875,0.4993654296875,0.49875,0.4806201171875,0.49669921875,0.4999138671875,0.4972341796875,0.48533671875,0.47149921875,0.4984875,0.4788591796875,0.490546875,0.49995,0.49986796875,0.4945529296875,0.4975935546875,0.49904296875,0.499971875,0.49796796875,0.48311796875,0.49649296875,0.49461796875,0.4962263671875,0.49986796875,0.4948107421875,0.4992732421875,0.498621875,0.4836873046875,0.4895779296875,0.4778185546875,0.49951171875,0.49264921875,0.49999296875,0.4973263671875,0.489846875,0.4999560546875,0.4902,0.4995685546875,0.4989013671875,0.49995,0.49996171875,0.48555,0.4775544921875,0.498621875,0.4930232421875,0.4909716796875,0.4723875,0.499971875,0.471796875,0.498871875,0.491221875,0.49628046875,0.4852294921875,0.49881171875,0.4998875,0.4998357421875,0.4944875,0.4975935546875,0.499971875,0.468121875,0.4879875,0.49628046875,0.49294921875,0.4988419921875,0.49841796875,0.4987810546875,0.47873046875,0.49264921875,0.4968498046875,0.4999875,0.4860763671875,0.49841796875,0.4999841796875,0.49999296875,0.499096875,0.4999763671875,0.4991232421875,0.48402421875,0.49709296875,0.499746875,0.4944216796875,0.4949373046875,0.49951171875,0.49746171875,0.4996044921875,0.48024921875,0.495,0.4989013671875,0.48490546875,0.496996875,0.499746875,0.48171171875,0.4987810546875,0.4971875,0.48739921875,0.4627013671875,0.4942888671875,0.497721875,0.493096875,0.4823044921875,0.4998779296875,0.499971875,0.499746875,0.49171171875,0.4999982421875,0.4999560546875,0.49512421875,0.4951857421875,0.49560546875,0.49728046875,0.4946826171875,0.49977421875,0.4998779296875,0.49689921875,0.496171875,0.488371875,0.4979279296875,0.4987185546875,0.49002421875,0.49986796875,0.5,0.4996716796875,0.49002421875,0.49628046875,0.4999669921875,0.49982421875,0.49971796875,0.49971796875,0.499746875,0.498871875,0.4993201171875,0.48659296875,0.49595,0.4928748046875,0.49875,0.4868982421875,0.4999951171875,0.496596875,0.4818310546875,0.4971404296875,0.4998357421875,0.4997607421875,0.4978875,0.48779296875,0.495721875,0.49234296875,0.4995310546875,0.4710498046875,0.4886560546875,0.4985888671875,0.4928,0.4986544921875,0.4863875,0.49595,0.4998779296875,0.4998,0.4945529296875,0.49827421875,0.4991748046875,0.4988419921875,0.4994513671875,0.49105546875,0.495246875,0.4995685546875,0.498346875,0.49990546875,0.49294921875,0.4997029296875,0.457221875,0.4845779296875,0.4991232421875,0.4976794921875,0.49171171875,0.49881171875,0.4978466796875,0.494746875,0.49461796875,0.4609748046875,0.4944216796875,0.486796875,0.4996388671875,0.42827421875,0.4999951171875,0.49395,0.4927248046875,0.49435546875,0.4991232421875,0.4856560546875,0.4872,0.4901123046875,0.4997029296875,0.49763671875,0.4970451171875,0.46455546875,0.476346875,0.495,0.4994919921875,0.4789875,0.49512421875,0.49560546875,0.4998123046875,0.4997873046875,0.49435546875,0.49934296875,0.4925732421875,0.4944875,0.4993654296875,0.49649296875,0.4945529296875,0.49628046875,0.49435546875,0.49881171875,0.48618046875,0.4982,0.4872998046875,0.4994091796875,0.4976794921875,0.48779296875,0.4954875,0.499996875,0.4999998046875,0.4902873046875,0.49780546875,0.49037421875,0.4960060546875,0.48218671875,0.4950623046875,0.4982373046875,0.4946826171875,0.49995,0.494746875,0.485121875,0.4946826171875,0.4872,0.4979279296875,0.48195,0.4963341796875,0.49353046875,0.49435546875,0.4894875,0.4934591796875,0.49264921875,0.4984529296875,0.4753857421875,0.49669921875,0.4996044921875,0.4884669921875,0.4796232421875,0.4982,0.496596875,0.4969482421875,0.49965546875,0.499296875,0.49951171875,0.4994919921875,0.49746171875,0.49971796875,0.49560546875,0.49728046875,0.498871875,0.4894875,0.49583671875,0.4928748046875,0.49982421875,0.4854435546875,0.4999998046875,0.49982421875,0.499621875,0.4933154296875,0.4834607421875,0.4942888671875,0.49841796875,0.49155,0.4902873046875,0.48446796875,0.49728046875,0.4902873046875,0.4979279296875,0.4998,0.4967498046875,0.4928,0.4778185546875,0.4997029296875,0.4936013671875,0.4994091796875,0.49138671875,0.4996388671875,0.49996171875,0.4989591796875,0.49381171875,0.4987810546875,0.4944216796875,0.4999875,0.4219875,0.4982373046875,0.4964404296875,0.49993671875,0.4997029296875,0.4934591796875,0.4921875,0.4999875,0.4998875,0.4862841796875,0.4992248046875,0.499471875,0.4996044921875,0.49628046875,0.4962263671875,0.4998357421875,0.485121875,0.498346875,0.4928748046875,0.4993654296875,0.4969482421875,0.496996875,0.4975060546875,0.4969482421875,0.4974169921875,0.4975060546875,0.4998576171875,0.47661796875,0.4968498046875,0.4961169921875,0.4955466796875,0.4933875,0.4971404296875,0.4986544921875,0.496596875,0.4919513671875,0.49709296875,0.49138671875,0.4990701171875,0.495721875,0.49689921875,0.4962263671875,0.499971875,0.4975060546875,0.499996875,0.49536796875,0.499846875,0.4609748046875,0.499471875,0.4906326171875,0.49924921875,0.49965546875,0.496596875,0.48576171875,0.4710498046875,0.4941544921875,0.4982373046875,0.4948107421875,0.4501904296875,0.49943046875,0.4924201171875,0.4998123046875,0.4994091796875,0.4998576171875,0.499471875,0.46114921875,0.4984875,0.4945529296875,0.4999669921875,0.4969482421875,0.4820685546875,0.4713498046875,0.4843576171875,0.4989875,0.4950623046875,0.493671875,0.4981623046875,0.4780810546875,0.4778185546875,0.4882763671875,0.4978466796875,0.48555,0.48123046875,0.4989591796875,0.4994513671875,0.4970451171875,0.4988419921875,0.4993201171875,0.4987810546875,0.4980857421875,0.4998779296875,0.4998875,0.4955466796875,0.4956638671875,0.489846875,0.48,0.49827421875,0.4999951171875,0.4970451171875,0.4808654296875,0.4967498046875,0.497721875,0.4991748046875,0.49353046875,0.4888435546875,0.4998123046875,0.483346875,0.495721875,0.4880841796875,0.49996171875,0.4997607421875,0.4969482421875,0.49649296875,0.4825388671875,0.4796232421875,0.481471875,0.4989013671875,0.4994513671875,0.4838,0.4990154296875,0.4949373046875,0.4944875,0.49965546875,0.4984875,0.4972341796875,0.4759373046875,0.4984875,0.47768671875,0.496996875,0.49395,0.49996171875,0.48966796875,0.49560546875,0.4960060546875,0.4989875,0.49812421875,0.4999875,0.4574044921875,0.4999841796875,0.4988419921875,0.499296875,0.4866951171875,0.49512421875,0.49780546875,0.45795,0.4971404296875,0.492496875,0.4985216796875,0.49408671875,0.451171875,0.4999951171875,0.4970451171875,0.4963875,0.4994919921875,0.4505841796875,0.4990154296875,0.492496875,0.49904296875,0.465546875,0.4984529296875,0.4990154296875,0.4999669921875,0.4993875,0.49037421875,0.49955,0.4944216796875,0.4944216796875,0.49353046875,0.48402421875,0.4846875,0.4908029296875,0.49105546875,0.49971796875,0.491221875,0.4924201171875,0.4950623046875,0.4994091796875,0.4722404296875,0.495721875,0.48893671875,0.4897576171875,0.4998779296875,0.4931701171875,0.4998966796875,0.49435546875,0.4921091796875,0.494746875,0.481471875,0.4879875,0.4987185546875,0.4830029296875,0.4967498046875,0.4879875,0.48818046875,0.4977638671875,0.4886560546875,0.49780546875,0.46521796875,0.4880841796875,0.49264921875,0.49943046875,0.49982421875,0.49875,0.495246875,0.4991748046875,0.4908029296875,0.4995685546875,0.4978466796875,0.4999904296875,0.4999669921875,0.4996716796875,0.49461796875,0.49893046875,0.4969482421875,0.482421875,0.4999904296875,0.4934591796875,0.478471875,0.49998046875,0.4880841796875,0.4828875,0.4998576171875,0.4832326171875,0.49958671875,0.4950623046875,0.499996875,0.49855546875,0.4996716796875,0.496996875,0.4914685546875,0.4951857421875,0.49796796875,0.496996875,0.4990701171875,0.49999921875,0.4998576171875,0.4997029296875,0.4998123046875,0.45758671875,0.4820685546875,0.48576171875,0.499296875,0.483346875,0.4893966796875,0.4967498046875,0.4999435546875,0.4966482421875,0.49435546875,0.49914921875,0.497371875,0.499471875,0.49689921875,0.49965546875,0.49435546875,0.49881171875,0.499096875,0.49841796875,0.48555,0.4992248046875,0.4999294921875,0.4985216796875,0.4998966796875,0.4980076171875,0.4964404296875,0.4908875,0.4933875,0.4992248046875,0.476346875,0.485121875,0.49264921875,0.4868982421875,0.499621875,0.4924201171875,0.49606171875,0.4878904296875,0.499471875,0.4987185546875,0.496996875,0.49395,0.4998123046875,0.47355,0.4748279296875,0.49971796875,0.4980076171875,0.4999138671875,0.4993201171875,0.49955,0.496171875,0.4922654296875,0.49353046875,0.4963875,0.4818310546875,0.4956638671875,0.4996875,0.4975060546875,0.48533671875,0.4994919921875,0.498046875,0.494221875,0.4987185546875,0.49841796875,0.4975060546875,0.48618046875,0.48875,0.4991232421875,0.49353046875,0.49986796875,0.49381171875,0.4809875,0.49914921875,0.48576171875,0.498621875,0.4997607421875,0.4983107421875,0.4931701171875,0.4991232421875,0.49914921875,0.4982,0.4985216796875,0.4975060546875,0.493096875,0.4985216796875,0.497371875,0.4963875,0.4984875,0.4984529296875,0.49138671875,0.4927248046875,0.4772888671875,0.4988419921875,0.4978875,0.49583671875,0.49763671875,0.4973263671875,0.4994091796875,0.49875,0.4890294921875,0.4850138671875,0.4836873046875,0.4991748046875,0.4976794921875,0.4917919921875,0.48875,0.4778185546875,0.4970451171875,0.4999982421875,0.49461796875,0.495721875,0.4957794921875,0.49868671875,0.47795,0.48966796875,0.4827716796875,0.4872998046875,0.4999998046875,0.49381171875,0.4999875,0.49796796875,0.4813513671875,0.4673279296875,0.4988419921875,0.4957794921875,0.492496875,0.4925732421875,0.4996875,0.496996875,0.4999138671875,0.4981623046875,0.4990154296875,0.48576171875,0.4960060546875,0.49105546875,0.494221875,0.4987810546875,0.49875,0.49763671875,0.47209296875,0.4753857421875,0.49796796875,0.4731169921875,0.4998123046875,0.4815919921875,0.4845779296875,0.49780546875,0.4864904296875,0.49780546875,0.48966796875,0.4801248046875,0.4941544921875,0.498621875,0.4882763671875,0.49868671875,0.490546875,0.4788591796875,0.4993654296875,0.4941544921875,0.4999951171875,0.498346875,0.49827421875,0.4984529296875,0.470596875,0.49958671875,0.4793701171875,0.4931701171875,0.4987810546875,0.49264921875,0.4919513671875,0.49999921875,0.495246875,0.4979279296875,0.49971796875,0.49893046875,0.49780546875,0.4996875,0.499096875,0.4944875,0.4997873046875,0.4985216796875,0.4921091796875,0.49993671875,0.48533671875,0.4695263671875,0.4791154296875,0.4994919921875,0.4992732421875,0.49796796875,0.49855546875,0.4985216796875,0.49996171875,0.4872,0.4962263671875,0.499621875,0.48618046875,0.49171171875,0.49435546875,0.4930232421875,0.496171875,0.49998046875,0.499471875,0.4942888671875,0.4890294921875,0.4919513671875,0.496171875,0.491221875,0.476346875,0.46455546875,0.49755,0.4987185546875,0.49536796875,0.4945529296875,0.4993875,0.49904296875,0.48699921875,0.49955,0.489121875,0.4828875,0.499921875,0.4941544921875,0.49234296875,0.49512421875,0.48576171875,0.49965546875,0.4999841796875,0.48555,0.481471875,0.494746875,0.4989875,0.4999763671875,0.4954875,0.4942888671875,0.4993201171875,0.48856171875,0.4884669921875,0.49999921875,0.49934296875,0.462871875,0.4963341796875,0.4979279296875,0.4997607421875,0.4936013671875,0.49780546875,0.4924201171875,0.4838,0.4985216796875,0.4945529296875,0.4948107421875,0.4992248046875,0.49628046875,0.49965546875,0.4951857421875,0.4991748046875,0.49881171875,0.4858669921875,0.4921091796875,0.49904296875,0.4972341796875,0.49998046875,0.49827421875,0.499096875,0.4955466796875,0.4971404296875,0.49971796875,0.4911388671875,0.49294921875,0.49487421875,0.4967498046875,0.4796232421875,0.4946826171875,0.4990701171875,0.4963341796875,0.486796875,0.4788591796875,0.499921875,0.49943046875,0.48024921875,0.4996875,0.4991232421875,0.4966482421875,0.499621875,0.49560546875,0.4927248046875,0.4966482421875,0.4894875,0.47873046875,0.49105546875,0.4892138671875,0.49958671875,0.499296875,0.48618046875,0.4998123046875,0.49868671875,0.479496875,0.4699875,0.4938810546875,0.4988419921875,0.4999841796875,0.4734060546875,0.498346875,0.4986544921875,0.4745466796875,0.4874982421875,0.4999763671875,0.49999296875,0.4888435546875,0.4989591796875,0.4987810546875,0.498871875,0.49977421875,0.4962263671875,0.4951857421875,0.4984875,0.4998123046875,0.46968046875,0.4998576171875,0.4902873046875,0.49993671875,0.4921091796875,0.4969482421875,0.4864904296875,0.45078046875,0.4999294921875,0.48195,0.49958671875,0.4999138671875,0.494221875,0.4872998046875,0.49868671875,0.49796796875,0.499471875,0.499621875,0.4996388671875,0.4950623046875,0.49982421875,0.4990154296875,0.49986796875,0.4987185546875,0.48779296875,0.49943046875,0.47821171875,0.491221875,0.49996171875,0.48893671875,0.49995,0.49649296875,0.49904296875,0.4985216796875,0.4999435546875,0.4999294921875,0.49875,0.4999138671875,0.49958671875,0.499846875,0.4975060546875,0.4996875,0.4894875,0.48875,0.499296875,0.4704451171875,0.48576171875,0.4916310546875,0.4997029296875,0.49904296875,0.49796796875,0.48533671875,0.4940185546875,0.4999669921875,0.49855546875,0.4944875,0.4995685546875,0.4992732421875,0.4997607421875,0.4986544921875,0.4975060546875,0.4956638671875,0.4977638671875,0.499096875,0.4996716796875,0.4999982421875,0.49995,0.49982421875,0.4954875,0.4913044921875,0.49999921875,0.499746875,0.49943046875,0.4759373046875,0.48555,0.4990701171875,0.499471875,0.49995,0.472971875,0.4949373046875,0.4968,0.4974169921875,0.49755,0.4999998046875,0.4997029296875,0.4998123046875,0.499096875,0.4942888671875,0.4987810546875,0.4985216796875,0.4984529296875
0.488371875,0.4621875,0.4964404296875,0.4972341796875,0.483346875,0.4984529296875,0.499971875,0.4944216796875,0.49893046875,0.49993671875,0.4627013671875,0.489121875,0.4998875,0.49827421875,0.4990154296875,0.4894875,0.4987185546875,0.4946826171875,0.47209296875,0.49868671875,0.496996875,0.48739921875,0.498046875,0.4996388671875,0.4987810546875,0.44005546875,0.48779296875,0.49763671875,0.4825388671875,0.4670076171875,0.4982,0.49993671875,0.4902,0.499296875,0.496171875,0.4949373046875,0.499996875,0.4978466796875,0.4954279296875,0.4606248046875,0.49999296875,0.49171171875,0.4911388671875,0.443046875,0.4999875,0.48446796875,0.4986544921875,0.4996875,0.4994513671875,0.4854435546875,0.4949373046875,0.4998875,0.494221875,0.4934591796875,0.4954875,0.498046875,0.4941544921875,0.4916310546875,0.4811091796875,0.49904296875,0.49487421875,0.4996875,0.49487421875,0.49669921875,0.4860763671875,0.499471875,0.4981623046875,0.47661796875,0.49755,0.4999138671875,0.49746171875,0.4830029296875,0.4786013671875,0.4996716796875,0.48,0.48893671875,0.49993671875,0.4999763671875,0.49353046875,0.49841796875,0.4996875,0.499846875,0.4968498046875,0.48171171875,0.4957794921875,0.4936013671875,0.4983107421875,0.4998576171875,0.4908875,0.49924921875,0.4993201171875,0.4809875,0.4890294921875,0.478471875,0.49982421875,0.4949373046875,0.499921875,0.49796796875,0.4922654296875,0.49924921875,0.4927248046875,0.49904296875,0.4982373046875,0.49934296875,0.4999982421875,0.4806201171875,0.480496875,0.4990701171875,0.49037421875,0.4892138671875,0.46652421875,0.4999841796875,0.475246875,0.49595,0.4917919921875,0.49381171875,0.48402421875,0.49977421875,0.49881171875,0.4999138671875,0.49435546875,0.497721875,0.4999669921875,0.4746875,0.4940185546875,0.496996875,0.49264921875,0.498621875,0.498621875,0.4963875,0.48195,0.4954875,0.4954279296875,0.4998875,0.48265546875,0.49924921875,0.4990701171875,0.499996875,0.49951171875,0.4998,0.4983107421875,0.4899357421875,0.4974169921875,0.4998123046875,0.4931701171875,0.4954279296875,0.4999904296875,0.49763671875,0.4981623046875,0.47821171875,0.49628046875,0.49763671875,0.484246875,0.4978875,0.4983826171875,0.4856560546875,0.499471875,0.496596875,0.4879875,0.4643888671875,0.4927248046875,0.4985216796875,0.49395,0.4815919921875,0.4993201171875,0.49999296875,0.4981623046875,0.48966796875,0.49993671875,0.4995685546875,0.4916310546875,0.4949373046875,0.4956638671875,0.4971404296875,0.496171875,0.499846875,0.4994091796875,0.4979279296875,0.49841796875,0.48576171875,0.49881171875,0.4998576171875,0.48875,0.49934296875,0.49999921875,0.4998123046875,0.4944875,0.49536796875,0.499996875,0.4994091796875,0.49904296875,0.4996388671875,0.4999294921875,0.4987185546875,0.499971875,0.49037421875,0.49512421875,0.4925732421875,0.4994919921875,0.4876951171875,0.49986796875,0.4981623046875,0.4728263671875,0.49763671875,0.49986796875,0.499971875,0.4968,0.4803732421875,0.4922654296875,0.49560546875,0.4998576171875,0.4734060546875,0.49171171875,0.4999294921875,0.49234296875,0.498046875,0.48265546875,0.4982373046875,0.4998357421875,0.4998779296875,0.4954279296875,0.4994513671875,0.49868671875,0.4991748046875,0.4997607421875,0.490546875,0.49487421875,0.49986796875,0.49868671875,0.4999841796875,0.4892138671875,0.4998,0.45758671875,0.483346875,0.49893046875,0.4974169921875,0.49324296875,0.4993654296875,0.49628046875,0.4950623046875,0.49606171875,0.46906171875,0.49381171875,0.4878904296875,0.4998576171875,0.426846875,0.4994919921875,0.493671875,0.4944875,0.4956638671875,0.4999669921875,0.4839123046875,0.48739921875,0.4904607421875,0.4999875,0.49841796875,0.4977638671875,0.4742638671875,0.47383671875,0.4941544921875,0.4997326171875,0.48357421875,0.49294921875,0.4954279296875,0.4999138671875,0.4989591796875,0.49709296875,0.49943046875,0.4941544921875,0.493671875,0.4980076171875,0.4954279296875,0.4936013671875,0.4942888671875,0.491221875,0.4990154296875,0.4870998046875,0.49812421875,0.4839123046875,0.4991232421875,0.4983107421875,0.48265546875,0.49595,0.49990546875,0.499921875,0.49203046875,0.4992248046875,0.4888435546875,0.495721875,0.48357421875,0.49746171875,0.4978875,0.4940185546875,0.4995310546875,0.4948107421875,0.48930546875,0.4958935546875,0.49002421875,0.493671875,0.4827716796875,0.4938810546875,0.49264921875,0.4940185546875,0.484246875,0.4930232421875,0.49560546875,0.498621875,0.47661796875,0.4975060546875,0.4996388671875,0.4893966796875,0.4845779296875,0.4980076171875,0.497371875,0.4948107421875,0.499746875,0.499746875,0.49965546875,0.4978466796875,0.49881171875,0.4996875,0.49512421875,0.4975935546875,0.49841796875,0.4879875,0.4973263671875,0.4949373046875,0.4998357421875,0.4852294921875,0.4999138671875,0.4992,0.4991232421875,0.49606171875,0.4868982421875,0.4960060546875,0.4985888671875,0.4908029296875,0.49105546875,0.4788591796875,0.49595,0.48699921875,0.49689921875,0.499746875,0.49595,0.4942888671875,0.4762107421875,0.49977421875,0.4921875,0.499846875,0.493671875,0.499471875,0.4998123046875,0.49855546875,0.4913044921875,0.4968498046875,0.493096875,0.4999435546875,0.4217404296875,0.498046875,0.496171875,0.4996716796875,0.4989591796875,0.4949373046875,0.4909716796875,0.4993875,0.49977421875,0.4852294921875,0.4991232421875,0.4993654296875,0.49827421875,0.4982373046875,0.4960060546875,0.4996716796875,0.48875,0.49955,0.4944875,0.4999982421875,0.495246875,0.497371875,0.4971875,0.496996875,0.4954875,0.4962263671875,0.4995310546875,0.47715546875,0.49395,0.49649296875,0.4980857421875,0.49203046875,0.49728046875,0.49996171875,0.4965451171875,0.48893671875,0.49649296875,0.4906326171875,0.4981623046875,0.4930232421875,0.49763671875,0.496596875,0.49995,0.4964404296875,0.49955,0.4945529296875,0.4995310546875,0.4666857421875,0.4999138671875,0.4880841796875,0.49855546875,0.4996716796875,0.4982,0.4879875,0.4756623046875,0.4911388671875,0.49560546875,0.4931701171875,0.45078046875,0.4998779296875,0.4928748046875,0.499846875,0.4993875,0.49999921875,0.49986796875,0.4588513671875,0.49649296875,0.4963341796875,0.49958671875,0.4957794921875,0.47924296875,0.472971875,0.4843576171875,0.49993671875,0.4948107421875,0.4954875,0.4986544921875,0.478471875,0.4746875,0.4917919921875,0.49595,0.4866951171875,0.480496875,0.499296875,0.49990546875,0.4969482421875,0.498346875,0.4998966796875,0.4993875,0.49924921875,0.4999982421875,0.49977421875,0.4968,0.4976794921875,0.4916310546875,0.48074296875,0.4996875,0.4994919921875,0.499621875,0.4827716796875,0.4946826171875,0.49780546875,0.4997029296875,0.4924201171875,0.48699921875,0.4999904296875,0.4830029296875,0.4954279296875,0.4921091796875,0.49999921875,0.4992248046875,0.4964404296875,0.496171875,0.47974921875,0.4772888671875,0.4789875,0.4974169921875,0.499971875,0.48171171875,0.4998,0.4966482421875,0.4961169921875,0.4998123046875,0.49951171875,0.49755,0.47496796875,0.4986544921875,0.48074296875,0.49628046875,0.4953076171875,0.499846875,0.4862841796875,0.49689921875,0.4955466796875,0.49689921875,0.4982,0.4996875,0.4595654296875,0.499471875,0.49904296875,0.4989875,0.4872,0.4975935546875,0.4975060546875,0.4540576171875,0.4985888671875,0.49264921875,0.49855546875,0.49487421875,0.45758671875,0.49982421875,0.4978875,0.49689921875,0.4999904296875,0.449596875,0.4984529296875,0.4963875,0.4989875,0.461496875,0.49595,0.4990701171875,0.49943046875,0.49965546875,0.49155,0.4990701171875,0.4938810546875,0.494221875,0.4945529296875,0.4832326171875,0.4872998046875,0.4956638671875,0.496596875,0.49971796875,0.4924201171875,0.4945529296875,0.49606171875,0.49943046875,0.47326171875,0.493096875,0.4922654296875,0.4901123046875,0.499621875,0.4956638671875,0.4997873046875,0.49264921875,0.4922654296875,0.4924201171875,0.48490546875,0.488371875,0.4996875,0.4872,0.49746171875,0.4836873046875,0.4908875,0.4987185546875,0.4902873046875,0.499746875,0.465546875,0.486796875,0.4930232421875,0.499471875,0.49914921875,0.4976794921875,0.495246875,0.4994513671875,0.49037421875,0.4996388671875,0.4973263671875,0.4996388671875,0.4994091796875,0.4989591796875,0.4933154296875,0.4993201171875,0.49560546875,0.47715546875,0.4998357421875,0.495246875,0.4764826171875,0.4999763671875,0.48930546875,0.48402421875,0.4996716796875,0.48490546875,0.4988419921875,0.49512421875,0.4999875,0.4971404296875,0.4992,0.49841796875,0.49435546875,0.49353046875,0.49689921875,0.49461796875,0.4979279296875,0.499921875,0.49986796875,0.4978875,0.499621875,0.45758671875,0.4803732421875,0.4852294921875,0.49855546875,0.4863875,0.484246875,0.4963341796875,0.49958671875,0.49606171875,0.4944875,0.4994919921875,0.4996388671875,0.49965546875,0.49669921875,0.49893046875,0.49560546875,0.4979279296875,0.49955,0.498871875,0.48490546875,0.4998779296875,0.49995,0.4991748046875,0.499996875,0.4979279296875,0.4968498046875,0.4893966796875,0.4921091796875,0.49993671875,0.4836873046875,0.4834607421875,0.4955466796875,0.4830029296875,0.4996716796875,0.492496875,0.4972341796875,0.491871875,0.4996044921875,0.4967498046875,0.4957794921875,0.494221875,0.4991748046875,0.47440546875,0.4770216796875,0.4997326171875,0.4981623046875,0.49990546875,0.4985888671875,0.49993671875,0.4958935546875,0.49037421875,0.4931701171875,0.4980076171875,0.4860763671875,0.4955466796875,0.499296875,0.49689921875,0.4895779296875,0.4987185546875,0.4972341796875,0.49395,0.4967498046875,0.4979279296875,0.497371875,0.4868982421875,0.4914685546875,0.4992732421875,0.4933154296875,0.4999904296875,0.485971875,0.4818310546875,0.4980076171875,0.48875,0.4993654296875,0.4998357421875,0.4996044921875,0.493096875,0.49904296875,0.4991232421875,0.4967498046875,0.4989875,0.4987810546875,0.49234296875,0.4979279296875,0.4987810546875,0.4938810546875,0.49881171875,0.49855546875,0.49408671875,0.4928,0.477421875,0.496596875,0.4970451171875,0.49536796875,0.498346875,0.4962263671875,0.499621875,0.497721875,0.4860763671875,0.4864904296875,0.4832326171875,0.49993671875,0.49689921875,0.4957794921875,0.491871875,0.47795,0.49796796875,0.49998046875,0.4974169921875,0.49487421875,0.495246875,0.4982,0.481471875,0.48875,0.48074296875,0.4882763671875,0.4998123046875,0.4946826171875,0.499996875,0.4962263671875,0.4827716796875,0.4637185546875,0.4998966796875,0.49583671875,0.4924201171875,0.4946826171875,0.4999875,0.4984529296875,0.4999998046875,0.4981623046875,0.4986544921875,0.4880841796875,0.4974169921875,0.49105546875,0.4958935546875,0.4991232421875,0.498046875,0.498046875,0.4689060546875,0.4798748046875,0.4988419921875,0.46968046875,0.49971796875,0.4825388671875,0.48446796875,0.4971875,0.48818046875,0.4992248046875,0.4872998046875,0.4772888671875,0.4944216796875,0.4982373046875,0.4899357421875,0.498046875,0.49071796875,0.4772888671875,0.4999982421875,0.4906326171875,0.49990546875,0.4993875,0.49841796875,0.4984529296875,0.4751076171875,0.49977421875,0.476346875,0.49353046875,0.4989591796875,0.4909716796875,0.49203046875,0.4998357421875,0.4967498046875,0.4979279296875,0.49951171875,0.4982373046875,0.4991232421875,0.499746875,0.498621875,0.4928748046875,0.4994919921875,0.4983107421875,0.4921875,0.49998046875,0.4879875,0.4719451171875,0.48357421875,0.4986544921875,0.49971796875,0.4983826171875,0.49796796875,0.499471875,0.4999560546875,0.4886560546875,0.4979279296875,0.49951171875,0.4864904296875,0.4944875,0.49689921875,0.493096875,0.4962263671875,0.4998875,0.49995,0.495246875,0.4933154296875,0.4890294921875,0.4978466796875,0.49138671875,0.47715546875,0.4623591796875,0.49512421875,0.4968,0.49746171875,0.4969482421875,0.499746875,0.4986544921875,0.4803732421875,0.499921875,0.4908029296875,0.482421875,0.4995310546875,0.49709296875,0.4948107421875,0.49324296875,0.4854435546875,0.4997873046875,0.4994919921875,0.4880841796875,0.48265546875,0.4965451171875,0.49893046875,0.4997326171875,0.49435546875,0.49649296875,0.4998966796875,0.48446796875,0.48930546875,0.4992,0.4990701171875,0.4574044921875,0.4928,0.4983107421875,0.49955,0.49628046875,0.4963341796875,0.49353046875,0.4828875,0.4982,0.49487421875,0.49487421875,0.4992248046875,0.49827421875,0.4996044921875,0.49512421875,0.4995310546875,0.4969482421875,0.4843576171875,0.49138671875,0.4998966796875,0.4974169921875,0.499996875,0.49583671875,0.49924921875,0.4966482421875,0.4970451171875,0.498346875,0.491871875,0.4917919921875,0.49649296875,0.4983826171875,0.48311796875,0.494746875,0.49965546875,0.494221875,0.48265546875,0.47496796875,0.49934296875,0.4999669921875,0.4818310546875,0.4999982421875,0.4981623046875,0.4954279296875,0.49996171875,0.4951857421875,0.49264921875,0.4973263671875,0.4888435546875,0.47821171875,0.4924201171875,0.4876951171875,0.499621875,0.4991748046875,0.48195,0.4994919921875,0.4990701171875,0.48555,0.47149921875,0.4967498046875,0.4983107421875,0.49999296875,0.47873046875,0.498346875,0.4998576171875,0.4789875,0.4895779296875,0.499846875,0.49993671875,0.4897576171875,0.4983107421875,0.4983826171875,0.4980857421875,0.499296875,0.4978875,0.49649296875,0.49875,0.49986796875,0.4689060546875,0.4999763671875,0.49234296875,0.4997326171875,0.4922654296875,0.49595,0.4850138671875,0.44919921875,0.4996875,0.47661796875,0.499471875,0.499921875,0.4957794921875,0.4845779296875,0.4996044921875,0.49955,0.49982421875,0.4999998046875,0.4997029296875,0.49649296875,0.4996716796875,0.4980076171875,0.49955,0.49904296875,0.4908875,0.49746171875,0.4828875,0.4906326171875,0.4999841796875,0.483346875,0.4998966796875,0.49855546875,0.4992,0.4987185546875,0.49995,0.4999294921875,0.4990154296875,0.4999669921875,0.4996875,0.49995,0.4983826171875,0.4998875,0.4874982421875,0.489846875,0.49977421875,0.4751076171875,0.478471875,0.4924201171875,0.4999294921875,0.498621875,0.4975935546875,0.4860763671875,0.4928748046875,0.499971875,0.4985216796875,0.4975060546875,0.49924921875,0.4985888671875,0.4994513671875,0.4983826171875,0.49595,0.4942888671875,0.49763671875,0.4998779296875,0.49982421875,0.4999998046875,0.4993875,0.4998,0.4954875,0.4922654296875,0.4999904296875,0.4999669921875,0.4982373046875,0.4815919921875,0.4858669921875,0.49904296875,0.4986544921875,0.4997326171875,0.47440546875,0.4933154296875,0.4965451171875,0.4937419921875,0.49755,0.4999875,0.4993875,0.4999294921875,0.498871875,0.49353046875,0.4991748046875,0.4991232421875,0.4979279296875
0.4921091796875,0.46875,0.49234296875,0.496171875,0.4862841796875,0.4997326171875,0.4999763671875,0.4909716796875,0.498871875,0.49971796875,0.4609748046875,0.48533671875,0.49934296875,0.4967498046875,0.4998357421875,0.4919513671875,0.4979279296875,0.4982,0.4731169921875,0.4987185546875,0.498871875,0.493096875,0.496596875,0.4994513671875,0.4989013671875,0.436096875,0.49071796875,0.4967498046875,0.482421875,0.4682794921875,0.4978875,0.49993671875,0.488371875,0.4983826171875,0.49796796875,0.4954279296875,0.4998966796875,0.49812421875,0.4963875,0.4676466796875,0.4995310546875,0.4906326171875,0.4913044921875,0.4445138671875,0.499846875,0.4850138671875,0.4958935546875,0.49943046875,0.4996044921875,0.4830029296875,0.49755,0.4998966796875,0.4964404296875,0.49171171875,0.4938810546875,0.496596875,0.4933154296875,0.49037421875,0.48195,0.498871875,0.4934591796875,0.4998875,0.49512421875,0.49841796875,0.4892138671875,0.49934296875,0.4985888671875,0.46906171875,0.4967498046875,0.49995,0.4983107421875,0.4832326171875,0.4778185546875,0.4978875,0.48402421875,0.48533671875,0.4998123046875,0.49977421875,0.49294921875,0.498046875,0.4995685546875,0.499746875,0.49755,0.4864904296875,0.4970451171875,0.4948107421875,0.4988419921875,0.4997326171875,0.4909716796875,0.499471875,0.4994091796875,0.4818310546875,0.4902,0.4803732421875,0.4994091796875,0.4944875,0.4998123046875,0.49689921875,0.493096875,0.4985888671875,0.49435546875,0.4982,0.49955,0.4998875,0.499971875,0.4838,0.4825388671875,0.4989875,0.4949373046875,0.4917919921875,0.469371875,0.49995,0.47029296875,0.4974169921875,0.4811091796875,0.49435546875,0.4827716796875,0.4998966796875,0.49986796875,0.4997029296875,0.4957794921875,0.49728046875,0.4999669921875,0.483346875,0.4941544921875,0.49583671875,0.4909716796875,0.4971875,0.4996044921875,0.4971404296875,0.4895779296875,0.493096875,0.4937419921875,0.499971875,0.4825388671875,0.4987810546875,0.4999982421875,0.4999138671875,0.49958671875,0.4993875,0.4992732421875,0.4845779296875,0.4987810546875,0.4984529296875,0.4872,0.4974169921875,0.4999138671875,0.497721875,0.49914921875,0.4753857421875,0.4956638671875,0.4980076171875,0.48446796875,0.497721875,0.4996044921875,0.4860763671875,0.4991748046875,0.49595,0.49294921875,0.46652421875,0.4965451171875,0.4984529296875,0.4925732421875,0.4828875,0.4998966796875,0.49993671875,0.49951171875,0.4864904296875,0.499921875,0.49982421875,0.49155,0.4954279296875,0.4967498046875,0.49746171875,0.4960060546875,0.498346875,0.4994919921875,0.4980076171875,0.4980076171875,0.4834607421875,0.49990546875,0.499621875,0.4878904296875,0.49841796875,0.4999982421875,0.49999296875,0.49408671875,0.495,0.5,0.4989013671875,0.4997326171875,0.4997326171875,0.4998875,0.4992,0.49977421875,0.4925732421875,0.49606171875,0.4944216796875,0.4991748046875,0.4860763671875,0.4999435546875,0.4980857421875,0.472971875,0.4985888671875,0.4999138671875,0.4999841796875,0.4987185546875,0.4860763671875,0.4908029296875,0.49435546875,0.4997873046875,0.476346875,0.48446796875,0.499296875,0.4908029296875,0.4977638671875,0.4815919921875,0.49855546875,0.4997326171875,0.4998576171875,0.4948107421875,0.4988419921875,0.4968,0.499621875,0.4999998046875,0.4936013671875,0.49395,0.4993201171875,0.4999435546875,0.4998576171875,0.4863875,0.499621875,0.45903046875,0.48446796875,0.4996716796875,0.49763671875,0.49234296875,0.4996875,0.4961169921875,0.49583671875,0.49649296875,0.47089921875,0.4961169921875,0.4872998046875,0.4991748046875,0.42636796875,0.498621875,0.4957794921875,0.4949373046875,0.49381171875,0.4999982421875,0.4801248046875,0.48659296875,0.4902873046875,0.4997326171875,0.4993654296875,0.4987185546875,0.4689060546875,0.4734060546875,0.49512421875,0.499471875,0.47974921875,0.49071796875,0.4968498046875,0.499971875,0.49689921875,0.4971875,0.4993201171875,0.4888435546875,0.4968498046875,0.4984529296875,0.493096875,0.4945529296875,0.4922654296875,0.4942888671875,0.49812421875,0.48123046875,0.4977638671875,0.4879875,0.4986544921875,0.4982,0.4860763671875,0.49583671875,0.5,0.49986796875,0.4904607421875,0.49855546875,0.48856171875,0.4968,0.48311796875,0.4978875,0.49669921875,0.49324296875,0.4997873046875,0.49512421875,0.4899357421875,0.49649296875,0.48930546875,0.495246875,0.4830029296875,0.49294921875,0.494221875,0.4946826171875,0.48659296875,0.4942888671875,0.4966482421875,0.4950623046875,0.4808654296875,0.4968498046875,0.49990546875,0.49105546875,0.4828875,0.4987185546875,0.4963341796875,0.4963341796875,0.49990546875,0.4987185546875,0.4995310546875,0.4990701171875,0.49881171875,0.49999921875,0.4964404296875,0.4967498046875,0.49924921875,0.47974921875,0.4975935546875,0.49487421875,0.4998123046875,0.4823044921875,0.4999138671875,0.4991748046875,0.4995310546875,0.4968,0.480496875,0.49408671875,0.4960060546875,0.49071796875,0.48699921875,0.4820685546875,0.4972341796875,0.4866951171875,0.49855546875,0.4992732421875,0.49669921875,0.4928748046875,0.47355,0.49958671875,0.4946826171875,0.499296875,0.4921091796875,0.4982373046875,0.49995,0.49951171875,0.4913044921875,0.4979279296875,0.4919513671875,0.49971796875,0.4162060546875,0.4978875,0.49763671875,0.4995685546875,0.49934296875,0.4967498046875,0.489846875,0.4992,0.49977421875,0.48739921875,0.4990154296875,0.49628046875,0.49958671875,0.497371875,0.4961169921875,0.4997029296875,0.48966796875,0.49868671875,0.494221875,0.4992732421875,0.49780546875,0.496171875,0.4984529296875,0.4971875,0.49381171875,0.49583671875,0.499096875,0.48024921875,0.49512421875,0.4964404296875,0.49868671875,0.4904607421875,0.4976794921875,0.4999951171875,0.49606171875,0.4892138671875,0.4971404296875,0.4884669921875,0.49689921875,0.4942888671875,0.4984875,0.49669921875,0.4998123046875,0.4941544921875,0.49971796875,0.492496875,0.499921875,0.4660373046875,0.4998875,0.48893671875,0.49924921875,0.4999841796875,0.4971404296875,0.4894875,0.4798748046875,0.491871875,0.4972341796875,0.4964404296875,0.4532966796875,0.499621875,0.495246875,0.49999296875,0.49951171875,0.49995,0.499471875,0.46388671875,0.49408671875,0.495246875,0.49996171875,0.4961169921875,0.4764826171875,0.4666857421875,0.48311796875,0.49955,0.49780546875,0.491221875,0.4989875,0.4830029296875,0.4856560546875,0.4953076171875,0.4972341796875,0.485971875,0.4796232421875,0.4987810546875,0.4998779296875,0.497371875,0.4970451171875,0.4998875,0.49893046875,0.4992732421875,0.4998357421875,0.49855546875,0.49669921875,0.4971404296875,0.4933875,0.481471875,0.49995,0.4989591796875,0.49943046875,0.4860763671875,0.4906326171875,0.49755,0.49914921875,0.495721875,0.4886560546875,0.499746875,0.485121875,0.49408671875,0.4888435546875,0.4999982421875,0.4996875,0.4948107421875,0.4963875,0.4813513671875,0.4768875,0.4770216796875,0.495721875,0.4998576171875,0.4788591796875,0.4996716796875,0.49583671875,0.496171875,0.4997029296875,0.49893046875,0.4965451171875,0.4748279296875,0.49763671875,0.48074296875,0.49728046875,0.4954875,0.4999669921875,0.487596875,0.4954875,0.49796796875,0.4984875,0.4989013671875,0.49982421875,0.454246875,0.49998046875,0.498871875,0.49746171875,0.4862841796875,0.49583671875,0.49746171875,0.45795,0.49875,0.4931701171875,0.4982,0.49353046875,0.454246875,0.4992732421875,0.496596875,0.49628046875,0.4999875,0.4432576171875,0.49893046875,0.4970451171875,0.49893046875,0.4584919921875,0.49649296875,0.4992732421875,0.49827421875,0.4998576171875,0.4893966796875,0.4994091796875,0.4957794921875,0.4931701171875,0.4968498046875,0.48311796875,0.48446796875,0.4949373046875,0.49512421875,0.4992732421875,0.493096875,0.4942888671875,0.4971875,0.4982,0.47661796875,0.4964404296875,0.4909716796875,0.4913044921875,0.49995,0.49105546875,0.4997029296875,0.4958935546875,0.4874982421875,0.4893966796875,0.4825388671875,0.4908875,0.4991232421875,0.4879875,0.498621875,0.4827716796875,0.4872998046875,0.4985216796875,0.4880841796875,0.49958671875,0.4660373046875,0.48576171875,0.4938810546875,0.4991232421875,0.498871875,0.49728046875,0.49408671875,0.4994091796875,0.49294921875,0.49977421875,0.4968,0.4999669921875,0.49995,0.498871875,0.4933154296875,0.49971796875,0.49763671875,0.4789875,0.49965546875,0.4954279296875,0.477421875,0.4998576171875,0.4874982421875,0.4847966796875,0.499746875,0.4862841796875,0.4984529296875,0.4957794921875,0.49999296875,0.4993201171875,0.4999763671875,0.4982373046875,0.494221875,0.491221875,0.4965451171875,0.4968,0.4989013671875,0.49904296875,0.5,0.4986544921875,0.4989591796875,0.4521435546875,0.48490546875,0.4830029296875,0.49595,0.4899357421875,0.4908875,0.497371875,0.4999294921875,0.49595,0.4948107421875,0.498871875,0.4996044921875,0.4988419921875,0.49728046875,0.4985888671875,0.4928,0.4968498046875,0.49868671875,0.49841796875,0.48659296875,0.4993654296875,0.4998576171875,0.4993654296875,0.4991748046875,0.49796796875,0.4956638671875,0.4864904296875,0.49512421875,0.49982421875,0.48555,0.4884669921875,0.4937419921875,0.480496875,0.49971796875,0.4906326171875,0.4971404296875,0.490546875,0.4992732421875,0.49689921875,0.4958935546875,0.4956638671875,0.499621875,0.4742638671875,0.4753857421875,0.49977421875,0.4973263671875,0.4998779296875,0.49914921875,0.499846875,0.4968,0.4908029296875,0.4921875,0.4955466796875,0.4839123046875,0.4984529296875,0.4996716796875,0.4985888671875,0.48618046875,0.4992248046875,0.4977638671875,0.49560546875,0.4982,0.4994513671875,0.4985888671875,0.4845779296875,0.4906326171875,0.4989875,0.4933875,0.4997607421875,0.4815919921875,0.4839123046875,0.49669921875,0.4908029296875,0.4998,0.4999875,0.499096875,0.49461796875,0.499096875,0.4980857421875,0.49796796875,0.49855546875,0.4982,0.49353046875,0.4982373046875,0.49868671875,0.493671875,0.498871875,0.4987185546875,0.4949373046875,0.495246875,0.47768671875,0.4973263671875,0.494746875,0.4966482421875,0.4987810546875,0.4972341796875,0.4999875,0.498046875,0.4894875,0.4832326171875,0.48357421875,0.49971796875,0.49649296875,0.4933154296875,0.4888435546875,0.4767529296875,0.4989875,0.49982421875,0.49812421875,0.4938810546875,0.4974169921875,0.4984529296875,0.4850138671875,0.4886560546875,0.4753857421875,0.4890294921875,0.4999951171875,0.496171875,0.49934296875,0.4967498046875,0.48533671875,0.4716482421875,0.4998576171875,0.4921875,0.49381171875,0.4936013671875,0.4993201171875,0.4991232421875,0.4999138671875,0.4981623046875,0.4999951171875,0.4922654296875,0.49487421875,0.4880841796875,0.4924201171875,0.4982373046875,0.4987810546875,0.4983826171875,0.4623591796875,0.472971875,0.4983107421875,0.4734060546875,0.49990546875,0.4820685546875,0.48311796875,0.498621875,0.48357421875,0.4997873046875,0.4879875,0.4778185546875,0.4950623046875,0.49914921875,0.48856171875,0.4977638671875,0.4872998046875,0.480496875,0.4997607421875,0.49037421875,0.4998576171875,0.499096875,0.498346875,0.4978875,0.4748279296875,0.4999669921875,0.4662,0.4892138671875,0.4995685546875,0.4884669921875,0.493096875,0.4996716796875,0.4978875,0.4992,0.4995310546875,0.4983107421875,0.4992,0.498346875,0.49755,0.4937419921875,0.49990546875,0.4980857421875,0.4948107421875,0.49996171875,0.483346875,0.4746875,0.48533671875,0.4997326171875,0.49965546875,0.49728046875,0.4982373046875,0.4986544921875,0.49914921875,0.4941544921875,0.498346875,0.4998357421875,0.4828875,0.49071796875,0.49536796875,0.49155,0.4951857421875,0.4999560546875,0.499921875,0.49294921875,0.4922654296875,0.488371875,0.4970451171875,0.4868982421875,0.47029296875,0.4637185546875,0.4954875,0.496171875,0.49728046875,0.4938810546875,0.49958671875,0.4992,0.4789875,0.499746875,0.487596875,0.4820685546875,0.4999138671875,0.4954279296875,0.49512421875,0.493096875,0.482421875,0.4999669921875,0.49999296875,0.486796875,0.47661796875,0.4956638671875,0.49689921875,0.4980857421875,0.4965451171875,0.4964404296875,0.4998123046875,0.4892138671875,0.49324296875,0.499746875,0.4989013671875,0.457221875,0.49324296875,0.4977638671875,0.49986796875,0.495721875,0.4960060546875,0.4955466796875,0.48265546875,0.4963875,0.4975935546875,0.4919513671875,0.499746875,0.49763671875,0.4996716796875,0.49536796875,0.4996875,0.499096875,0.4860763671875,0.49381171875,0.4994919921875,0.498346875,0.499746875,0.4963875,0.4994919921875,0.496996875,0.4982373046875,0.4989875,0.4930232421875,0.49353046875,0.4971875,0.499096875,0.4841357421875,0.4933154296875,0.4998875,0.4956638671875,0.4820685546875,0.4811091796875,0.4997873046875,0.49990546875,0.48311796875,0.49993671875,0.498871875,0.4982,0.4999138671875,0.494221875,0.4917919921875,0.4975935546875,0.4908875,0.4762107421875,0.493096875,0.487596875,0.49951171875,0.49746171875,0.4828875,0.4998123046875,0.498346875,0.4839123046875,0.46968046875,0.49381171875,0.49955,0.4998779296875,0.4786013671875,0.4985888671875,0.4999951171875,0.4783419921875,0.4897576171875,0.499996875,0.49995,0.4901123046875,0.4982373046875,0.4989591796875,0.49755,0.4996716796875,0.4978875,0.4956638671875,0.4989875,0.49996171875,0.4745466796875,0.4999138671875,0.49105546875,0.4993654296875,0.4921091796875,0.4946826171875,0.4828875,0.4513669921875,0.49746171875,0.472971875,0.4997029296875,0.498346875,0.496996875,0.4780810546875,0.49812421875,0.4978466796875,0.498621875,0.4994091796875,0.498871875,0.4968498046875,0.49875,0.49875,0.4998966796875,0.49875,0.4888435546875,0.49755,0.4791154296875,0.489121875,0.4999138671875,0.4828875,0.4997873046875,0.4997873046875,0.49993671875,0.4996716796875,0.4999951171875,0.4998123046875,0.49965546875,0.49951171875,0.4997326171875,0.49996171875,0.49934296875,0.4997873046875,0.4880841796875,0.4895779296875,0.4992732421875,0.4745466796875,0.4803732421875,0.49324296875,0.4999294921875,0.49841796875,0.4972341796875,0.4836873046875,0.49171171875,0.4999560546875,0.4982,0.49827421875,0.4992248046875,0.4994091796875,0.4998,0.4982,0.49395,0.4956638671875,0.4980076171875,0.4994513671875,0.4987810546875,0.4999669921875,0.499996875,0.4996388671875,0.4966482421875,0.4933154296875,0.49999921875,0.4996875,0.4994513671875,0.47552421875,0.48699921875,0.49995,0.49763671875,0.49982421875,0.4676466796875,0.494221875,0.4936013671875,0.49234296875,0.498621875,0.49996171875,0.4997873046875,0.4999560546875,0.4984875,0.496171875,0.49958671875,0.4989875,0.49728046875
0.49105546875,0.4710498046875,0.4940185546875,0.4950623046875,0.48490546875,0.49763671875,0.4990154296875,0.495721875,0.4993654296875,0.4995310546875,0.45795,0.4876951171875,0.4998875,0.4984529296875,0.4994091796875,0.4928748046875,0.4980076171875,0.49746171875,0.4793701171875,0.4975060546875,0.4975935546875,0.49324296875,0.4978466796875,0.49995,0.4954279296875,0.436096875,0.4866951171875,0.49827421875,0.475246875,0.46968046875,0.4984529296875,0.49995,0.4906326171875,0.499296875,0.4963875,0.4941544921875,0.49904296875,0.49780546875,0.4941544921875,0.472971875,0.4992248046875,0.49105546875,0.4908875,0.44005546875,0.4997873046875,0.4838,0.49461796875,0.4995310546875,0.499096875,0.483346875,0.49728046875,0.4994513671875,0.4978875,0.49002421875,0.4931701171875,0.4962263671875,0.49560546875,0.48779296875,0.47715546875,0.49827421875,0.4933875,0.4999669921875,0.49487421875,0.49855546875,0.49037421875,0.499296875,0.4975060546875,0.4704451171875,0.49875,0.4999951171875,0.498046875,0.48123046875,0.4758,0.49755,0.4846875,0.4876951171875,0.49982421875,0.49995,0.4911388671875,0.4992,0.4997029296875,0.4993875,0.499846875,0.4828875,0.4955466796875,0.4906326171875,0.4990154296875,0.4997607421875,0.49171171875,0.4995685546875,0.4995685546875,0.4762107421875,0.49234296875,0.4801248046875,0.499621875,0.4942888671875,0.4997607421875,0.4985216796875,0.493671875,0.4944875,0.49071796875,0.4960060546875,0.49971796875,0.4999841796875,0.499921875,0.48490546875,0.4786013671875,0.498871875,0.4953076171875,0.4924201171875,0.46716796875,0.49999296875,0.46780546875,0.495246875,0.4890294921875,0.4951857421875,0.48402421875,0.4999951171875,0.49977421875,0.4999951171875,0.49408671875,0.49689921875,0.4999669921875,0.48218671875,0.4966482421875,0.4973263671875,0.4914685546875,0.49914921875,0.49924921875,0.49628046875,0.4892138671875,0.4942888671875,0.4960060546875,0.4999560546875,0.4723875,0.4978875,0.499471875,0.4999982421875,0.4998123046875,0.4993201171875,0.49924921875,0.491221875,0.4981623046875,0.4983107421875,0.4904607421875,0.4968,0.4989591796875,0.4976794921875,0.496996875,0.4751076171875,0.4934591796875,0.4990701171875,0.4839123046875,0.49955,0.4998966796875,0.48123046875,0.4989013671875,0.4931701171875,0.4888435546875,0.46843671875,0.4954875,0.4969482421875,0.49002421875,0.4846875,0.4999560546875,0.49990546875,0.49965546875,0.4850138671875,0.4999294921875,0.499921875,0.488371875,0.4944875,0.4968,0.4963341796875,0.4962263671875,0.49924921875,0.4998875,0.49868671875,0.4960060546875,0.479496875,0.4999560546875,0.4994513671875,0.4904607421875,0.4981623046875,0.499971875,0.4999138671875,0.494746875,0.49461796875,0.49999296875,0.4997873046875,0.4987185546875,0.499996875,0.4999982421875,0.49763671875,0.499996875,0.4902,0.49294921875,0.4954279296875,0.4991748046875,0.4872998046875,0.4996044921875,0.49709296875,0.4698341796875,0.4970451171875,0.49996171875,0.49995,0.4970451171875,0.4882763671875,0.49487421875,0.4951857421875,0.49904296875,0.4788591796875,0.4878904296875,0.4999998046875,0.4886560546875,0.49746171875,0.48195,0.498046875,0.4989591796875,0.49999921875,0.4938810546875,0.4991748046875,0.4954875,0.4989013671875,0.4999951171875,0.4894875,0.4914685546875,0.4996875,0.4999294921875,0.499846875,0.48659296875,0.49796796875,0.4623591796875,0.4843576171875,0.4978875,0.4942888671875,0.49294921875,0.49977421875,0.49595,0.4931701171875,0.4984529296875,0.4623591796875,0.496171875,0.4894875,0.49709296875,0.4202498046875,0.49746171875,0.4942888671875,0.493671875,0.4946826171875,0.499921875,0.4863875,0.4878904296875,0.49037421875,0.4993201171875,0.4993201171875,0.4969482421875,0.468121875,0.47440546875,0.4936013671875,0.4981623046875,0.4809875,0.4897576171875,0.4985216796875,0.4998357421875,0.4968,0.4957794921875,0.4986544921875,0.4933875,0.4944875,0.49868671875,0.492496875,0.4938810546875,0.4914685546875,0.4945529296875,0.4977638671875,0.486796875,0.4980076171875,0.4843576171875,0.4994091796875,0.495,0.48618046875,0.49536796875,0.4999904296875,0.49998046875,0.49155,0.498621875,0.48576171875,0.4960060546875,0.4843576171875,0.498346875,0.4979279296875,0.494221875,0.49951171875,0.4964404296875,0.4882763671875,0.4975060546875,0.49138671875,0.49560546875,0.4862841796875,0.4930232421875,0.4899357421875,0.49408671875,0.4815919921875,0.4930232421875,0.4961169921875,0.4958935546875,0.47821171875,0.49812421875,0.49951171875,0.49138671875,0.4839123046875,0.4992732421875,0.49669921875,0.49595,0.4982,0.4988419921875,0.4999904296875,0.4989875,0.4984875,0.49993671875,0.4946826171875,0.4979279296875,0.49955,0.4836873046875,0.4968498046875,0.4950623046875,0.4998357421875,0.4843576171875,0.4999904296875,0.498871875,0.4971404296875,0.495,0.4789875,0.4937419921875,0.49812421875,0.4908875,0.483346875,0.481471875,0.4966482421875,0.491221875,0.49904296875,0.4998123046875,0.49669921875,0.494221875,0.4770216796875,0.499921875,0.49435546875,0.49996171875,0.48966796875,0.497721875,0.499621875,0.4982373046875,0.49234296875,0.4981623046875,0.49381171875,0.49996171875,0.4207482421875,0.4988419921875,0.4968,0.499471875,0.4998357421875,0.49955,0.4872998046875,0.49982421875,0.4999841796875,0.4858669921875,0.4989875,0.496171875,0.49893046875,0.4954875,0.495721875,0.4993875,0.4878904296875,0.49728046875,0.49583671875,0.4993201171875,0.49827421875,0.495246875,0.4983826171875,0.4963875,0.49353046875,0.4946826171875,0.49934296875,0.48357421875,0.4938810546875,0.4983107421875,0.4992248046875,0.489121875,0.498621875,0.4999294921875,0.493096875,0.49138671875,0.4961169921875,0.4888435546875,0.4963341796875,0.4933154296875,0.4994091796875,0.4948107421875,0.499746875,0.4948107421875,0.49990546875,0.49171171875,0.4999841796875,0.465546875,0.499971875,0.4908029296875,0.4992248046875,0.4999138671875,0.49841796875,0.49171171875,0.4809875,0.49037421875,0.4982,0.4960060546875,0.45611796875,0.4992248046875,0.49628046875,0.4999435546875,0.499296875,0.4994091796875,0.498871875,0.4674875,0.4921875,0.49595,0.49999921875,0.49669921875,0.48074296875,0.4663623046875,0.48576171875,0.4999560546875,0.4987810546875,0.49324296875,0.4989875,0.4786013671875,0.48659296875,0.4948107421875,0.49649296875,0.49138671875,0.4845779296875,0.4993875,0.4996388671875,0.4937419921875,0.4984529296875,0.4998123046875,0.4985216796875,0.4999669921875,0.4999998046875,0.4996388671875,0.4955466796875,0.49606171875,0.4933875,0.4830029296875,0.4998779296875,0.499296875,0.4999138671875,0.4841357421875,0.49171171875,0.498621875,0.49971796875,0.4955466796875,0.485971875,0.4996388671875,0.4858669921875,0.49294921875,0.48893671875,0.49955,0.4996716796875,0.4922654296875,0.4954279296875,0.47326171875,0.4775544921875,0.4783419921875,0.4967498046875,0.49924921875,0.480496875,0.4995310546875,0.4984529296875,0.49628046875,0.4998,0.4996875,0.4958935546875,0.4704451171875,0.49868671875,0.48123046875,0.4954279296875,0.4940185546875,0.499846875,0.4860763671875,0.4930232421875,0.49536796875,0.4958935546875,0.4968498046875,0.4999763671875,0.45156171875,0.4998875,0.49951171875,0.4976794921875,0.487596875,0.4945529296875,0.49812421875,0.4627013671875,0.4993201171875,0.49324296875,0.4998,0.4940185546875,0.4503875,0.499971875,0.4988419921875,0.4971404296875,0.4995685546875,0.4525294921875,0.4981623046875,0.49755,0.4988419921875,0.46321171875,0.4956638671875,0.4984875,0.499296875,0.4999841796875,0.493096875,0.49977421875,0.4950623046875,0.4919513671875,0.4975060546875,0.4811091796875,0.489121875,0.49649296875,0.4963875,0.49669921875,0.4919513671875,0.49669921875,0.4936013671875,0.49728046875,0.48,0.495,0.486796875,0.4856560546875,0.4998,0.4906326171875,0.4987185546875,0.4927248046875,0.490546875,0.4858669921875,0.48218671875,0.48818046875,0.499471875,0.4847966796875,0.49780546875,0.48195,0.48930546875,0.4985216796875,0.48779296875,0.4993654296875,0.4657107421875,0.4841357421875,0.49294921875,0.49977421875,0.4998576171875,0.4966482421875,0.4960060546875,0.4998123046875,0.49395,0.499996875,0.4984875,0.5,0.4999763671875,0.49628046875,0.49461796875,0.4997029296875,0.4973263671875,0.4783419921875,0.4996875,0.497721875,0.47768671875,0.49986796875,0.4847966796875,0.48357421875,0.4998357421875,0.486796875,0.4969482421875,0.4962263671875,0.49993671875,0.4986544921875,0.4997326171875,0.4981623046875,0.4893966796875,0.49155,0.495721875,0.4925732421875,0.4994091796875,0.4999763671875,0.4998966796875,0.4989875,0.4988419921875,0.44999296875,0.48875,0.4793701171875,0.49689921875,0.48490546875,0.49155,0.49649296875,0.49995,0.4982,0.49560546875,0.499096875,0.49934296875,0.49955,0.4969482421875,0.49958671875,0.4946826171875,0.4982,0.4988419921875,0.4983826171875,0.48265546875,0.4982,0.4997326171875,0.4994091796875,0.49951171875,0.49689921875,0.4937419921875,0.4870998046875,0.49512421875,0.49965546875,0.4825388671875,0.4820685546875,0.492496875,0.47924296875,0.4992248046875,0.49408671875,0.4954875,0.48618046875,0.4993875,0.4981623046875,0.49395,0.49606171875,0.4998,0.4746875,0.4707482421875,0.4997326171875,0.496596875,0.4995310546875,0.49924921875,0.499746875,0.4955466796875,0.4899357421875,0.491871875,0.4951857421875,0.48490546875,0.4993201171875,0.4995310546875,0.4972341796875,0.4890294921875,0.4991748046875,0.4976794921875,0.4951857421875,0.4990154296875,0.49982421875,0.497721875,0.4827716796875,0.4902,0.49904296875,0.4961169921875,0.4998966796875,0.48024921875,0.4862841796875,0.4964404296875,0.48171171875,0.4997873046875,0.49982421875,0.49812421875,0.496171875,0.4987810546875,0.49914921875,0.49689921875,0.49955,0.4992732421875,0.49294921875,0.4993875,0.49796796875,0.4901123046875,0.4990701171875,0.4987185546875,0.4963875,0.4930232421875,0.47355,0.4970451171875,0.49264921875,0.495721875,0.4990154296875,0.49709296875,0.49934296875,0.49606171875,0.493096875,0.4783419921875,0.4806201171875,0.49924921875,0.4965451171875,0.49353046875,0.493671875,0.4758,0.49855546875,0.4998576171875,0.4975060546875,0.4937419921875,0.49728046875,0.49881171875,0.4862841796875,0.49037421875,0.480496875,0.4872998046875,0.4997029296875,0.495246875,0.499471875,0.4975935546875,0.4834607421875,0.46906171875,0.4999435546875,0.493096875,0.4934591796875,0.49155,0.4986544921875,0.4978466796875,0.4999294921875,0.49855546875,0.4995685546875,0.4909716796875,0.4991232421875,0.491221875,0.4949373046875,0.4978875,0.498346875,0.499096875,0.4602732421875,0.4783419921875,0.4988419921875,0.4692169921875,0.499921875,0.4801248046875,0.4815919921875,0.4973263671875,0.4870998046875,0.4997326171875,0.4914685546875,0.4712,0.49487421875,0.499296875,0.48893671875,0.4971875,0.4904607421875,0.4746875,0.4997326171875,0.4882763671875,0.4997326171875,0.49881171875,0.4985888671875,0.4969482421875,0.4806201171875,0.49995,0.4712,0.4895779296875,0.4984529296875,0.483346875,0.4936013671875,0.499921875,0.4948107421875,0.499296875,0.498046875,0.49893046875,0.5,0.499846875,0.4954875,0.494746875,0.4999875,0.497371875,0.4949373046875,0.4986544921875,0.4864904296875,0.47383671875,0.48875,0.4998576171875,0.499996875,0.498046875,0.4963875,0.4995685546875,0.4995685546875,0.49324296875,0.49728046875,0.499746875,0.47607421875,0.4901123046875,0.4957794921875,0.4924201171875,0.4958935546875,0.4999294921875,0.4998357421875,0.49294921875,0.4882763671875,0.4886560546875,0.4988419921875,0.4836873046875,0.47355,0.45310546875,0.4951857421875,0.49669921875,0.4974169921875,0.4955466796875,0.49977421875,0.49796796875,0.4809875,0.4999763671875,0.485121875,0.4825388671875,0.4998576171875,0.4944216796875,0.49395,0.493096875,0.4868982421875,0.5,0.499921875,0.4888435546875,0.47924296875,0.49487421875,0.49606171875,0.4991232421875,0.495,0.49728046875,0.49998046875,0.48930546875,0.4940185546875,0.4996388671875,0.49763671875,0.45386796875,0.4944216796875,0.4984875,0.499296875,0.49583671875,0.4927248046875,0.496996875,0.4874982421875,0.4982,0.4963875,0.4938810546875,0.4998,0.4993201171875,0.49986796875,0.4958935546875,0.4988419921875,0.4989591796875,0.4798748046875,0.493671875,0.49977421875,0.4960060546875,0.499471875,0.49512421875,0.4978875,0.4963341796875,0.4985216796875,0.4986544921875,0.485971875,0.4960060546875,0.4953076171875,0.49875,0.4764826171875,0.48893671875,0.499996875,0.4957794921875,0.4796232421875,0.48265546875,0.4992732421875,0.4999763671875,0.4811091796875,0.4999875,0.49875,0.49689921875,0.49986796875,0.495246875,0.4928,0.49669921875,0.4916310546875,0.4722404296875,0.4922654296875,0.484246875,0.4986544921875,0.4985216796875,0.4780810546875,0.499846875,0.49904296875,0.48402421875,0.4762107421875,0.49649296875,0.499746875,0.499471875,0.48024921875,0.4974169921875,0.4998875,0.4768875,0.489121875,0.4997873046875,0.499971875,0.489846875,0.498621875,0.4993201171875,0.49812421875,0.4992,0.4985216796875,0.4966482421875,0.4989875,0.4999998046875,0.4751076171875,0.4999841796875,0.4921091796875,0.4990154296875,0.492496875,0.4955466796875,0.4834607421875,0.4440966796875,0.4968498046875,0.4803732421875,0.499971875,0.4987185546875,0.495721875,0.4808654296875,0.497721875,0.4995310546875,0.4987810546875,0.499846875,0.49943046875,0.4930232421875,0.49893046875,0.4984875,0.49958671875,0.4973263671875,0.48966796875,0.49689921875,0.481471875,0.48856171875,0.499996875,0.4895779296875,0.499471875,0.499096875,0.49955,0.499096875,0.4999669921875,0.4998966796875,0.4997326171875,0.4996044921875,0.4999982421875,0.4998875,0.4969482421875,0.4999435546875,0.4884669921875,0.4863875,0.4991232421875,0.4809875,0.4801248046875,0.4913044921875,0.499971875,0.4982,0.49763671875,0.482421875,0.49138671875,0.4998,0.49755,0.4955466796875,0.49827421875,0.4993201171875,0.49990546875,0.4966482421875,0.494746875,0.4969482421875,0.4998966796875,0.4999294921875,0.4996388671875,0.49995,0.49996171875,0.4989591796875,0.4972341796875,0.49408671875,0.4999841796875,0.4994091796875,0.49763671875,0.47149921875,0.4858669921875,0.4994513671875,0.4992248046875,0.4997607421875,0.4621875,0.4941544921875,0.4972341796875,0.491221875,0.4961169921875,0.49971796875,0.499846875,0.499971875,0.4976794921875,0.4975935546875,0.49755,0.4994919921875,0.4979279296875
0.485971875,0.465546875,0.4937419921875,0.49669921875,0.4879875,0.499096875,0.49982421875,0.4961169921875,0.4996716796875,0.499471875,0.45974296875,0.4834607421875,0.4999763671875,0.4984875,0.499746875,0.4927248046875,0.49669921875,0.49746171875,0.4778185546875,0.49780546875,0.498621875,0.4949373046875,0.497371875,0.49924921875,0.4949373046875,0.4372091796875,0.4878904296875,0.49955,0.4780810546875,0.472971875,0.4993654296875,0.4999560546875,0.4884669921875,0.4974169921875,0.4944216796875,0.4944875,0.4997873046875,0.49914921875,0.49324296875,0.477421875,0.4999138671875,0.494221875,0.4919513671875,0.44005546875,0.499921875,0.4872,0.49536796875,0.4992,0.4995685546875,0.4827716796875,0.49583671875,0.4999998046875,0.49855546875,0.4914685546875,0.4934591796875,0.4968498046875,0.49408671875,0.48818046875,0.47821171875,0.49881171875,0.49105546875,0.49999296875,0.4941544921875,0.4980857421875,0.4888435546875,0.4992248046875,0.4971404296875,0.47496796875,0.4986544921875,0.49951171875,0.4985216796875,0.4846875,0.4753857421875,0.4969482421875,0.4801248046875,0.48576171875,0.4999904296875,0.49982421875,0.4913044921875,0.4986544921875,0.4985216796875,0.4984875,0.4999763671875,0.4811091796875,0.49796796875,0.492496875,0.49943046875,0.4998357421875,0.4913044921875,0.49971796875,0.49943046875,0.4746875,0.4921091796875,0.4764826171875,0.4995685546875,0.4942888671875,0.4999560546875,0.4978875,0.49037421875,0.4933154296875,0.4901123046875,0.4954279296875,0.499471875,0.49996171875,0.4998357421875,0.4838,0.4815919921875,0.4993654296875,0.4958935546875,0.4949373046875,0.4643888671875,0.4995685546875,0.470596875,0.4950623046875,0.4897576171875,0.4969482421875,0.4828875,0.49996171875,0.4996044921875,0.4999982421875,0.4937419921875,0.4962263671875,0.4996388671875,0.4823044921875,0.49487421875,0.49689921875,0.4830029296875,0.4997326171875,0.4990701171875,0.4960060546875,0.49071796875,0.496996875,0.49755,0.4995685546875,0.4731169921875,0.49841796875,0.4998357421875,0.49999921875,0.4997607421875,0.49982421875,0.4996716796875,0.4888435546875,0.4987185546875,0.49868671875,0.4897576171875,0.497721875,0.498871875,0.49893046875,0.4989013671875,0.4789875,0.49381171875,0.4965451171875,0.48779296875,0.4987185546875,0.4989875,0.48074296875,0.498621875,0.4917919921875,0.4897576171875,0.47089921875,0.49203046875,0.4964404296875,0.49155,0.4846875,0.4998875,0.49995,0.497721875,0.47661796875,0.4998875,0.4998966796875,0.4906326171875,0.49583671875,0.495,0.49728046875,0.49512421875,0.49868671875,0.4998357421875,0.4983107421875,0.4978875,0.4854435546875,0.49943046875,0.49958671875,0.4902873046875,0.4980857421875,0.4998875,0.499746875,0.4936013671875,0.4919513671875,0.49982421875,0.4985888671875,0.49755,0.4999982421875,0.49999296875,0.49709296875,0.4999763671875,0.4870998046875,0.49264921875,0.49583671875,0.4988419921875,0.4832326171875,0.4997607421875,0.4980076171875,0.4746875,0.49841796875,0.4999560546875,0.49999296875,0.49796796875,0.48195,0.4928,0.4961169921875,0.49924921875,0.47268046875,0.4895779296875,0.4996388671875,0.4880841796875,0.49780546875,0.4801248046875,0.4998357421875,0.49875,0.49998046875,0.4936013671875,0.4987185546875,0.4957794921875,0.4989591796875,0.4999904296875,0.490546875,0.4933875,0.4996716796875,0.5,0.4999998046875,0.4897576171875,0.4977638671875,0.45903046875,0.48357421875,0.4989013671875,0.4957794921875,0.49395,0.499296875,0.4973263671875,0.4971875,0.4977638671875,0.4666857421875,0.49324296875,0.4879875,0.49560546875,0.4308544921875,0.4992732421875,0.4954875,0.49264921875,0.49324296875,0.49999921875,0.4780810546875,0.4884669921875,0.48779296875,0.49924921875,0.49904296875,0.49583671875,0.47209296875,0.4783419921875,0.4956638671875,0.499621875,0.4801248046875,0.489121875,0.4984875,0.4995685546875,0.4956638671875,0.49628046875,0.49868671875,0.49203046875,0.4973263671875,0.4986544921875,0.4960060546875,0.4953076171875,0.491221875,0.4957794921875,0.49595,0.4897576171875,0.4972341796875,0.488371875,0.49881171875,0.496996875,0.4917919921875,0.49435546875,0.4999763671875,0.4999560546875,0.4901123046875,0.4993201171875,0.48402421875,0.495721875,0.4839123046875,0.4983107421875,0.4963341796875,0.4922654296875,0.49958671875,0.4975060546875,0.4872,0.4984529296875,0.484246875,0.4965451171875,0.4815919921875,0.4921875,0.487596875,0.49435546875,0.4793701171875,0.4930232421875,0.496596875,0.4931701171875,0.4806201171875,0.49841796875,0.4997326171875,0.4899357421875,0.48123046875,0.498871875,0.4969482421875,0.496996875,0.4963875,0.4997029296875,0.4999951171875,0.49982421875,0.4978875,0.4984875,0.49669921875,0.49583671875,0.4991748046875,0.4872998046875,0.4953076171875,0.49606171875,0.5,0.48311796875,0.4998123046875,0.4975935546875,0.49669921875,0.4936013671875,0.4830029296875,0.4936013671875,0.49841796875,0.49037421875,0.48618046875,0.4818310546875,0.4973263671875,0.4868982421875,0.499296875,0.499846875,0.49536796875,0.49171171875,0.475246875,0.49990546875,0.4936013671875,0.49977421875,0.4850138671875,0.4971404296875,0.4996716796875,0.4994513671875,0.4892138671875,0.49893046875,0.4933875,0.4999904296875,0.4207482421875,0.49780546875,0.4956638671875,0.4997607421875,0.4996875,0.4971404296875,0.4906326171875,0.4991748046875,0.4998875,0.48555,0.49958671875,0.49780546875,0.4985216796875,0.494746875,0.49595,0.499096875,0.4847966796875,0.4972341796875,0.495,0.4990154296875,0.49755,0.496596875,0.49812421875,0.49669921875,0.49649296875,0.495246875,0.4995310546875,0.4778185546875,0.49381171875,0.49755,0.4978875,0.4921875,0.49746171875,0.49977421875,0.4949373046875,0.4864904296875,0.4945529296875,0.4890294921875,0.491871875,0.4950623046875,0.4993201171875,0.4972341796875,0.4997326171875,0.49408671875,0.4999951171875,0.49294921875,0.49986796875,0.4630419921875,0.4999841796875,0.49294921875,0.498046875,0.4998576171875,0.4988419921875,0.4928,0.4811091796875,0.4913044921875,0.4989591796875,0.4975060546875,0.46044921875,0.499096875,0.49709296875,0.4998,0.4996388671875,0.49868671875,0.496596875,0.4650529296875,0.495,0.4963875,0.4997029296875,0.49628046875,0.485971875,0.468121875,0.4780810546875,0.49990546875,0.4986544921875,0.495721875,0.4995685546875,0.4778185546875,0.48490546875,0.4944875,0.4978466796875,0.49037421875,0.48576171875,0.4982,0.49993671875,0.493671875,0.49881171875,0.4997029296875,0.4989013671875,0.4997873046875,0.4999841796875,0.4998875,0.49381171875,0.49381171875,0.4941544921875,0.4811091796875,0.49998046875,0.49893046875,0.4999435546875,0.4818310546875,0.494221875,0.49669921875,0.4998966796875,0.49294921875,0.4893966796875,0.4991232421875,0.48171171875,0.4931701171875,0.4880841796875,0.498871875,0.499846875,0.4921875,0.49408671875,0.4780810546875,0.48024921875,0.4742638671875,0.49408671875,0.4997326171875,0.4828875,0.49951171875,0.4970451171875,0.4951857421875,0.49996171875,0.4999982421875,0.49408671875,0.470596875,0.49924921875,0.481471875,0.4965451171875,0.486796875,0.4986544921875,0.49155,0.49155,0.49512421875,0.49669921875,0.497371875,0.4991748046875,0.452721875,0.4998,0.4991232421875,0.49875,0.4878904296875,0.4958935546875,0.4969482421875,0.464221875,0.4989875,0.4914685546875,0.49914921875,0.49171171875,0.44513671875,0.4999998046875,0.4953076171875,0.4954875,0.4999763671875,0.4521435546875,0.49855546875,0.49709296875,0.49755,0.45462421875,0.4957794921875,0.49893046875,0.498621875,0.4996388671875,0.489121875,0.4999875,0.4970451171875,0.4899357421875,0.4980076171875,0.4780810546875,0.4928,0.4953076171875,0.4940185546875,0.49649296875,0.49234296875,0.49669921875,0.49595,0.4964404296875,0.4767529296875,0.4938810546875,0.4864904296875,0.4862841796875,0.4996875,0.49512421875,0.4987185546875,0.49071796875,0.49138671875,0.481471875,0.4775544921875,0.4872998046875,0.4993201171875,0.4832326171875,0.4982,0.476346875,0.4832326171875,0.4955466796875,0.4884669921875,0.49955,0.46355,0.4879875,0.4922654296875,0.49990546875,0.49893046875,0.4962263671875,0.4992732421875,0.49958671875,0.4933875,0.4996716796875,0.4972341796875,0.4999138671875,0.4999560546875,0.4968498046875,0.4960060546875,0.4999763671875,0.4975935546875,0.475246875,0.49982421875,0.49812421875,0.4780810546875,0.4997326171875,0.4868982421875,0.4836873046875,0.4994091796875,0.4913044921875,0.49841796875,0.49512421875,0.4998875,0.49893046875,0.499096875,0.4975935546875,0.4922654296875,0.4963341796875,0.49353046875,0.49353046875,0.4990154296875,0.4999841796875,0.4998,0.4992,0.49977421875,0.45974296875,0.4847966796875,0.4783419921875,0.4963875,0.48555,0.4901123046875,0.49606171875,0.499921875,0.4984529296875,0.4961169921875,0.4977638671875,0.4993654296875,0.499621875,0.4960060546875,0.49965546875,0.494746875,0.4990701171875,0.49924921875,0.4979279296875,0.48490546875,0.497371875,0.49965546875,0.499096875,0.4996044921875,0.4961169921875,0.49487421875,0.48893671875,0.4970451171875,0.4999294921875,0.48533671875,0.4914685546875,0.48875,0.4806201171875,0.49893046875,0.4946826171875,0.4963341796875,0.4847966796875,0.4992248046875,0.49855546875,0.4950623046875,0.49669921875,0.4996388671875,0.4796232421875,0.47089921875,0.4996716796875,0.495246875,0.4998576171875,0.4991748046875,0.4999904296875,0.4953076171875,0.4868982421875,0.4936013671875,0.4948107421875,0.488371875,0.4989591796875,0.49943046875,0.4946826171875,0.4908875,0.499471875,0.49746171875,0.498046875,0.4978466796875,0.499971875,0.4965451171875,0.482421875,0.48930546875,0.499096875,0.495721875,0.49999296875,0.4809875,0.4846875,0.4964404296875,0.48856171875,0.4999982421875,0.499746875,0.4989875,0.49606171875,0.4981623046875,0.49875,0.4987185546875,0.499471875,0.4998875,0.4901123046875,0.49955,0.49875,0.4941544921875,0.498871875,0.49914921875,0.4938810546875,0.4884669921875,0.4762107421875,0.4969482421875,0.49138671875,0.4970451171875,0.49904296875,0.4983107421875,0.4998779296875,0.49583671875,0.4914685546875,0.478471875,0.47383671875,0.49996171875,0.49763671875,0.49294921875,0.4928748046875,0.4827716796875,0.4972341796875,0.4999875,0.49881171875,0.49512421875,0.4993654296875,0.49934296875,0.4878904296875,0.49203046875,0.4775544921875,0.4884669921875,0.5,0.494746875,0.4991748046875,0.49868671875,0.48171171875,0.4633810546875,0.4997326171875,0.4948107421875,0.4925732421875,0.4879875,0.4978875,0.4977638671875,0.4999763671875,0.4982,0.4995685546875,0.488371875,0.4990154296875,0.4886560546875,0.4949373046875,0.4971404296875,0.4973263671875,0.4993201171875,0.454246875,0.4811091796875,0.499471875,0.4707482421875,0.4998,0.4734060546875,0.4820685546875,0.4981623046875,0.48446796875,0.49943046875,0.4919513671875,0.4759373046875,0.4942888671875,0.4985888671875,0.4909716796875,0.49855546875,0.4928748046875,0.47496796875,0.4998576171875,0.4913044921875,0.499621875,0.4979279296875,0.4990154296875,0.4964404296875,0.4830029296875,0.4998779296875,0.475246875,0.4921875,0.49990546875,0.48618046875,0.4904607421875,0.49958671875,0.491871875,0.499096875,0.4991748046875,0.4995310546875,0.499971875,0.49993671875,0.4955466796875,0.4922654296875,0.49999921875,0.4978875,0.495,0.4998779296875,0.4888435546875,0.4753857421875,0.4864904296875,0.4999669921875,0.4999669921875,0.4983826171875,0.4993201171875,0.4990701171875,0.4999138671875,0.4922654296875,0.49763671875,0.4992732421875,0.477421875,0.4936013671875,0.4968,0.49381171875,0.4944875,0.4999435546875,0.49958671875,0.4921875,0.48699921875,0.490546875,0.496996875,0.4866951171875,0.47089921875,0.4536779296875,0.4924201171875,0.495246875,0.4984529296875,0.49155,0.4999294921875,0.4992,0.4803732421875,0.49999921875,0.48966796875,0.48779296875,0.4999982421875,0.4921091796875,0.4937419921875,0.4951857421875,0.4911388671875,0.49999921875,0.4998576171875,0.4872998046875,0.4803732421875,0.49628046875,0.49669921875,0.4981623046875,0.4960060546875,0.49461796875,0.4998357421875,0.486796875,0.4899357421875,0.49996171875,0.4983826171875,0.45611796875,0.4917919921875,0.4980857421875,0.4996716796875,0.4962263671875,0.4950623046875,0.496596875,0.4893966796875,0.4960060546875,0.4937419921875,0.4928748046875,0.49971796875,0.4979279296875,0.49995,0.4963875,0.4992732421875,0.4992732421875,0.4818310546875,0.4925732421875,0.4989591796875,0.49796796875,0.49977421875,0.4941544921875,0.4965451171875,0.4984875,0.4982373046875,0.499746875,0.4895779296875,0.4937419921875,0.4954875,0.49728046875,0.47496796875,0.49002421875,0.4999560546875,0.494746875,0.48,0.48739921875,0.4987810546875,0.49993671875,0.4854435546875,0.4998357421875,0.4997873046875,0.49583671875,0.49998046875,0.4951857421875,0.4916310546875,0.4982373046875,0.4913044921875,0.4813513671875,0.4890294921875,0.48533671875,0.497721875,0.4983826171875,0.48074296875,0.4999875,0.49914921875,0.484246875,0.479496875,0.49669921875,0.4992,0.499296875,0.48265546875,0.4975060546875,0.4999904296875,0.46875,0.48893671875,0.49951171875,0.4995685546875,0.4879875,0.4969482421875,0.499921875,0.49780546875,0.49875,0.4987810546875,0.49755,0.4995685546875,0.4992732421875,0.4801248046875,0.4999951171875,0.4925732421875,0.4994513671875,0.49408671875,0.4971404296875,0.481471875,0.44678046875,0.499471875,0.485971875,0.4999763671875,0.49728046875,0.4927248046875,0.4791154296875,0.4971875,0.49868671875,0.4993875,0.49965546875,0.4998,0.492496875,0.4975935546875,0.499096875,0.4996044921875,0.49709296875,0.4913044921875,0.4975060546875,0.4808654296875,0.4886560546875,0.49977421875,0.4830029296875,0.49934296875,0.49986796875,0.4999138671875,0.4986544921875,0.49999296875,0.49943046875,0.49955,0.49951171875,0.4999904296875,0.499996875,0.496596875,0.4999138671875,0.4913044921875,0.4888435546875,0.49982421875,0.47607421875,0.48074296875,0.4882763671875,0.4999951171875,0.49841796875,0.4963875,0.4818310546875,0.4922654296875,0.49965546875,0.4984529296875,0.4968498046875,0.497371875,0.498046875,0.49955,0.4961169921875,0.4944216796875,0.4925732421875,0.4983826171875,0.49995,0.49943046875,0.4999904296875,0.4999669921875,0.49951171875,0.4989013671875,0.4934591796875,0.4999763671875,0.4985888671875,0.4954875,0.45974296875,0.4825388671875,0.4992248046875,0.496596875,0.49924921875,0.4673279296875,0.4963341796875,0.4967498046875,0.49353046875,0.4988419921875,0.4998576171875,0.499846875,0.4991748046875,0.49812421875,0.4948107421875,0.49827421875,0.499296875,0.4965451171875
0.486796875,0.46906171875,0.4940185546875,0.4963341796875,0.4827716796875,0.4983107421875,0.4999669921875,0.49855546875,0.4986544921875,0.49965546875,0.4574044921875,0.481471875,0.49999296875,0.4984529296875,0.4999669921875,0.4892138671875,0.4963875,0.49855546875,0.47496796875,0.4961169921875,0.49914921875,0.4908875,0.49881171875,0.49904296875,0.4951857421875,0.444721875,0.4909716796875,0.49924921875,0.4746875,0.4662,0.4991232421875,0.4999982421875,0.4897576171875,0.4989013671875,0.497371875,0.4909716796875,0.4988419921875,0.498346875,0.49583671875,0.4673279296875,0.498871875,0.4936013671875,0.4888435546875,0.443046875,0.4997873046875,0.486796875,0.4919513671875,0.4970451171875,0.4992732421875,0.483346875,0.496596875,0.49982421875,0.498621875,0.493096875,0.494221875,0.4949373046875,0.493671875,0.489121875,0.4808654296875,0.4998357421875,0.48618046875,0.4998966796875,0.4961169921875,0.49875,0.49264921875,0.49914921875,0.4953076171875,0.478471875,0.49875,0.49993671875,0.4992248046875,0.4828875,0.475246875,0.4957794921875,0.479496875,0.48123046875,0.49958671875,0.4998966796875,0.4908875,0.499746875,0.4989013671875,0.4996716796875,0.4996044921875,0.4786013671875,0.4980076171875,0.48576171875,0.4990701171875,0.4984875,0.491221875,0.4992732421875,0.4993201171875,0.4793701171875,0.4921091796875,0.4739794921875,0.499921875,0.4945529296875,0.49999296875,0.497371875,0.48893671875,0.49583671875,0.49171171875,0.4975935546875,0.49990546875,0.4999904296875,0.49868671875,0.4832326171875,0.4793701171875,0.49998046875,0.49324296875,0.4925732421875,0.4643888671875,0.49986796875,0.4676466796875,0.4974169921875,0.48265546875,0.4978875,0.48357421875,0.4999998046875,0.4992,0.49996171875,0.49606171875,0.49728046875,0.49812421875,0.481471875,0.4954279296875,0.4962263671875,0.488371875,0.4993201171875,0.49763671875,0.494746875,0.49002421875,0.49780546875,0.49669921875,0.49855546875,0.4768875,0.4998,0.4996875,0.4997029296875,0.4997607421875,0.4998,0.4983826171875,0.4872,0.49669921875,0.49934296875,0.4899357421875,0.4970451171875,0.4992,0.4996044921875,0.49951171875,0.48,0.4938810546875,0.4973263671875,0.48930546875,0.4994513671875,0.4996875,0.4884669921875,0.4995310546875,0.4931701171875,0.4928748046875,0.4648875,0.49155,0.49868671875,0.49138671875,0.4872998046875,0.49996171875,0.49986796875,0.4979279296875,0.48402421875,0.4998576171875,0.49999296875,0.4902873046875,0.4937419921875,0.4948107421875,0.4980857421875,0.49689921875,0.4999294921875,0.49965546875,0.49914921875,0.49855546875,0.48218671875,0.49995,0.499746875,0.4841357421875,0.4998875,0.4999875,0.4992732421875,0.4886560546875,0.4908029296875,0.4999435546875,0.4987185546875,0.4970451171875,0.499921875,0.49951171875,0.49875,0.4999560546875,0.4888435546875,0.4946826171875,0.49395,0.49780546875,0.4811091796875,0.49982421875,0.49893046875,0.4786013671875,0.4974169921875,0.49999296875,0.4997873046875,0.49934296875,0.48024921875,0.49264921875,0.4934591796875,0.4990701171875,0.4808654296875,0.4872998046875,0.4999294921875,0.4864904296875,0.496996875,0.4808654296875,0.4996388671875,0.499996875,0.4996875,0.4954279296875,0.49934296875,0.4968498046875,0.49689921875,0.4998357421875,0.49381171875,0.4933875,0.4998357421875,0.49996171875,0.4997029296875,0.48446796875,0.4989875,0.45386796875,0.4856560546875,0.49881171875,0.49689921875,0.4906326171875,0.499471875,0.499096875,0.49435546875,0.497721875,0.4685935546875,0.4902873046875,0.4893966796875,0.4978875,0.43743046875,0.498346875,0.49435546875,0.495246875,0.494221875,0.49999921875,0.4746875,0.491871875,0.4911388671875,0.499296875,0.4999138671875,0.4968,0.4758,0.4786013671875,0.49755,0.49934296875,0.4783419921875,0.4902,0.49841796875,0.49875,0.49755,0.4958935546875,0.499921875,0.4946826171875,0.49841796875,0.49728046875,0.49893046875,0.4946826171875,0.4925732421875,0.4945529296875,0.4942888671875,0.488371875,0.49780546875,0.48659296875,0.49855546875,0.494746875,0.4884669921875,0.49606171875,0.4997029296875,0.5,0.4931701171875,0.49796796875,0.4866951171875,0.4945529296875,0.48195,0.4976794921875,0.49487421875,0.4902873046875,0.4998357421875,0.49536796875,0.4872998046875,0.4985888671875,0.4890294921875,0.49763671875,0.48555,0.493671875,0.4832326171875,0.49606171875,0.48171171875,0.4899357421875,0.4956638671875,0.49560546875,0.4768875,0.4978875,0.49943046875,0.4909716796875,0.4839123046875,0.4979279296875,0.49728046875,0.495721875,0.4985888671875,0.49999296875,0.4999998046875,0.49893046875,0.4984875,0.49875,0.4957794921875,0.49728046875,0.4982,0.4876951171875,0.4971404296875,0.4933875,0.49995,0.4836873046875,0.49999296875,0.49812421875,0.49755,0.4948107421875,0.48265546875,0.4950623046875,0.49875,0.4902,0.48930546875,0.48446796875,0.49583671875,0.48699921875,0.49669921875,0.4998123046875,0.4956638671875,0.493671875,0.4762107421875,0.4998357421875,0.494221875,0.49971796875,0.486796875,0.4971875,0.49943046875,0.4983107421875,0.49105546875,0.4983107421875,0.4870998046875,0.4998357421875,0.4303888671875,0.496996875,0.4928,0.4989875,0.49977421875,0.495246875,0.49155,0.4984529296875,0.49986796875,0.48856171875,0.498046875,0.49746171875,0.4990154296875,0.4916310546875,0.4975935546875,0.49841796875,0.4838,0.4992,0.49395,0.49996171875,0.49796796875,0.4973263671875,0.4987185546875,0.4962263671875,0.4950623046875,0.49353046875,0.49755,0.478471875,0.4936013671875,0.4963341796875,0.4973263671875,0.4872998046875,0.497721875,0.499746875,0.491221875,0.487596875,0.493671875,0.49037421875,0.4971875,0.495,0.4995685546875,0.4954875,0.4999138671875,0.49408671875,0.49993671875,0.49595,0.49996171875,0.4647216796875,0.499746875,0.493096875,0.4971404296875,0.499971875,0.49875,0.4916310546875,0.48195,0.486796875,0.49904296875,0.4950623046875,0.4566716796875,0.498621875,0.49294921875,0.4999875,0.49971796875,0.4993875,0.49796796875,0.46843671875,0.493671875,0.49827421875,0.4997326171875,0.49893046875,0.4832326171875,0.4666857421875,0.4798748046875,0.4998357421875,0.4984875,0.4968,0.4983107421875,0.4818310546875,0.4841357421875,0.48930546875,0.49841796875,0.4940185546875,0.4847966796875,0.4981623046875,0.4997873046875,0.49560546875,0.4980857421875,0.4999560546875,0.49934296875,0.49875,0.4999560546875,0.4999669921875,0.4945529296875,0.49294921875,0.49408671875,0.478471875,0.49993671875,0.49881171875,0.4999904296875,0.48123046875,0.4937419921875,0.4962263671875,0.4998875,0.498046875,0.488371875,0.49914921875,0.4839123046875,0.4949373046875,0.4872998046875,0.4997607421875,0.4998123046875,0.49381171875,0.4953076171875,0.4828875,0.4780810546875,0.4751076171875,0.493671875,0.499971875,0.48195,0.4983826171875,0.49855546875,0.495246875,0.4998779296875,0.49934296875,0.4922654296875,0.4673279296875,0.4991232421875,0.4841357421875,0.49324296875,0.4919513671875,0.4982373046875,0.4908875,0.4878904296875,0.49435546875,0.49669921875,0.498346875,0.4998966796875,0.4509763671875,0.4994091796875,0.49977421875,0.4984875,0.4895779296875,0.4954279296875,0.4976794921875,0.4564875,0.4992732421875,0.4921091796875,0.49934296875,0.495,0.4440966796875,0.4999841796875,0.49560546875,0.4971875,0.499971875,0.4574044921875,0.49728046875,0.4978466796875,0.4993654296875,0.4581310546875,0.4958935546875,0.4990701171875,0.4983826171875,0.4998875,0.4899357421875,0.49971796875,0.49395,0.486796875,0.49893046875,0.47821171875,0.4938810546875,0.49628046875,0.492496875,0.4960060546875,0.49071796875,0.4979279296875,0.49728046875,0.4966482421875,0.47326171875,0.4931701171875,0.48555,0.48446796875,0.49977421875,0.4914685546875,0.4989013671875,0.4899357421875,0.4940185546875,0.4796232421875,0.483346875,0.487596875,0.4992248046875,0.48357421875,0.4985216796875,0.4762107421875,0.4884669921875,0.4963341796875,0.4852294921875,0.49812421875,0.457221875,0.48930546875,0.4921091796875,0.4992,0.4985888671875,0.4944216796875,0.4980857421875,0.49914921875,0.4870998046875,0.49855546875,0.4991232421875,0.499971875,0.4999998046875,0.4970451171875,0.49435546875,0.49998046875,0.49606171875,0.4780810546875,0.4999294921875,0.4985888671875,0.48074296875,0.4999875,0.489121875,0.476346875,0.4995685546875,0.49138671875,0.4969482421875,0.4963875,0.4999998046875,0.4992248046875,0.49914921875,0.4987185546875,0.4928748046875,0.495246875,0.4933154296875,0.4904607421875,0.4989013671875,0.49993671875,0.499846875,0.4985216796875,0.4987185546875,0.4551873046875,0.4846875,0.48195,0.4986544921875,0.4878904296875,0.4928748046875,0.4963341796875,0.49995,0.498621875,0.4941544921875,0.4998357421875,0.4987185546875,0.499996875,0.4973263671875,0.4996044921875,0.4890294921875,0.499746875,0.4998,0.4989591796875,0.48024921875,0.496996875,0.499846875,0.4996388671875,0.49955,0.49583671875,0.493671875,0.491871875,0.4945529296875,0.499746875,0.48123046875,0.4864904296875,0.49138671875,0.4815919921875,0.49955,0.495721875,0.4967498046875,0.48576171875,0.4999435546875,0.4962263671875,0.49487421875,0.49649296875,0.4999435546875,0.48,0.4699875,0.499621875,0.4938810546875,0.4998,0.4998123046875,0.4993201171875,0.4940185546875,0.4890294921875,0.49435546875,0.49395,0.4868982421875,0.4974169921875,0.4997873046875,0.49606171875,0.48818046875,0.4999669921875,0.4982373046875,0.4957794921875,0.4989013671875,0.4998357421875,0.49755,0.48402421875,0.4933154296875,0.4991748046875,0.4971404296875,0.499746875,0.478471875,0.48699921875,0.4968498046875,0.4893966796875,0.4998875,0.49998046875,0.4997873046875,0.49461796875,0.4965451171875,0.4981623046875,0.499096875,0.49943046875,0.4991748046875,0.4854435546875,0.49868671875,0.4993875,0.49155,0.4992,0.4991748046875,0.493096875,0.49324296875,0.4723875,0.49536796875,0.4919513671875,0.498621875,0.498346875,0.49796796875,0.49965546875,0.4946826171875,0.4960060546875,0.4827716796875,0.48123046875,0.4997607421875,0.49583671875,0.49512421875,0.49381171875,0.4823044921875,0.497721875,0.4997326171875,0.4986544921875,0.4948107421875,0.4989591796875,0.4985216796875,0.49234296875,0.4902873046875,0.4828875,0.4908875,0.499996875,0.4957794921875,0.4979279296875,0.49755,0.4809875,0.46906171875,0.4998357421875,0.491871875,0.4946826171875,0.48618046875,0.499621875,0.49796796875,0.49955,0.4999560546875,0.4996716796875,0.4862841796875,0.496596875,0.494221875,0.493671875,0.49893046875,0.4971404296875,0.49986796875,0.449596875,0.4803732421875,0.4992,0.4746875,0.4999294921875,0.4748279296875,0.4770216796875,0.49669921875,0.4827716796875,0.4996875,0.4902,0.47974921875,0.49512421875,0.4983107421875,0.486796875,0.49755,0.4917919921875,0.47552421875,0.4992732421875,0.4934591796875,0.49990546875,0.4957794921875,0.4989875,0.4928,0.4832326171875,0.49993671875,0.46521796875,0.4916310546875,0.4999138671875,0.48402421875,0.4909716796875,0.4997607421875,0.49461796875,0.49990546875,0.49943046875,0.4993201171875,0.49965546875,0.4997607421875,0.4924201171875,0.4944875,0.4999560546875,0.4970451171875,0.49689921875,0.4999294921875,0.4878904296875,0.46780546875,0.4838,0.4999294921875,0.4999841796875,0.4985216796875,0.4991748046875,0.4998,0.49998046875,0.4921875,0.4989013671875,0.4993201171875,0.4820685546875,0.49171171875,0.49583671875,0.49324296875,0.49395,0.4998966796875,0.4989875,0.4931701171875,0.4890294921875,0.48930546875,0.4980857421875,0.483346875,0.4710498046875,0.4595654296875,0.4949373046875,0.4965451171875,0.4987185546875,0.492496875,0.499296875,0.4987185546875,0.47873046875,0.4999560546875,0.490546875,0.483346875,0.4998357421875,0.4950623046875,0.4964404296875,0.4954875,0.4927248046875,0.49986796875,0.4999998046875,0.4908029296875,0.4836873046875,0.4955466796875,0.49669921875,0.4987185546875,0.494221875,0.4954279296875,0.49982421875,0.4874982421875,0.48875,0.4999763671875,0.4980076171875,0.455,0.4945529296875,0.4998779296875,0.4999904296875,0.4971404296875,0.493671875,0.4975935546875,0.48533671875,0.49755,0.49461796875,0.49264921875,0.49990546875,0.4969482421875,0.4982373046875,0.49728046875,0.499746875,0.499296875,0.4825388671875,0.49138671875,0.499621875,0.49841796875,0.499996875,0.4954279296875,0.4976794921875,0.49763671875,0.4979279296875,0.499846875,0.49037421875,0.4960060546875,0.4931701171875,0.4977638671875,0.4722404296875,0.4884669921875,0.49990546875,0.4962263671875,0.4850138671875,0.48893671875,0.4998966796875,0.49999296875,0.4827716796875,0.499471875,0.49914921875,0.4971875,0.4998,0.4950623046875,0.4870998046875,0.4955466796875,0.49155,0.4815919921875,0.48779296875,0.48123046875,0.4992732421875,0.49914921875,0.4830029296875,0.49998046875,0.498621875,0.4872,0.4768875,0.4960060546875,0.4993201171875,0.4999560546875,0.4808654296875,0.4981623046875,0.49995,0.4745466796875,0.491871875,0.49951171875,0.4998875,0.4882763671875,0.497721875,0.49924921875,0.4975060546875,0.4982373046875,0.498621875,0.4983826171875,0.4984529296875,0.5,0.4786013671875,0.4998576171875,0.48930546875,0.4993654296875,0.49512421875,0.49669921875,0.4813513671875,0.44430546875,0.4984875,0.4856560546875,0.498871875,0.4966482421875,0.4937419921875,0.48195,0.4975935546875,0.4989591796875,0.49812421875,0.4978466796875,0.49924921875,0.4966482421875,0.4974169921875,0.4992248046875,0.49881171875,0.4974169921875,0.49138671875,0.49763671875,0.48074296875,0.48576171875,0.49990546875,0.4876951171875,0.4997326171875,0.49993671875,0.499621875,0.4988419921875,0.4996716796875,0.49971796875,0.499621875,0.499471875,0.499996875,0.4997873046875,0.4958935546875,0.4997873046875,0.4872998046875,0.4858669921875,0.4999875,0.4731169921875,0.4852294921875,0.49583671875,0.49971796875,0.498346875,0.49512421875,0.48,0.4931701171875,0.49971796875,0.4954279296875,0.49796796875,0.49951171875,0.498871875,0.4997873046875,0.4980076171875,0.496171875,0.4890294921875,0.4982373046875,0.4999560546875,0.499096875,0.49999921875,0.4996716796875,0.4994091796875,0.4987810546875,0.494221875,0.49982421875,0.49796796875,0.4989875,0.454246875,0.4820685546875,0.4993654296875,0.49512421875,0.49943046875,0.4716482421875,0.4957794921875,0.4967498046875,0.49487421875,0.4989591796875,0.49993671875,0.4998875,0.4996875,0.49628046875,0.495246875,0.49943046875,0.4981623046875,0.49796796875
0.48576171875,0.4692169921875,0.4888435546875,0.49780546875,0.48533671875,0.4969482421875,0.49999296875,0.496596875,0.4992,0.4985888671875,0.45156171875,0.483346875,0.4999763671875,0.4980076171875,0.49995,0.48930546875,0.49669921875,0.4969482421875,0.4789875,0.496996875,0.49990546875,0.49234296875,0.4997029296875,0.49881171875,0.49595,0.4481982421875,0.4914685546875,0.4999138671875,0.4759373046875,0.4663623046875,0.49893046875,0.4999982421875,0.48699921875,0.4981623046875,0.49812421875,0.49234296875,0.4984875,0.4990701171875,0.49595,0.47029296875,0.4992248046875,0.4944216796875,0.4919513671875,0.4505841796875,0.4990701171875,0.4860763671875,0.493671875,0.4987810546875,0.4984875,0.48265546875,0.495,0.49999921875,0.4989875,0.49536796875,0.496171875,0.494221875,0.4941544921875,0.48699921875,0.47795,0.4999904296875,0.4914685546875,0.49990546875,0.4930232421875,0.4993875,0.4919513671875,0.49914921875,0.49560546875,0.4719451171875,0.4981623046875,0.4998875,0.498621875,0.4866951171875,0.47821171875,0.4982,0.48311796875,0.485121875,0.49904296875,0.4991748046875,0.48699921875,0.4989875,0.499746875,0.4998875,0.4992,0.4788591796875,0.4989591796875,0.48618046875,0.4998576171875,0.4992,0.4892138671875,0.4991748046875,0.4993201171875,0.472971875,0.4963341796875,0.4728263671875,0.49982421875,0.4933154296875,0.4999560546875,0.4978466796875,0.4906326171875,0.4931701171875,0.489121875,0.4963341796875,0.4995685546875,0.4994513671875,0.49982421875,0.4830029296875,0.4770216796875,0.499996875,0.495721875,0.4933875,0.45795,0.4999763671875,0.4588513671875,0.49628046875,0.477421875,0.4985888671875,0.4845779296875,0.49990546875,0.4992,0.4999560546875,0.49461796875,0.4957794921875,0.4975935546875,0.4870998046875,0.4957794921875,0.4972341796875,0.4908875,0.49812421875,0.4994513671875,0.49512421875,0.48930546875,0.4961169921875,0.4970451171875,0.4992248046875,0.471796875,0.4998779296875,0.4999951171875,0.49990546875,0.49868671875,0.49958671875,0.4984529296875,0.4828875,0.49943046875,0.4993875,0.4925732421875,0.49881171875,0.4993875,0.49986796875,0.49904296875,0.4788591796875,0.4958935546875,0.4964404296875,0.49037421875,0.4998123046875,0.4994091796875,0.4860763671875,0.4994091796875,0.49395,0.4924201171875,0.4608,0.487596875,0.49796796875,0.49353046875,0.4870998046875,0.499921875,0.49998046875,0.4976794921875,0.4843576171875,0.4999669921875,0.4996875,0.48576171875,0.4938810546875,0.49155,0.49855546875,0.4980076171875,0.4998357421875,0.49914921875,0.4965451171875,0.49868671875,0.484246875,0.49965546875,0.4996388671875,0.4886560546875,0.4998576171875,0.4999998046875,0.4984529296875,0.4913044921875,0.493671875,0.4999435546875,0.49841796875,0.4966482421875,0.4999951171875,0.4999875,0.49628046875,0.499846875,0.4890294921875,0.4960060546875,0.49353046875,0.4990154296875,0.47924296875,0.499846875,0.49796796875,0.4746875,0.4975935546875,0.4989591796875,0.49990546875,0.49868671875,0.47873046875,0.4922654296875,0.495,0.499096875,0.485121875,0.489121875,0.4999294921875,0.4872,0.49728046875,0.4820685546875,0.49996171875,0.499096875,0.4999841796875,0.4957794921875,0.4989013671875,0.49628046875,0.4960060546875,0.4993201171875,0.4931701171875,0.4909716796875,0.4996716796875,0.4999841796875,0.499921875,0.48171171875,0.49841796875,0.4581310546875,0.481471875,0.4997326171875,0.49234296875,0.4908875,0.49868671875,0.499296875,0.4944875,0.4958935546875,0.4736935546875,0.4933154296875,0.4890294921875,0.49649296875,0.4313185546875,0.4993201171875,0.49324296875,0.4944875,0.49138671875,0.49996171875,0.47149921875,0.49435546875,0.487596875,0.499846875,0.4998966796875,0.496996875,0.47268046875,0.4767529296875,0.496996875,0.4993654296875,0.4723875,0.48311796875,0.4998966796875,0.49827421875,0.4981623046875,0.49868671875,0.4972341796875,0.4950623046875,0.4985216796875,0.4982,0.49583671875,0.4958935546875,0.4937419921875,0.4953076171875,0.4933154296875,0.49353046875,0.4970451171875,0.4908029296875,0.4982,0.49408671875,0.4876951171875,0.4983107421875,0.4999138671875,0.4994513671875,0.49395,0.4978875,0.4854435546875,0.4916310546875,0.47661796875,0.4989875,0.4936013671875,0.4909716796875,0.49958671875,0.4971404296875,0.4940185546875,0.4986544921875,0.49002421875,0.4968,0.4825388671875,0.4930232421875,0.4786013671875,0.495246875,0.485121875,0.4893966796875,0.4965451171875,0.4951857421875,0.47768671875,0.49958671875,0.4993654296875,0.491221875,0.4825388671875,0.4970451171875,0.49606171875,0.4919513671875,0.4997029296875,0.499996875,0.49993671875,0.4978466796875,0.4982373046875,0.49875,0.4948107421875,0.49628046875,0.4963341796875,0.48171171875,0.4971404296875,0.495,0.4999138671875,0.48555,0.4999560546875,0.4968,0.4999294921875,0.4945529296875,0.482421875,0.4954875,0.4978875,0.489121875,0.483346875,0.47974921875,0.49746171875,0.484246875,0.4978875,0.4998123046875,0.4937419921875,0.4942888671875,0.4748279296875,0.4997873046875,0.4938810546875,0.49982421875,0.4858669921875,0.49395,0.49868671875,0.4984529296875,0.491871875,0.4978875,0.4917919921875,0.4998576171875,0.4317810546875,0.4966482421875,0.495,0.4991748046875,0.499746875,0.4954875,0.4894875,0.4994919921875,0.499921875,0.4884669921875,0.496171875,0.49669921875,0.4984875,0.489846875,0.49875,0.4990154296875,0.4854435546875,0.49977421875,0.4944875,0.499846875,0.4957794921875,0.496171875,0.4977638671875,0.49689921875,0.49395,0.4955466796875,0.4989591796875,0.47496796875,0.49264921875,0.49606171875,0.497371875,0.4913044921875,0.4975060546875,0.4999763671875,0.4911388671875,0.4846875,0.4945529296875,0.48856171875,0.49755,0.4971404296875,0.49881171875,0.4970451171875,0.49998046875,0.4928748046875,0.4999560546875,0.4933875,0.4999294921875,0.46321171875,0.4996388671875,0.4930232421875,0.49763671875,0.499846875,0.4992,0.4933875,0.4825388671875,0.4884669921875,0.49796796875,0.49294921875,0.4608,0.4990154296875,0.49105546875,0.4996875,0.49999296875,0.4991748046875,0.4982,0.4621875,0.4914685546875,0.49709296875,0.4998966796875,0.49875,0.48218671875,0.4623591796875,0.47924296875,0.4991748046875,0.49689921875,0.49381171875,0.49855546875,0.4801248046875,0.48123046875,0.4911388671875,0.49812421875,0.4916310546875,0.4836873046875,0.4985888671875,0.4998576171875,0.49709296875,0.497721875,0.49998046875,0.49812421875,0.4984875,0.4998357421875,0.4996716796875,0.4970451171875,0.4946826171875,0.49353046875,0.4808654296875,0.4996388671875,0.49943046875,0.4999998046875,0.48123046875,0.493096875,0.49746171875,0.4999435546875,0.49628046875,0.486796875,0.4982,0.48,0.4955466796875,0.4934591796875,0.4999560546875,0.499096875,0.4965451171875,0.494746875,0.4823044921875,0.4764826171875,0.47795,0.49381171875,0.4999560546875,0.4830029296875,0.4991232421875,0.498046875,0.494221875,0.49999921875,0.4984875,0.49138671875,0.4731169921875,0.4981623046875,0.4756623046875,0.495721875,0.49203046875,0.4999841796875,0.48893671875,0.4880841796875,0.4925732421875,0.4957794921875,0.4976794921875,0.4996044921875,0.454246875,0.4998875,0.4984875,0.4979279296875,0.4823044921875,0.498046875,0.4983826171875,0.4602732421875,0.49965546875,0.4927248046875,0.4994919921875,0.493096875,0.43654296875,0.4999875,0.494221875,0.4978466796875,0.4997029296875,0.4606248046875,0.498621875,0.49628046875,0.499621875,0.45795,0.4944216796875,0.4983107421875,0.49812421875,0.499996875,0.4847966796875,0.5,0.49395,0.4864904296875,0.4984529296875,0.480496875,0.4941544921875,0.496171875,0.49487421875,0.4948107421875,0.4914685546875,0.4979279296875,0.49709296875,0.498046875,0.4767529296875,0.4944216796875,0.4854435546875,0.4845779296875,0.4999904296875,0.489121875,0.4993201171875,0.4936013671875,0.4963875,0.47715546875,0.47715546875,0.48875,0.49965546875,0.48576171875,0.4982373046875,0.4778185546875,0.4862841796875,0.4968,0.4868982421875,0.4989875,0.4521435546875,0.4879875,0.494221875,0.499471875,0.49755,0.4938810546875,0.4977638671875,0.4984529296875,0.4906326171875,0.49324296875,0.49875,0.49986796875,0.49986796875,0.4978875,0.4954279296875,0.4997873046875,0.4957794921875,0.4791154296875,0.4999763671875,0.4980076171875,0.48,0.4996716796875,0.4944216796875,0.4762107421875,0.499471875,0.4921091796875,0.4978466796875,0.4957794921875,0.49982421875,0.499471875,0.4996716796875,0.4985888671875,0.49461796875,0.494221875,0.4892138671875,0.49071796875,0.4993201171875,0.49995,0.4999138671875,0.4979279296875,0.4997607421875,0.4534875,0.4832326171875,0.47821171875,0.4973263671875,0.4890294921875,0.4908875,0.49669921875,0.5,0.4972341796875,0.4974169921875,0.4991748046875,0.4993654296875,0.49982421875,0.4955466796875,0.4998357421875,0.4933154296875,0.499296875,0.4996388671875,0.4992248046875,0.48218671875,0.4976794921875,0.49998046875,0.49914921875,0.4995310546875,0.49746171875,0.4949373046875,0.4950623046875,0.49583671875,0.4994919921875,0.48311796875,0.49171171875,0.4876951171875,0.47873046875,0.4998966796875,0.4899357421875,0.4996388671875,0.4828875,0.4996875,0.4965451171875,0.4966482421875,0.4985216796875,0.49999296875,0.4775544921875,0.47496796875,0.498346875,0.4961169921875,0.4997607421875,0.4989591796875,0.4985888671875,0.4963341796875,0.487596875,0.49689921875,0.4968,0.483346875,0.499621875,0.4997029296875,0.49583671875,0.49037421875,0.4995685546875,0.49827421875,0.4972341796875,0.4991232421875,0.4999951171875,0.4983826171875,0.4793701171875,0.4954279296875,0.4991232421875,0.49264921875,0.49982421875,0.4767529296875,0.4863875,0.495246875,0.4930232421875,0.4989591796875,0.49995,0.49914921875,0.49381171875,0.494221875,0.4987810546875,0.4983107421875,0.4983826171875,0.49977421875,0.48311796875,0.4985888671875,0.4988419921875,0.4930232421875,0.49951171875,0.4996388671875,0.4919513671875,0.493671875,0.4796232421875,0.49728046875,0.4957794921875,0.4990154296875,0.4989875,0.4980076171875,0.4992248046875,0.4913044921875,0.4962263671875,0.4839123046875,0.48402421875,0.4998576171875,0.49709296875,0.4960060546875,0.494746875,0.4788591796875,0.497371875,0.4999875,0.49875,0.4944875,0.49958671875,0.4992248046875,0.4876951171875,0.4921875,0.48218671875,0.4886560546875,0.4999998046875,0.4937419921875,0.49812421875,0.49780546875,0.4808654296875,0.4679638671875,0.499621875,0.494746875,0.4941544921875,0.4874982421875,0.4990154296875,0.4965451171875,0.49990546875,0.4985216796875,0.4999998046875,0.485121875,0.49709296875,0.4954279296875,0.4928,0.49796796875,0.49763671875,0.499971875,0.44759296875,0.47924296875,0.49943046875,0.4762107421875,0.4995685546875,0.4764826171875,0.47768671875,0.498621875,0.48357421875,0.499846875,0.48930546875,0.479496875,0.49324296875,0.4992,0.48966796875,0.49827421875,0.4933154296875,0.4796232421875,0.499096875,0.4934591796875,0.499846875,0.49461796875,0.49924921875,0.49203046875,0.4846875,0.4998966796875,0.4666857421875,0.4874982421875,0.4997029296875,0.483346875,0.4945529296875,0.4998875,0.4964404296875,0.5,0.4983826171875,0.4998123046875,0.4985216796875,0.49924921875,0.4922654296875,0.4941544921875,0.49999921875,0.49606171875,0.4968,0.49990546875,0.4856560546875,0.4759373046875,0.4823044921875,0.4998357421875,0.4996044921875,0.499096875,0.49965546875,0.4999841796875,0.49965546875,0.4954875,0.498046875,0.49982421875,0.4796232421875,0.49138671875,0.4938810546875,0.49408671875,0.495721875,0.49999921875,0.4997607421875,0.4908875,0.487596875,0.4940185546875,0.4991748046875,0.4827716796875,0.4673279296875,0.464221875,0.4930232421875,0.495246875,0.4998779296875,0.4936013671875,0.49924921875,0.49827421875,0.4753857421875,0.4995310546875,0.48856171875,0.4836873046875,0.49958671875,0.4936013671875,0.4965451171875,0.4971404296875,0.48856171875,0.4996388671875,0.499921875,0.4919513671875,0.4879875,0.4956638671875,0.4975935546875,0.49914921875,0.494746875,0.4955466796875,0.4999763671875,0.4934591796875,0.49264921875,0.49904296875,0.49796796875,0.4595654296875,0.49536796875,0.4999294921875,0.4999669921875,0.49595,0.4944216796875,0.49536796875,0.4872,0.4983107421875,0.495246875,0.4948107421875,0.4999560546875,0.4969482421875,0.4979279296875,0.4979279296875,0.4999669921875,0.4993201171875,0.4803732421875,0.4878904296875,0.4999998046875,0.498346875,0.4998875,0.49487421875,0.4971875,0.49583671875,0.49827421875,0.49780546875,0.4888435546875,0.4968,0.49689921875,0.496171875,0.4753857421875,0.4854435546875,0.4988419921875,0.49649296875,0.48311796875,0.48739921875,0.4994091796875,0.4999982421875,0.48659296875,0.4997326171875,0.49999296875,0.496996875,0.4999875,0.496596875,0.4839123046875,0.49689921875,0.495,0.48311796875,0.48818046875,0.48555,0.49796796875,0.495246875,0.47924296875,0.4999138671875,0.4979279296875,0.4927248046875,0.4722404296875,0.49649296875,0.499296875,0.49904296875,0.4823044921875,0.4979279296875,0.4999294921875,0.4775544921875,0.48779296875,0.49955,0.4998966796875,0.4868982421875,0.49763671875,0.4999560546875,0.4969482421875,0.4994091796875,0.4962263671875,0.4971404296875,0.4996044921875,0.49986796875,0.4767529296875,0.4996716796875,0.4908029296875,0.4997326171875,0.4968498046875,0.49746171875,0.47821171875,0.4424123046875,0.49796796875,0.48555,0.499621875,0.4960060546875,0.4931701171875,0.4811091796875,0.495,0.4993201171875,0.49881171875,0.49965546875,0.4995685546875,0.49689921875,0.4984875,0.499746875,0.4987810546875,0.49606171875,0.49203046875,0.495246875,0.4850138671875,0.4893966796875,0.49958671875,0.4847966796875,0.4999435546875,0.4999841796875,0.499971875,0.499746875,0.49893046875,0.4993875,0.4983826171875,0.49934296875,0.499921875,0.4999294921875,0.4967498046875,0.49999921875,0.4901123046875,0.48533671875,0.4998576171875,0.4685935546875,0.47974921875,0.49002421875,0.499471875,0.496596875,0.49595,0.48311796875,0.4916310546875,0.4998123046875,0.496596875,0.4972341796875,0.4992248046875,0.49996171875,0.4993201171875,0.4971404296875,0.496171875,0.489121875,0.49971796875,0.4999904296875,0.4993201171875,0.4999294921875,0.4989875,0.4995685546875,0.4994513671875,0.4886560546875,0.4999951171875,0.498346875,0.4983826171875,0.4602732421875,0.47873046875,0.499096875,0.496596875,0.4994091796875,0.4650529296875,0.495721875,0.4974169921875,0.4949373046875,0.49914921875,0.4992732421875,0.4997326171875,0.49965546875,0.49435546875,0.494221875,0.49904296875,0.495721875,0.4971404296875
0.4856560546875,0.46652421875,0.4874982421875,0.498621875,0.4862841796875,0.496596875,0.4994513671875,0.496171875,0.4994919921875,0.498346875,0.45685546875,0.48265546875,0.49999921875,0.4989875,0.49986796875,0.4909716796875,0.4938810546875,0.4958935546875,0.470596875,0.49649296875,0.4999998046875,0.49583671875,0.49943046875,0.498621875,0.4940185546875,0.4428357421875,0.4928748046875,0.49977421875,0.4719451171875,0.4734060546875,0.49628046875,0.4999669921875,0.4906326171875,0.4996716796875,0.49560546875,0.49435546875,0.4983107421875,0.4973263671875,0.4975060546875,0.4764826171875,0.4995685546875,0.4927248046875,0.4894875,0.4532966796875,0.4981623046875,0.4847966796875,0.4975935546875,0.49855546875,0.4980076171875,0.48446796875,0.4938810546875,0.499746875,0.4974169921875,0.4925732421875,0.4962263671875,0.4964404296875,0.4961169921875,0.489121875,0.4745466796875,0.4999951171875,0.489121875,0.4998576171875,0.493671875,0.4998576171875,0.489121875,0.49943046875,0.4953076171875,0.4722404296875,0.4982373046875,0.499971875,0.4998875,0.4908875,0.4746875,0.495721875,0.4828875,0.4866951171875,0.49893046875,0.49955,0.48555,0.49904296875,0.49958671875,0.4989591796875,0.4995310546875,0.47607421875,0.4970451171875,0.48659296875,0.4999138671875,0.4994091796875,0.4928748046875,0.4970451171875,0.4999904296875,0.47209296875,0.4970451171875,0.4828875,0.4999904296875,0.4894875,0.4999982421875,0.49728046875,0.491221875,0.495,0.4884669921875,0.498046875,0.4993875,0.4991748046875,0.4999669921875,0.4846875,0.4778185546875,0.499746875,0.4962263671875,0.49560546875,0.4613232421875,0.4997607421875,0.4609748046875,0.49827421875,0.4815919921875,0.49855546875,0.4839123046875,0.49999296875,0.499096875,0.4999998046875,0.4919513671875,0.49536796875,0.4983826171875,0.48218671875,0.4963875,0.49763671875,0.4928748046875,0.4980857421875,0.4994513671875,0.4964404296875,0.4882763671875,0.4984875,0.4986544921875,0.49934296875,0.4701404296875,0.49943046875,0.4999669921875,0.49995,0.49982421875,0.4990701171875,0.4981623046875,0.4815919921875,0.4984875,0.4996388671875,0.4908875,0.4996388671875,0.49868671875,0.4999435546875,0.4997607421875,0.478471875,0.495,0.49606171875,0.4892138671875,0.4984875,0.49943046875,0.48074296875,0.4983107421875,0.4965451171875,0.49324296875,0.4673279296875,0.4890294921875,0.4974169921875,0.49138671875,0.48265546875,0.49999296875,0.499921875,0.49796796875,0.48490546875,0.49977421875,0.499846875,0.4850138671875,0.49105546875,0.4921091796875,0.4985216796875,0.49881171875,0.49924921875,0.499296875,0.49812421875,0.498346875,0.4882763671875,0.49971796875,0.499971875,0.48265546875,0.499996875,0.499846875,0.499296875,0.49071796875,0.4922654296875,0.4987810546875,0.4982,0.499296875,0.499846875,0.4999435546875,0.49841796875,0.49990546875,0.4913044921875,0.4944216796875,0.49461796875,0.4989591796875,0.469371875,0.4999435546875,0.49746171875,0.4673279296875,0.498871875,0.49893046875,0.4999294921875,0.4985888671875,0.483346875,0.48966796875,0.493096875,0.4974169921875,0.4820685546875,0.48576171875,0.4999904296875,0.4880841796875,0.4968498046875,0.4864904296875,0.49995,0.495,0.4999669921875,0.49689921875,0.4996716796875,0.4940185546875,0.4956638671875,0.4992,0.48875,0.4924201171875,0.499846875,0.4999951171875,0.49999921875,0.4739794921875,0.499096875,0.4548123046875,0.4832326171875,0.49914921875,0.4942888671875,0.49353046875,0.4996875,0.4993875,0.4940185546875,0.49560546875,0.4701404296875,0.4948107421875,0.4886560546875,0.498621875,0.4422,0.4997029296875,0.49461796875,0.4922654296875,0.4945529296875,0.4996716796875,0.4723875,0.494746875,0.48875,0.498871875,0.49995,0.496596875,0.4751076171875,0.481471875,0.4967498046875,0.4994919921875,0.46843671875,0.4820685546875,0.4998966796875,0.4998357421875,0.49709296875,0.4980076171875,0.4980076171875,0.49487421875,0.49595,0.4984875,0.4955466796875,0.4931701171875,0.4946826171875,0.497371875,0.4916310546875,0.49353046875,0.496996875,0.4892138671875,0.49796796875,0.49324296875,0.4886560546875,0.4978466796875,0.4997326171875,0.499471875,0.4940185546875,0.496996875,0.48446796875,0.4909716796875,0.4783419921875,0.49780546875,0.48779296875,0.4908029296875,0.4995685546875,0.4978466796875,0.49071796875,0.4989591796875,0.48699921875,0.4985216796875,0.4863875,0.4925732421875,0.4778185546875,0.4948107421875,0.4839123046875,0.48966796875,0.4976794921875,0.4967498046875,0.4758,0.4992,0.4991232421875,0.4921091796875,0.4838,0.4980857421875,0.4963341796875,0.493671875,0.49958671875,0.5,0.4999435546875,0.4987185546875,0.49780546875,0.4991232421875,0.4944216796875,0.49649296875,0.494746875,0.487596875,0.4974169921875,0.4914685546875,0.4999951171875,0.48490546875,0.4991232421875,0.4967498046875,0.49796796875,0.49105546875,0.4789875,0.4960060546875,0.4976794921875,0.4830029296875,0.4836873046875,0.47974921875,0.4989591796875,0.48818046875,0.4980857421875,0.49993671875,0.49353046875,0.49583671875,0.4768875,0.4995685546875,0.49487421875,0.4999875,0.488371875,0.4966482421875,0.49990546875,0.4996716796875,0.49203046875,0.4973263671875,0.4924201171875,0.4993201171875,0.4270857421875,0.4981623046875,0.49381171875,0.4989875,0.49986796875,0.495,0.4925732421875,0.4987810546875,0.4994091796875,0.4839123046875,0.49755,0.4940185546875,0.4982,0.4933875,0.4994513671875,0.4982,0.4838,0.49914921875,0.4931701171875,0.49965546875,0.496596875,0.4963875,0.497721875,0.4949373046875,0.49595,0.49487421875,0.4995685546875,0.46587421875,0.495246875,0.4966482421875,0.49827421875,0.4901123046875,0.4980076171875,0.499996875,0.491871875,0.48171171875,0.4924201171875,0.4838,0.497371875,0.495721875,0.4980076171875,0.49649296875,0.49951171875,0.49512421875,0.4999763671875,0.4964404296875,0.4973263671875,0.4650529296875,0.4996716796875,0.4921875,0.49875,0.4998,0.4961169921875,0.4922654296875,0.4832326171875,0.4890294921875,0.4990701171875,0.4928,0.46652421875,0.49924921875,0.4901123046875,0.49993671875,0.4998966796875,0.4983826171875,0.4991748046875,0.4633810546875,0.492496875,0.4967498046875,0.499296875,0.49875,0.4852294921875,0.468121875,0.48123046875,0.4975060546875,0.4968498046875,0.4933154296875,0.4985216796875,0.4815919921875,0.48818046875,0.488371875,0.49755,0.4916310546875,0.48357421875,0.4989591796875,0.49998046875,0.4958935546875,0.498346875,0.499996875,0.49951171875,0.49812421875,0.49998046875,0.4999904296875,0.49560546875,0.4953076171875,0.4963341796875,0.478471875,0.4990701171875,0.4991748046875,0.499621875,0.48074296875,0.49381171875,0.4957794921875,0.4999951171875,0.49746171875,0.4818310546875,0.49965546875,0.481471875,0.49628046875,0.49071796875,0.49993671875,0.49855546875,0.494221875,0.491221875,0.4789875,0.4772888671875,0.47795,0.4901123046875,0.49986796875,0.48357421875,0.4968498046875,0.49763671875,0.495246875,0.4989013671875,0.4993201171875,0.49155,0.4748279296875,0.4990154296875,0.4751076171875,0.49512421875,0.4864904296875,0.4999982421875,0.4895779296875,0.4863875,0.49037421875,0.493671875,0.4987185546875,0.49998046875,0.44999296875,0.499971875,0.4994513671875,0.4978466796875,0.48533671875,0.49487421875,0.496996875,0.458671875,0.4983826171875,0.4946826171875,0.4999435546875,0.4911388671875,0.43384296875,0.4998875,0.4930232421875,0.4971404296875,0.4996716796875,0.44513671875,0.4993875,0.4968498046875,0.4996875,0.461496875,0.4957794921875,0.49763671875,0.4989013671875,0.49993671875,0.4902,0.49999296875,0.4953076171875,0.49155,0.498346875,0.4770216796875,0.49171171875,0.4972341796875,0.493671875,0.4956638671875,0.4908029296875,0.4962263671875,0.4975060546875,0.4949373046875,0.47873046875,0.4956638671875,0.48533671875,0.48618046875,0.49999296875,0.4832326171875,0.4993654296875,0.4941544921875,0.49512421875,0.4723875,0.4728263671875,0.4921875,0.499996875,0.4803732421875,0.498046875,0.4796232421875,0.4872998046875,0.49746171875,0.48576171875,0.4998357421875,0.4623591796875,0.4872,0.4911388671875,0.49990546875,0.49755,0.4936013671875,0.4972341796875,0.4983107421875,0.4942888671875,0.496996875,0.4988419921875,0.4996716796875,0.49958671875,0.4982,0.4954279296875,0.499746875,0.498346875,0.4768875,0.499746875,0.4966482421875,0.4768875,0.4999763671875,0.4950623046875,0.4713498046875,0.499846875,0.4931701171875,0.4985216796875,0.49560546875,0.4999560546875,0.4998779296875,0.4999904296875,0.4982373046875,0.4945529296875,0.4914685546875,0.4895779296875,0.4908029296875,0.49977421875,0.5,0.4984875,0.498871875,0.4990154296875,0.45611796875,0.4890294921875,0.482421875,0.49689921875,0.4868982421875,0.4921875,0.4963875,0.499996875,0.4979279296875,0.4973263671875,0.4984529296875,0.49986796875,0.49943046875,0.4963875,0.4999294921875,0.4890294921875,0.499296875,0.4996044921875,0.499296875,0.47924296875,0.4978466796875,0.49999296875,0.4986544921875,0.4998779296875,0.4944875,0.4951857421875,0.4928748046875,0.4944216796875,0.4993654296875,0.4828875,0.48659296875,0.48699921875,0.4682794921875,0.49999296875,0.49138671875,0.4980857421875,0.48875,0.4997873046875,0.49728046875,0.4963875,0.4968498046875,0.4999841796875,0.4798748046875,0.4674875,0.4995310546875,0.4985888671875,0.4993875,0.49827421875,0.4985888671875,0.49669921875,0.4860763671875,0.4963341796875,0.49203046875,0.48402421875,0.499746875,0.499846875,0.495246875,0.4878904296875,0.4976794921875,0.499296875,0.496996875,0.49827421875,0.499921875,0.4996044921875,0.4698341796875,0.4958935546875,0.49998046875,0.49138671875,0.4999998046875,0.4778185546875,0.4879875,0.49669921875,0.4940185546875,0.4993201171875,0.4999951171875,0.4990154296875,0.4957794921875,0.4933875,0.499096875,0.49709296875,0.49881171875,0.4993654296875,0.48446796875,0.49875,0.49914921875,0.4931701171875,0.4994091796875,0.4997029296875,0.4928,0.492496875,0.4772888671875,0.4940185546875,0.49408671875,0.4994513671875,0.4999560546875,0.49595,0.499296875,0.4925732421875,0.4953076171875,0.48402421875,0.4847966796875,0.499471875,0.4975935546875,0.4930232421875,0.49381171875,0.4823044921875,0.49709296875,0.499921875,0.49855546875,0.49560546875,0.4982373046875,0.49893046875,0.4940185546875,0.494746875,0.48490546875,0.492496875,0.49977421875,0.4930232421875,0.49965546875,0.4982373046875,0.4841357421875,0.4719451171875,0.4997326171875,0.4973263671875,0.491871875,0.48930546875,0.49796796875,0.496171875,0.4992,0.4998357421875,0.4999998046875,0.48618046875,0.496996875,0.4964404296875,0.49536796875,0.4993201171875,0.4985888671875,0.49998046875,0.4505841796875,0.47795,0.4993201171875,0.4722404296875,0.499746875,0.4801248046875,0.4762107421875,0.4979279296875,0.48,0.4999904296875,0.4888435546875,0.4746875,0.4956638671875,0.49934296875,0.488371875,0.4983107421875,0.4917919921875,0.48195,0.49982421875,0.49324296875,0.4996388671875,0.4925732421875,0.49990546875,0.49138671875,0.4890294921875,0.4998123046875,0.4581310546875,0.49138671875,0.49993671875,0.486796875,0.4948107421875,0.4998576171875,0.4955466796875,0.4999982421875,0.4988419921875,0.49999921875,0.49875,0.4996716796875,0.49381171875,0.49595,0.49996171875,0.494221875,0.49512421875,0.4999560546875,0.4882763671875,0.4699875,0.47924296875,0.4996716796875,0.4999138671875,0.4989013671875,0.49977421875,0.4999841796875,0.4999138671875,0.4957794921875,0.4978466796875,0.4990701171875,0.47873046875,0.49155,0.49536796875,0.49536796875,0.4954875,0.4992,0.49934296875,0.4904607421875,0.48856171875,0.4944875,0.49763671875,0.4878904296875,0.4650529296875,0.4666857421875,0.4914685546875,0.4969482421875,0.4994091796875,0.4964404296875,0.49958671875,0.4982,0.475246875,0.4998576171875,0.48699921875,0.48195,0.4999998046875,0.4930232421875,0.49264921875,0.49628046875,0.4879875,0.49998046875,0.4999875,0.49138671875,0.4834607421875,0.4944875,0.4989591796875,0.49904296875,0.49487421875,0.498046875,0.4999998046875,0.49487421875,0.489846875,0.49943046875,0.49796796875,0.46184296875,0.493671875,0.4999138671875,0.4996875,0.4945529296875,0.4970451171875,0.4930232421875,0.4846875,0.49583671875,0.4963875,0.49560546875,0.4999669921875,0.49841796875,0.49487421875,0.4968,0.5,0.4996875,0.4778185546875,0.4836873046875,0.4994091796875,0.4982373046875,0.49971796875,0.49595,0.4998779296875,0.4949373046875,0.4967498046875,0.4985216796875,0.4933154296875,0.49649296875,0.4975060546875,0.49709296875,0.4734060546875,0.4872998046875,0.4986544921875,0.4971404296875,0.48490546875,0.48490546875,0.49990546875,0.49996171875,0.4815919921875,0.49982421875,0.49995,0.49763671875,0.4998357421875,0.497371875,0.48533671875,0.495246875,0.496996875,0.4793701171875,0.4894875,0.4872,0.498046875,0.49583671875,0.4772888671875,0.4994091796875,0.49924921875,0.4930232421875,0.4719451171875,0.4968,0.49914921875,0.4994513671875,0.48265546875,0.49755,0.4999982421875,0.4701404296875,0.4913044921875,0.498621875,0.498346875,0.4897576171875,0.49881171875,0.4999294921875,0.4989875,0.4966482421875,0.4977638671875,0.49728046875,0.4994513671875,0.49965546875,0.4716482421875,0.49958671875,0.4914685546875,0.499846875,0.49512421875,0.4995310546875,0.4767529296875,0.43293046875,0.49595,0.4801248046875,0.4999138671875,0.4979279296875,0.4930232421875,0.48171171875,0.4970451171875,0.4989013671875,0.49868671875,0.4985216796875,0.49875,0.4950623046875,0.49868671875,0.49996171875,0.49904296875,0.49755,0.4938810546875,0.49512421875,0.4834607421875,0.48930546875,0.4998966796875,0.4863875,0.4994513671875,0.498871875,0.4999982421875,0.4996044921875,0.4998123046875,0.49943046875,0.49812421875,0.499621875,0.49955,0.499296875,0.4981623046875,0.4999763671875,0.4899357421875,0.4884669921875,0.49998046875,0.4716482421875,0.4818310546875,0.48930546875,0.4985216796875,0.49728046875,0.496171875,0.4856560546875,0.493671875,0.49951171875,0.4970451171875,0.4984529296875,0.4984529296875,0.4999560546875,0.49971796875,0.49689921875,0.4960060546875,0.48875,0.4997607421875,0.499996875,0.4987810546875,0.499621875,0.4991232421875,0.4999435546875,0.499921875,0.48779296875,0.4999435546875,0.4997607421875,0.49812421875,0.4606248046875,0.4825388671875,0.49763671875,0.4965451171875,0.4989591796875,0.4676466796875,0.4973263671875,0.4975060546875,0.49435546875,0.4989013671875,0.4987185546875,0.49965546875,0.49924921875,0.4934591796875,0.4946826171875,0.4992,0.4982,0.4970451171875
0.478471875,0.4742638671875,0.4874982421875,0.4994091796875,0.4863875,0.49796796875,0.49999921875,0.49560546875,0.4988419921875,0.4990701171875,0.46114921875,0.48402421875,0.49995,0.4970451171875,0.49982421875,0.4886560546875,0.49461796875,0.49763671875,0.4725341796875,0.49595,0.49995,0.4937419921875,0.49977421875,0.4988419921875,0.49560546875,0.4422,0.4921875,0.4999951171875,0.47355,0.47149921875,0.4970451171875,0.4999560546875,0.4941544921875,0.49986796875,0.4980857421875,0.48966796875,0.49893046875,0.499096875,0.4982,0.469371875,0.49993671875,0.4925732421875,0.49264921875,0.4566716796875,0.49709296875,0.4872,0.49709296875,0.4980076171875,0.496996875,0.4820685546875,0.49381171875,0.4999951171875,0.4997326171875,0.492496875,0.494221875,0.4968,0.49512421875,0.4928748046875,0.4670076171875,0.4999763671875,0.49002421875,0.4999951171875,0.49264921875,0.4999982421875,0.4911388671875,0.4999904296875,0.49408671875,0.47715546875,0.49755,0.499971875,0.498621875,0.48739921875,0.47795,0.4957794921875,0.481471875,0.4901123046875,0.499471875,0.4988419921875,0.4813513671875,0.4992,0.4991232421875,0.4992732421875,0.4998779296875,0.4767529296875,0.4971875,0.49071796875,0.499996875,0.4991232421875,0.49408671875,0.4990701171875,0.4999841796875,0.4716482421875,0.493671875,0.4832326171875,0.4998357421875,0.49203046875,0.4998123046875,0.4992732421875,0.4895779296875,0.494746875,0.49105546875,0.496996875,0.499746875,0.49996171875,0.4999294921875,0.48195,0.4762107421875,0.49993671875,0.497371875,0.4950623046875,0.4606248046875,0.49965546875,0.45795,0.4976794921875,0.480496875,0.4967498046875,0.4846875,0.4999875,0.499471875,0.49955,0.4908875,0.4969482421875,0.4994091796875,0.47974921875,0.49780546875,0.4994513671875,0.4886560546875,0.4983107421875,0.49951171875,0.4937419921875,0.4925732421875,0.49709296875,0.49796796875,0.4997873046875,0.4689060546875,0.4993654296875,0.4999435546875,0.4999435546875,0.499471875,0.4989875,0.49904296875,0.48195,0.4979279296875,0.4990154296875,0.4913044921875,0.4963875,0.4983826171875,0.499846875,0.4997873046875,0.4823044921875,0.4961169921875,0.4971404296875,0.4917919921875,0.4984875,0.4994091796875,0.4834607421875,0.4985216796875,0.4968,0.4909716796875,0.4648875,0.4906326171875,0.4983826171875,0.4906326171875,0.4823044921875,0.49999921875,0.49999296875,0.4974169921875,0.4884669921875,0.4997873046875,0.4984529296875,0.49002421875,0.495721875,0.49606171875,0.4966482421875,0.4981623046875,0.49934296875,0.4999138671875,0.499096875,0.4990701171875,0.482421875,0.4978875,0.499746875,0.48966796875,0.4999951171875,0.4999435546875,0.499471875,0.4933875,0.493096875,0.4972341796875,0.4988419921875,0.49746171875,0.49958671875,0.4999998046875,0.4960060546875,0.4998123046875,0.49071796875,0.4931701171875,0.4927248046875,0.496171875,0.4707482421875,0.49958671875,0.4995310546875,0.4722404296875,0.49606171875,0.4989875,0.4990701171875,0.4982,0.4825388671875,0.49234296875,0.4944216796875,0.49955,0.4791154296875,0.4872,0.499921875,0.4828875,0.495721875,0.48555,0.4999982421875,0.4977638671875,0.4999982421875,0.4944216796875,0.499096875,0.4941544921875,0.4956638671875,0.497371875,0.4899357421875,0.4928748046875,0.49998046875,0.4999435546875,0.4996875,0.4827716796875,0.4987810546875,0.4517560546875,0.4832326171875,0.4999138671875,0.49595,0.4944216796875,0.4998123046875,0.49893046875,0.49353046875,0.49595,0.4753857421875,0.49203046875,0.491221875,0.49841796875,0.4333875,0.4987185546875,0.4917919921875,0.49395,0.4953076171875,0.49999296875,0.4753857421875,0.4974169921875,0.4879875,0.4989875,0.4997607421875,0.49868671875,0.4753857421875,0.4854435546875,0.49649296875,0.499621875,0.47149921875,0.4876951171875,0.4997873046875,0.4998357421875,0.4954875,0.49812421875,0.4986544921875,0.4925732421875,0.49536796875,0.499096875,0.4987810546875,0.4955466796875,0.49294921875,0.4946826171875,0.49171171875,0.4925732421875,0.49827421875,0.4924201171875,0.4991232421875,0.49395,0.4904607421875,0.49628046875,0.4999560546875,0.4994091796875,0.49155,0.4961169921875,0.4791154296875,0.490546875,0.47552421875,0.4956638671875,0.4901123046875,0.4917919921875,0.4994091796875,0.4983826171875,0.4882763671875,0.4993654296875,0.4878904296875,0.4980076171875,0.4847966796875,0.49071796875,0.47873046875,0.49709296875,0.48,0.494221875,0.49971796875,0.4963875,0.4722404296875,0.49924921875,0.4987185546875,0.4897576171875,0.4872998046875,0.4981623046875,0.4963341796875,0.49324296875,0.4978875,0.4997326171875,0.4999982421875,0.496596875,0.4978466796875,0.4996388671875,0.4965451171875,0.497371875,0.4971875,0.48490546875,0.496996875,0.4902,0.4996875,0.48402421875,0.49893046875,0.4997029296875,0.4980857421875,0.49155,0.4793701171875,0.49324296875,0.49728046875,0.4789875,0.47821171875,0.4789875,0.4986544921875,0.4902,0.496596875,0.4998123046875,0.494746875,0.496996875,0.4811091796875,0.4999138671875,0.4940185546875,0.4999904296875,0.48699921875,0.4953076171875,0.4999294921875,0.4990154296875,0.4908029296875,0.4967498046875,0.492496875,0.49998046875,0.4083544921875,0.4974169921875,0.49408671875,0.4990701171875,0.5,0.4968,0.494746875,0.4983107421875,0.4993201171875,0.4806201171875,0.4974169921875,0.49780546875,0.498046875,0.4906326171875,0.4990701171875,0.49924921875,0.48490546875,0.4975935546875,0.4957794921875,0.4997873046875,0.4971875,0.49780546875,0.49904296875,0.49435546875,0.4957794921875,0.4917919921875,0.499746875,0.46716796875,0.4951857421875,0.49294921875,0.4992732421875,0.4916310546875,0.4958935546875,0.4998966796875,0.48893671875,0.4858669921875,0.4944216796875,0.48123046875,0.4971404296875,0.4977638671875,0.49924921875,0.4984529296875,0.4991748046875,0.49381171875,0.4999982421875,0.49827421875,0.498046875,0.465546875,0.4997607421875,0.495,0.498346875,0.4999875,0.4969482421875,0.49606171875,0.4832326171875,0.48856171875,0.49875,0.4931701171875,0.4513669921875,0.4989591796875,0.49071796875,0.4996388671875,0.4997873046875,0.49827421875,0.4980076171875,0.45310546875,0.4902873046875,0.49943046875,0.49998046875,0.497371875,0.4818310546875,0.4723875,0.4793701171875,0.4985216796875,0.4982,0.4949373046875,0.4954279296875,0.475246875,0.4845779296875,0.4841357421875,0.4976794921875,0.4917919921875,0.4864904296875,0.4987810546875,0.4999841796875,0.4953076171875,0.497721875,0.49990546875,0.4975060546875,0.4974169921875,0.49996171875,0.49998046875,0.4971875,0.49264921875,0.4942888671875,0.48171171875,0.49934296875,0.49958671875,0.4998357421875,0.483346875,0.49002421875,0.4962263671875,0.4999998046875,0.4970451171875,0.484246875,0.4993654296875,0.4788591796875,0.4950623046875,0.4913044921875,0.4998576171875,0.49943046875,0.49689921875,0.49512421875,0.47974921875,0.4783419921875,0.4762107421875,0.49536796875,0.4996875,0.48659296875,0.4985888671875,0.4984529296875,0.4949373046875,0.4988419921875,0.4994513671875,0.4874982421875,0.4762107421875,0.4994513671875,0.476346875,0.4930232421875,0.4893966796875,0.4999875,0.49105546875,0.4862841796875,0.4913044921875,0.4909716796875,0.4975060546875,0.4997607421875,0.45156171875,0.4998966796875,0.4999560546875,0.49943046875,0.486796875,0.499096875,0.49780546875,0.46388671875,0.49875,0.491221875,0.4998875,0.4922654296875,0.43875,0.4999669921875,0.49264921875,0.4980076171875,0.4999435546875,0.4422,0.49958671875,0.4969482421875,0.4985888671875,0.45903046875,0.4950623046875,0.4954875,0.49951171875,0.49924921875,0.48818046875,0.4999982421875,0.4961169921875,0.4909716796875,0.4993875,0.4742638671875,0.491221875,0.4930232421875,0.4913044921875,0.49536796875,0.4922654296875,0.49381171875,0.4973263671875,0.49512421875,0.4728263671875,0.4970451171875,0.48930546875,0.4897576171875,0.49943046875,0.4801248046875,0.4999998046875,0.49203046875,0.4945529296875,0.4707482421875,0.4689060546875,0.4916310546875,0.4998779296875,0.4813513671875,0.498046875,0.4746875,0.489846875,0.4954279296875,0.4870998046875,0.4998779296875,0.4609748046875,0.4879875,0.4925732421875,0.49993671875,0.49746171875,0.49324296875,0.49881171875,0.4987185546875,0.4931701171875,0.4975935546875,0.49746171875,0.4996875,0.4999841796875,0.49763671875,0.4953076171875,0.49904296875,0.4980076171875,0.4751076171875,0.49999921875,0.4975060546875,0.47607421875,0.49999296875,0.4927248046875,0.46780546875,0.4999560546875,0.4919513671875,0.4990154296875,0.4934591796875,0.4997873046875,0.49934296875,0.49999921875,0.49796796875,0.49583671875,0.49324296875,0.4904607421875,0.486796875,0.4983826171875,0.4996875,0.4982373046875,0.4978466796875,0.4991748046875,0.45537421875,0.48930546875,0.48171171875,0.4970451171875,0.48893671875,0.4948107421875,0.4983107421875,0.4998779296875,0.4981623046875,0.49669921875,0.4982,0.4990154296875,0.4990154296875,0.49583671875,0.4985888671875,0.4897576171875,0.4997607421875,0.49971796875,0.4999998046875,0.4820685546875,0.496596875,0.4998,0.498346875,0.49934296875,0.49461796875,0.494746875,0.4930232421875,0.496171875,0.49990546875,0.4818310546875,0.4872998046875,0.4884669921875,0.46321171875,0.4998966796875,0.4961169921875,0.4976794921875,0.4828875,0.4999998046875,0.4981623046875,0.49381171875,0.49827421875,0.4998123046875,0.4801248046875,0.461496875,0.4996388671875,0.49893046875,0.49943046875,0.49796796875,0.499621875,0.4930232421875,0.48265546875,0.4974169921875,0.4928748046875,0.4925732421875,0.4995685546875,0.4998966796875,0.49381171875,0.4838,0.4983826171875,0.4989591796875,0.4955466796875,0.49746171875,0.499996875,0.49827421875,0.471796875,0.4951857421875,0.4998966796875,0.490546875,0.4999294921875,0.4762107421875,0.48875,0.4968498046875,0.491871875,0.4989875,0.4997607421875,0.498621875,0.49264921875,0.4937419921875,0.498871875,0.49755,0.4993875,0.49971796875,0.4879875,0.49934296875,0.499471875,0.4919513671875,0.4996044921875,0.49958671875,0.49264921875,0.4940185546875,0.4823044921875,0.4958935546875,0.49353046875,0.499846875,0.4998123046875,0.4944216796875,0.4997607421875,0.4933875,0.4954279296875,0.48818046875,0.4864904296875,0.4984529296875,0.4975060546875,0.4951857421875,0.49294921875,0.4838,0.4955466796875,0.499996875,0.4987185546875,0.4967498046875,0.49728046875,0.4994091796875,0.4921875,0.4945529296875,0.4884669921875,0.489121875,0.4998875,0.4949373046875,0.49993671875,0.4975060546875,0.480496875,0.4739794921875,0.49971796875,0.4954875,0.4946826171875,0.4850138671875,0.4982,0.49435546875,0.4980857421875,0.49998046875,0.4997873046875,0.485121875,0.4954875,0.4982373046875,0.4968,0.4983826171875,0.49796796875,0.49998046875,0.4493982421875,0.47661796875,0.4999998046875,0.4758,0.49965546875,0.4739794921875,0.4728263671875,0.4972341796875,0.47795,0.4998357421875,0.48875,0.4809875,0.496171875,0.4998123046875,0.4878904296875,0.49841796875,0.49353046875,0.4818310546875,0.4998576171875,0.49294921875,0.4992,0.49264921875,0.4999763671875,0.4901123046875,0.4868982421875,0.49999921875,0.4536779296875,0.4888435546875,0.49993671875,0.4872998046875,0.49583671875,0.499621875,0.49435546875,0.4998779296875,0.4991748046875,0.499621875,0.4971875,0.499296875,0.4904607421875,0.4930232421875,0.49995,0.4922654296875,0.4921091796875,0.4999904296875,0.4913044921875,0.4746875,0.4813513671875,0.499296875,0.4996044921875,0.4992,0.4998123046875,0.4999998046875,0.49977421875,0.494221875,0.4963875,0.4982,0.48,0.492496875,0.49689921875,0.4970451171875,0.4973263671875,0.4997607421875,0.4991232421875,0.48659296875,0.485971875,0.49583671875,0.4970451171875,0.4850138671875,0.4648875,0.4630419921875,0.48966796875,0.49560546875,0.4993654296875,0.4949373046875,0.49995,0.4994091796875,0.47661796875,0.49999921875,0.487596875,0.48218671875,0.4999998046875,0.49071796875,0.4914685546875,0.49536796875,0.48779296875,0.499846875,0.4998,0.4937419921875,0.48171171875,0.48930546875,0.49812421875,0.499621875,0.4954279296875,0.49709296875,0.49971796875,0.4928748046875,0.4934591796875,0.49990546875,0.49827421875,0.4544357421875,0.4936013671875,0.4997873046875,0.49995,0.493096875,0.496171875,0.4949373046875,0.4808654296875,0.4968498046875,0.4921875,0.49138671875,0.4999669921875,0.49841796875,0.4971875,0.4956638671875,0.49996171875,0.4996044921875,0.4748279296875,0.4872,0.498871875,0.4954279296875,0.4996716796875,0.491871875,0.4993875,0.4980857421875,0.4975060546875,0.49904296875,0.49171171875,0.49512421875,0.4975060546875,0.4970451171875,0.46968046875,0.4866951171875,0.4999560546875,0.4954279296875,0.4860763671875,0.4852294921875,0.49763671875,0.49977421875,0.483346875,0.4996388671875,0.49943046875,0.4971404296875,0.499096875,0.496596875,0.485121875,0.49487421875,0.4931701171875,0.4796232421875,0.4895779296875,0.4927248046875,0.49955,0.49408671875,0.47821171875,0.4995310546875,0.4984875,0.4886560546875,0.47326171875,0.49755,0.49934296875,0.4997607421875,0.4852294921875,0.49536796875,0.4999904296875,0.47768671875,0.4914685546875,0.4978466796875,0.49914921875,0.479496875,0.4977638671875,0.49977421875,0.49914921875,0.4968,0.49595,0.49827421875,0.49924921875,0.49982421875,0.4704451171875,0.4996716796875,0.49105546875,0.4997326171875,0.49728046875,0.4994919921875,0.47607421875,0.4432576171875,0.496996875,0.483346875,0.49951171875,0.4968498046875,0.4884669921875,0.48,0.49560546875,0.49971796875,0.49875,0.4990154296875,0.4996716796875,0.4948107421875,0.4989591796875,0.4997873046875,0.4993875,0.49904296875,0.4940185546875,0.4962263671875,0.4827716796875,0.4924201171875,0.4984529296875,0.4854435546875,0.4999904296875,0.4996388671875,0.4999904296875,0.4999763671875,0.4991748046875,0.4990154296875,0.49780546875,0.4996388671875,0.49971796875,0.4997607421875,0.4954875,0.499921875,0.4904607421875,0.49294921875,0.4998576171875,0.4731169921875,0.480496875,0.48818046875,0.49855546875,0.49881171875,0.4945529296875,0.48265546875,0.4942888671875,0.4998779296875,0.4948107421875,0.49881171875,0.4978466796875,0.49951171875,0.4998357421875,0.4964404296875,0.4944875,0.4890294921875,0.4999560546875,0.4998,0.4996044921875,0.499971875,0.4994513671875,0.49934296875,0.49934296875,0.48618046875,0.4999951171875,0.4982373046875,0.4970451171875,0.4630419921875,0.48739921875,0.497721875,0.4975060546875,0.4999669921875,0.4722404296875,0.4971404296875,0.4951857421875,0.495246875,0.499921875,0.4982,0.499846875,0.494746875,0.49628046875,0.4936013671875,0.4989591796875,0.4969482421875,0.4977638671875
0.4764826171875,0.464221875,0.48856171875,0.4985888671875,0.4884669921875,0.4975060546875,0.4999294921875,0.49461796875,0.4989591796875,0.498346875,0.4581310546875,0.4809875,0.49982421875,0.4971875,0.49990546875,0.49071796875,0.49171171875,0.4977638671875,0.4768875,0.49408671875,0.49999921875,0.49583671875,0.499996875,0.4988419921875,0.49461796875,0.4354248046875,0.4925732421875,0.4999841796875,0.4712,0.468121875,0.49171171875,0.4994513671875,0.4948107421875,0.4982,0.496996875,0.4917919921875,0.4978875,0.49934296875,0.4982,0.47355,0.49893046875,0.4919513671875,0.48875,0.457221875,0.4963875,0.48659296875,0.498871875,0.4970451171875,0.49709296875,0.484246875,0.493096875,0.49958671875,0.4994919921875,0.4927248046875,0.4924201171875,0.495246875,0.49395,0.4914685546875,0.4746875,0.49995,0.4876951171875,0.4998576171875,0.492496875,0.4997873046875,0.4914685546875,0.49982421875,0.49264921875,0.4783419921875,0.4980076171875,0.499096875,0.4980857421875,0.4860763671875,0.4759373046875,0.495721875,0.48311796875,0.489121875,0.4997873046875,0.4983107421875,0.48818046875,0.4990701171875,0.4999138671875,0.4990154296875,0.49904296875,0.47768671875,0.4968498046875,0.48875,0.499996875,0.49971796875,0.4927248046875,0.4989013671875,0.499921875,0.4707482421875,0.49649296875,0.479496875,0.4999841796875,0.492496875,0.499971875,0.4993654296875,0.489846875,0.49381171875,0.49203046875,0.49669921875,0.4998123046875,0.499296875,0.499846875,0.482421875,0.4753857421875,0.4997607421875,0.4976794921875,0.4931701171875,0.4593875,0.4999435546875,0.4623591796875,0.496171875,0.4753857421875,0.4983107421875,0.48074296875,0.4998779296875,0.4990154296875,0.4999435546875,0.4901123046875,0.49669921875,0.49998046875,0.48171171875,0.4979279296875,0.498621875,0.48699921875,0.4980857421875,0.49986796875,0.4937419921875,0.48875,0.49841796875,0.499471875,0.499921875,0.46968046875,0.49904296875,0.49990546875,0.499996875,0.49995,0.4991232421875,0.498046875,0.4803732421875,0.4998357421875,0.4989591796875,0.4933154296875,0.4953076171875,0.499621875,0.49996171875,0.49904296875,0.48074296875,0.4914685546875,0.49827421875,0.49071796875,0.4979279296875,0.4997326171875,0.4803732421875,0.4978466796875,0.49669921875,0.4958935546875,0.4670076171875,0.4919513671875,0.498621875,0.4919513671875,0.48856171875,0.4994513671875,0.4999875,0.49746171875,0.485121875,0.4999763671875,0.49965546875,0.4880841796875,0.4951857421875,0.4938810546875,0.49728046875,0.49868671875,0.4992,0.4995310546875,0.4990701171875,0.4998966796875,0.4839123046875,0.498871875,0.4998357421875,0.4827716796875,0.4999904296875,0.4999998046875,0.4995685546875,0.4933875,0.49395,0.49796796875,0.4996044921875,0.4992,0.4992732421875,0.49999296875,0.4981623046875,0.4999998046875,0.491871875,0.4922654296875,0.49395,0.4969482421875,0.46652421875,0.4999560546875,0.4989875,0.47383671875,0.4937419921875,0.4993875,0.4991748046875,0.4989875,0.4838,0.4894875,0.4928,0.4996716796875,0.47661796875,0.48739921875,0.4999998046875,0.48402421875,0.4963341796875,0.4876951171875,0.4999982421875,0.4988419921875,0.4999669921875,0.49461796875,0.4987810546875,0.4937419921875,0.49435546875,0.4990154296875,0.4927248046875,0.49071796875,0.4998875,0.4999294921875,0.4999841796875,0.4856560546875,0.49893046875,0.454246875,0.480496875,0.49995,0.49487421875,0.49512421875,0.4989875,0.4986544921875,0.4945529296875,0.49395,0.4796232421875,0.4908875,0.49171171875,0.4986544921875,0.4308544921875,0.49943046875,0.49264921875,0.4958935546875,0.49628046875,0.4999998046875,0.4745466796875,0.4982,0.4827716796875,0.496996875,0.4997607421875,0.4975935546875,0.4722404296875,0.48218671875,0.49628046875,0.49986796875,0.4713498046875,0.4788591796875,0.4998357421875,0.4997326171875,0.49709296875,0.499471875,0.49971796875,0.4954875,0.49560546875,0.4992,0.49649296875,0.493096875,0.49595,0.4911388671875,0.4916310546875,0.491871875,0.4976794921875,0.4904607421875,0.4979279296875,0.49324296875,0.4904607421875,0.497721875,0.4994513671875,0.4998779296875,0.4901123046875,0.498046875,0.4811091796875,0.48966796875,0.4767529296875,0.49746171875,0.4893966796875,0.49294921875,0.4987185546875,0.4989591796875,0.4888435546875,0.49755,0.4863875,0.49709296875,0.4870998046875,0.491871875,0.4798748046875,0.49827421875,0.47873046875,0.4860763671875,0.4990154296875,0.494746875,0.47795,0.4993654296875,0.4990154296875,0.4909716796875,0.4796232421875,0.497721875,0.4980857421875,0.495,0.4962263671875,0.4997029296875,0.4999294921875,0.4956638671875,0.4982,0.4982,0.49595,0.4984529296875,0.4966482421875,0.4901123046875,0.4946826171875,0.492496875,0.49958671875,0.4847966796875,0.4994919921875,0.498046875,0.49951171875,0.49002421875,0.47821171875,0.4919513671875,0.4972341796875,0.4832326171875,0.483346875,0.479496875,0.4993875,0.4902873046875,0.496596875,0.49996171875,0.495246875,0.4976794921875,0.4813513671875,0.49993671875,0.49606171875,0.4996875,0.4880841796875,0.49855546875,0.499746875,0.4992,0.4909716796875,0.49855546875,0.489121875,0.4995685546875,0.42636796875,0.4987810546875,0.4928748046875,0.4983826171875,0.4998357421875,0.4948107421875,0.495721875,0.498046875,0.4994513671875,0.4778185546875,0.49689921875,0.495,0.49841796875,0.4914685546875,0.49934296875,0.4985216796875,0.4828875,0.4975060546875,0.4965451171875,0.4993875,0.49728046875,0.4975060546875,0.4992732421875,0.4965451171875,0.496596875,0.4909716796875,0.499921875,0.4710498046875,0.493671875,0.4963341796875,0.49914921875,0.4899357421875,0.49669921875,0.4998966796875,0.4909716796875,0.4906326171875,0.49487421875,0.48218671875,0.4984875,0.4977638671875,0.4989013671875,0.49796796875,0.49965546875,0.494221875,0.5,0.4978466796875,0.4982,0.452721875,0.49993671875,0.4944875,0.496596875,0.49996171875,0.49709296875,0.4937419921875,0.48265546875,0.48659296875,0.4983107421875,0.4934591796875,0.452721875,0.4985888671875,0.49487421875,0.49971796875,0.49965546875,0.4971875,0.49649296875,0.45195,0.491221875,0.49812421875,0.4999560546875,0.49746171875,0.4780810546875,0.4731169921875,0.47383671875,0.49934296875,0.4982,0.4950623046875,0.4964404296875,0.4713498046875,0.480496875,0.4870998046875,0.499096875,0.493671875,0.4899357421875,0.4989591796875,0.49998046875,0.4963341796875,0.4983826171875,0.4991748046875,0.49924921875,0.497371875,0.49971796875,0.4999435546875,0.4971404296875,0.49512421875,0.4945529296875,0.4791154296875,0.499971875,0.4994919921875,0.4996875,0.4827716796875,0.4914685546875,0.49763671875,0.49996171875,0.4955466796875,0.4860763671875,0.499621875,0.4798748046875,0.4949373046875,0.4914685546875,0.4999435546875,0.4994091796875,0.4963341796875,0.49203046875,0.4783419921875,0.4756623046875,0.48357421875,0.49294921875,0.49971796875,0.4879875,0.49855546875,0.499096875,0.4930232421875,0.49924921875,0.49904296875,0.4864904296875,0.4748279296875,0.499621875,0.47924296875,0.4962263671875,0.4914685546875,0.4998779296875,0.4882763671875,0.485121875,0.4927248046875,0.4933875,0.4974169921875,0.49904296875,0.4411326171875,0.4993654296875,0.4999982421875,0.499996875,0.4872,0.49893046875,0.49827421875,0.4609748046875,0.49812421875,0.48856171875,0.5,0.49002421875,0.4398388671875,0.4999560546875,0.4941544921875,0.4978466796875,0.4999138671875,0.443046875,0.4985888671875,0.4984529296875,0.49990546875,0.4584919921875,0.4944875,0.49763671875,0.4989875,0.4995685546875,0.4862841796875,0.4998779296875,0.492496875,0.48893671875,0.49943046875,0.4728263671875,0.49105546875,0.493096875,0.4934591796875,0.4982,0.4924201171875,0.4944875,0.4981623046875,0.4925732421875,0.47715546875,0.49728046875,0.485971875,0.4906326171875,0.49904296875,0.4803732421875,0.499921875,0.4949373046875,0.49264921875,0.47355,0.470596875,0.4909716796875,0.4987185546875,0.485121875,0.4994091796875,0.47029296875,0.486796875,0.4963875,0.4860763671875,0.49958671875,0.462871875,0.488371875,0.49395,0.4996875,0.4963875,0.49461796875,0.498621875,0.49893046875,0.49138671875,0.4987810546875,0.49689921875,0.49855546875,0.499996875,0.4989013671875,0.49536796875,0.4987185546875,0.496596875,0.4839123046875,0.4994091796875,0.4977638671875,0.4823044921875,0.4998779296875,0.4942888671875,0.46780546875,0.49958671875,0.49203046875,0.4991748046875,0.4899357421875,0.4999435546875,0.4994091796875,0.4998875,0.4957794921875,0.4949373046875,0.4921875,0.4934591796875,0.4908029296875,0.4991748046875,0.4999998046875,0.4983826171875,0.49606171875,0.499746875,0.45078046875,0.4866951171875,0.4838,0.4980076171875,0.490546875,0.4962263671875,0.498046875,0.4996044921875,0.49560546875,0.496996875,0.49649296875,0.4968,0.4994919921875,0.494221875,0.4986544921875,0.4884669921875,0.499846875,0.49986796875,0.4999982421875,0.481471875,0.49487421875,0.4990154296875,0.49924921875,0.4989875,0.4928,0.4960060546875,0.4921091796875,0.4966482421875,0.4997326171875,0.4827716796875,0.4820685546875,0.49234296875,0.4746875,0.4998123046875,0.4975935546875,0.49606171875,0.4825388671875,0.4995310546875,0.4978875,0.49435546875,0.4968,0.4998875,0.48818046875,0.454246875,0.4990154296875,0.4962263671875,0.49996171875,0.4963341796875,0.49868671875,0.496171875,0.4811091796875,0.494746875,0.4901123046875,0.49234296875,0.4999138671875,0.4997873046875,0.4921091796875,0.4884669921875,0.496996875,0.4993654296875,0.494746875,0.4980857421875,0.5,0.499096875,0.46321171875,0.4983826171875,0.4996716796875,0.49105546875,0.499921875,0.4803732421875,0.49353046875,0.4975060546875,0.490546875,0.4984875,0.4997607421875,0.4992248046875,0.4916310546875,0.4955466796875,0.4993654296875,0.4966482421875,0.49746171875,0.49955,0.4860763671875,0.49746171875,0.49827421875,0.493096875,0.49934296875,0.498046875,0.4933875,0.4928,0.4722404296875,0.4962263671875,0.4946826171875,0.4999669921875,0.4999904296875,0.49408671875,0.4997326171875,0.4942888671875,0.49628046875,0.48123046875,0.485121875,0.4997607421875,0.499296875,0.49595,0.4971404296875,0.4830029296875,0.49560546875,0.4999138671875,0.498346875,0.4958935546875,0.4982,0.4982373046875,0.4936013671875,0.49461796875,0.486796875,0.48966796875,0.4994513671875,0.494746875,0.499746875,0.4983107421875,0.48123046875,0.47552421875,0.499621875,0.4953076171875,0.49381171875,0.48074296875,0.4997607421875,0.4944875,0.4978466796875,0.49914921875,0.49999296875,0.4793701171875,0.4944216796875,0.4972341796875,0.49487421875,0.498346875,0.4991232421875,0.4999951171875,0.4501904296875,0.4739794921875,0.499471875,0.4751076171875,0.49999296875,0.474121875,0.4788591796875,0.49560546875,0.4731169921875,0.499746875,0.4906326171875,0.481471875,0.4949373046875,0.4993201171875,0.48966796875,0.495,0.49408671875,0.4809875,0.4995310546875,0.4895779296875,0.49958671875,0.49381171875,0.4999904296875,0.4884669921875,0.48856171875,0.4999560546875,0.4485998046875,0.4897576171875,0.49965546875,0.4876951171875,0.4954279296875,0.4997873046875,0.490546875,0.4992732421875,0.499096875,0.49958671875,0.497721875,0.4996716796875,0.49155,0.497371875,0.4999435546875,0.4937419921875,0.4933154296875,0.49982421875,0.4893966796875,0.47768671875,0.4803732421875,0.4998966796875,0.4999763671875,0.49934296875,0.4999875,0.499471875,0.4999669921875,0.49689921875,0.4927248046875,0.4987185546875,0.4713498046875,0.4913044921875,0.49583671875,0.4964404296875,0.49669921875,0.4987810546875,0.49763671875,0.4904607421875,0.48555,0.49324296875,0.4938810546875,0.4872,0.46780546875,0.464221875,0.49071796875,0.493671875,0.4999294921875,0.493671875,0.49982421875,0.4991232421875,0.46843671875,0.49951171875,0.486796875,0.48265546875,0.4998,0.4928748046875,0.492496875,0.4980076171875,0.48739921875,0.4993875,0.4999294921875,0.4876951171875,0.4897576171875,0.4879875,0.49746171875,0.4993201171875,0.4958935546875,0.497371875,0.4999841796875,0.4958935546875,0.4944216796875,0.49999296875,0.4971875,0.45831171875,0.48966796875,0.499096875,0.499621875,0.4954279296875,0.4922654296875,0.496171875,0.485971875,0.496996875,0.49487421875,0.4901123046875,0.49971796875,0.49982421875,0.49408671875,0.4960060546875,0.4999841796875,0.4992732421875,0.477421875,0.48856171875,0.4978875,0.49324296875,0.5,0.49037421875,0.49965546875,0.4980857421875,0.4980076171875,0.49780546875,0.4928,0.4925732421875,0.4971404296875,0.496596875,0.4762107421875,0.487596875,0.4993201171875,0.4954875,0.487596875,0.4811091796875,0.49796796875,0.4996716796875,0.47924296875,0.4992248046875,0.4981623046875,0.49755,0.4996388671875,0.4970451171875,0.4806201171875,0.4950623046875,0.4936013671875,0.47974921875,0.4888435546875,0.4904607421875,0.4998576171875,0.49264921875,0.48446796875,0.49999921875,0.4987810546875,0.4886560546875,0.4707482421875,0.498046875,0.4985888671875,0.49958671875,0.4863875,0.4975935546875,0.49986796875,0.4725341796875,0.49071796875,0.4971404296875,0.49855546875,0.48024921875,0.49780546875,0.499471875,0.4982373046875,0.495,0.4972341796875,0.49595,0.4996044921875,0.49999921875,0.472971875,0.4993654296875,0.4902873046875,0.49934296875,0.4962263671875,0.4994513671875,0.4756623046875,0.4461669921875,0.4985888671875,0.4878904296875,0.4992248046875,0.4977638671875,0.4878904296875,0.48311796875,0.49294921875,0.4999294921875,0.4973263671875,0.4994513671875,0.4990154296875,0.4949373046875,0.4994091796875,0.4990154296875,0.497721875,0.4993201171875,0.4925732421875,0.49536796875,0.4786013671875,0.4944875,0.4972341796875,0.4832326171875,0.4997873046875,0.4975060546875,0.499996875,0.49986796875,0.498621875,0.49977421875,0.4971875,0.4980857421875,0.499296875,0.499621875,0.4968498046875,0.4999763671875,0.49105546875,0.49155,0.4999841796875,0.4723875,0.4874982421875,0.4880841796875,0.49934296875,0.4978875,0.49763671875,0.48171171875,0.4919513671875,0.4999841796875,0.4963341796875,0.49812421875,0.49924921875,0.499296875,0.4996875,0.496596875,0.4938810546875,0.48875,0.49990546875,0.49986796875,0.49943046875,0.49965546875,0.4996875,0.4997326171875,0.499846875,0.4846875,0.4999841796875,0.4964404296875,0.49780546875,0.4548123046875,0.4860763671875,0.4975060546875,0.49628046875,0.49999296875,0.46875,0.49796796875,0.4916310546875,0.49560546875,0.4997029296875,0.4991748046875,0.4995310546875,0.495246875,0.4944875,0.4944216796875,0.4991232421875,0.49728046875,0.49893046875
0.4789875,0.4602732421875,0.4872,0.4994091796875,0.48402421875,0.49595,0.4994919921875,0.4944875,0.498871875,0.4983107421875,0.4588513671875,0.4739794921875,0.4999763671875,0.4950623046875,0.4989013671875,0.489846875,0.4941544921875,0.4992,0.47440546875,0.4908875,0.4999560546875,0.4951857421875,0.49998046875,0.49709296875,0.4941544921875,0.443046875,0.4936013671875,0.49986796875,0.4710498046875,0.4676466796875,0.4951857421875,0.49868671875,0.4924201171875,0.4984529296875,0.4974169921875,0.495,0.4981623046875,0.49904296875,0.49649296875,0.4616701171875,0.49951171875,0.4922654296875,0.4839123046875,0.455746875,0.4978466796875,0.48659296875,0.49893046875,0.49755,0.49709296875,0.4854435546875,0.4921875,0.4994919921875,0.499621875,0.4904607421875,0.49408671875,0.494221875,0.4956638671875,0.491871875,0.4745466796875,0.49998046875,0.4870998046875,0.4987185546875,0.495721875,0.4998576171875,0.48659296875,0.4997873046875,0.4916310546875,0.4713498046875,0.4981623046875,0.4998357421875,0.49669921875,0.4813513671875,0.47440546875,0.4969482421875,0.48555,0.4895779296875,0.49995,0.4990701171875,0.48930546875,0.49893046875,0.49998046875,0.4999763671875,0.4990701171875,0.4796232421875,0.4973263671875,0.4872,0.49993671875,0.49977421875,0.4933154296875,0.499846875,0.4999138671875,0.4734060546875,0.4963875,0.4783419921875,0.49924921875,0.4902873046875,0.499996875,0.49958671875,0.49037421875,0.4922654296875,0.494221875,0.4974169921875,0.499971875,0.49943046875,0.49999921875,0.4796232421875,0.4751076171875,0.4993875,0.49746171875,0.49353046875,0.4548123046875,0.49995,0.4613232421875,0.496171875,0.4825388671875,0.4978875,0.48024921875,0.4998357421875,0.49763671875,0.49998046875,0.4921875,0.49728046875,0.4996044921875,0.4850138671875,0.4991232421875,0.4983107421875,0.4904607421875,0.49827421875,0.4998875,0.49536796875,0.4895779296875,0.495246875,0.49841796875,0.4997607421875,0.47326171875,0.4987185546875,0.499471875,0.499096875,0.4999951171875,0.4984875,0.4982,0.4775544921875,0.49955,0.49855546875,0.492496875,0.49381171875,0.4998,0.4997326171875,0.4990154296875,0.48357421875,0.4928748046875,0.4978466796875,0.4882763671875,0.4978875,0.499846875,0.4845779296875,0.4974169921875,0.4964404296875,0.494746875,0.4595654296875,0.493671875,0.4983826171875,0.495,0.4902,0.4992248046875,0.4999875,0.4981623046875,0.48074296875,0.4999982421875,0.49924921875,0.4916310546875,0.493671875,0.4919513671875,0.4961169921875,0.49812421875,0.49904296875,0.499096875,0.4996875,0.49965546875,0.485121875,0.4993201171875,0.4993654296875,0.4808654296875,0.499971875,0.5,0.4994919921875,0.4938810546875,0.4921091796875,0.4972341796875,0.497371875,0.4987185546875,0.4999435546875,0.4999998046875,0.4968498046875,0.4999763671875,0.4908875,0.4946826171875,0.4963341796875,0.4949373046875,0.46521796875,0.5,0.4991748046875,0.4701404296875,0.4922654296875,0.4989013671875,0.4997873046875,0.4976794921875,0.4780810546875,0.4936013671875,0.4928748046875,0.4990701171875,0.4762107421875,0.4856560546875,0.499971875,0.4866951171875,0.4981623046875,0.48779296875,0.49955,0.4987185546875,0.4999763671875,0.49628046875,0.499846875,0.49381171875,0.4944216796875,0.4991748046875,0.4928748046875,0.4927248046875,0.4999982421875,0.49990546875,0.4999841796875,0.48699921875,0.4990701171875,0.4540576171875,0.47496796875,0.499746875,0.4937419921875,0.49583671875,0.4984529296875,0.49827421875,0.495,0.49512421875,0.4803732421875,0.49234296875,0.49002421875,0.49746171875,0.4457560546875,0.49996171875,0.4946826171875,0.4974169921875,0.49395,0.4999998046875,0.468121875,0.4969482421875,0.4858669921875,0.49855546875,0.4998779296875,0.4974169921875,0.4682794921875,0.48218671875,0.4955466796875,0.499971875,0.47821171875,0.47607421875,0.4999875,0.4994091796875,0.49595,0.498621875,0.49875,0.4949373046875,0.4961169921875,0.498621875,0.4944875,0.491221875,0.4927248046875,0.491221875,0.4928,0.4909716796875,0.49728046875,0.4901123046875,0.49875,0.4931701171875,0.4899357421875,0.496596875,0.49955,0.4999951171875,0.49171171875,0.498046875,0.48402421875,0.4860763671875,0.4791154296875,0.4992248046875,0.490546875,0.4911388671875,0.4993875,0.498046875,0.4933875,0.497721875,0.48311796875,0.49841796875,0.4872,0.4924201171875,0.48171171875,0.4978466796875,0.4828875,0.4890294921875,0.4989875,0.4948107421875,0.47440546875,0.49986796875,0.499296875,0.4886560546875,0.4772888671875,0.495,0.4954875,0.4945529296875,0.49841796875,0.4999998046875,0.49914921875,0.4982373046875,0.4972341796875,0.4995310546875,0.4986544921875,0.4987810546875,0.49746171875,0.48966796875,0.4963341796875,0.493096875,0.49971796875,0.48875,0.4993654296875,0.4992,0.49924921875,0.4917919921875,0.4759373046875,0.4924201171875,0.49628046875,0.4879875,0.4890294921875,0.4803732421875,0.4983107421875,0.4827716796875,0.49294921875,0.4999875,0.4908029296875,0.4951857421875,0.4845779296875,0.49995,0.49294921875,0.4992732421875,0.4863875,0.4946826171875,0.4989013671875,0.4980857421875,0.4899357421875,0.499096875,0.4941544921875,0.4994919921875,0.42149296875,0.4986544921875,0.492496875,0.49746171875,0.499996875,0.4965451171875,0.4938810546875,0.4981623046875,0.4994091796875,0.48490546875,0.4957794921875,0.4954875,0.4957794921875,0.4924201171875,0.49893046875,0.49855546875,0.4820685546875,0.498621875,0.49264921875,0.4997029296875,0.49689921875,0.498871875,0.49875,0.4969482421875,0.4938810546875,0.4893966796875,0.49999296875,0.4674875,0.493671875,0.4948107421875,0.49827421875,0.4924201171875,0.496996875,0.49982421875,0.48659296875,0.4884669921875,0.4961169921875,0.4809875,0.49606171875,0.4961169921875,0.49971796875,0.4978466796875,0.4989013671875,0.49461796875,0.49986796875,0.4992732421875,0.498346875,0.4489998046875,0.499921875,0.4969482421875,0.4978875,0.4999998046875,0.4973263671875,0.49324296875,0.4868982421875,0.485121875,0.4983107421875,0.49071796875,0.45537421875,0.49841796875,0.4930232421875,0.4995685546875,0.499296875,0.49649296875,0.4969482421875,0.4493982421875,0.48966796875,0.496996875,0.499621875,0.49763671875,0.4786013671875,0.4682794921875,0.4767529296875,0.4970451171875,0.4972341796875,0.4951857421875,0.4969482421875,0.4710498046875,0.485971875,0.49037421875,0.4985888671875,0.49461796875,0.48446796875,0.4990154296875,0.4998966796875,0.49583671875,0.4982373046875,0.499471875,0.4993875,0.49606171875,0.499921875,0.4997873046875,0.4978466796875,0.49435546875,0.493096875,0.48171171875,0.49971796875,0.4986544921875,0.49993671875,0.4856560546875,0.49155,0.4978875,0.4999294921875,0.4960060546875,0.4866951171875,0.499846875,0.4751076171875,0.4949373046875,0.49381171875,0.4998966796875,0.49998046875,0.4978466796875,0.4930232421875,0.4811091796875,0.4742638671875,0.485121875,0.4931701171875,0.4990701171875,0.48555,0.49893046875,0.4993654296875,0.4936013671875,0.4995310546875,0.498871875,0.4882763671875,0.472971875,0.4993201171875,0.4770216796875,0.49512421875,0.4872998046875,0.4994919921875,0.4893966796875,0.4825388671875,0.4922654296875,0.4909716796875,0.4975060546875,0.4998,0.4469841796875,0.49955,0.4998,0.4998123046875,0.4876951171875,0.4980076171875,0.496596875,0.4637185546875,0.4993875,0.49002421875,0.4998875,0.49461796875,0.4363201171875,0.49971796875,0.4936013671875,0.4985216796875,0.4998779296875,0.4385310546875,0.4978875,0.49628046875,0.4997326171875,0.4555607421875,0.4906326171875,0.4976794921875,0.49951171875,0.49875,0.4860763671875,0.4998966796875,0.4919513671875,0.49037421875,0.4980857421875,0.4663623046875,0.49487421875,0.494746875,0.4909716796875,0.4990701171875,0.491871875,0.4944875,0.498046875,0.49728046875,0.47873046875,0.49763671875,0.4872,0.4908029296875,0.4992248046875,0.4845779296875,0.4987185546875,0.4933154296875,0.49105546875,0.47768671875,0.4685935546875,0.4928748046875,0.49914921875,0.48218671875,0.499471875,0.4713498046875,0.4884669921875,0.49827421875,0.4863875,0.4993654296875,0.4461669921875,0.48893671875,0.4925732421875,0.4994919921875,0.4985888671875,0.4928,0.4982373046875,0.49958671875,0.49353046875,0.49827421875,0.49827421875,0.4983107421875,0.4999560546875,0.4998779296875,0.4949373046875,0.4987185546875,0.4958935546875,0.48357421875,0.499971875,0.4997607421875,0.4806201171875,0.49958671875,0.49435546875,0.4653826171875,0.5,0.4893966796875,0.498621875,0.4902,0.4999875,0.4997029296875,0.4995310546875,0.49487421875,0.495246875,0.49264921875,0.4872998046875,0.4882763671875,0.49982421875,0.4998875,0.4990154296875,0.4975935546875,0.4994091796875,0.4481982421875,0.4878904296875,0.4836873046875,0.4975060546875,0.4832326171875,0.49763671875,0.4976794921875,0.499621875,0.4977638671875,0.4955466796875,0.498346875,0.49763671875,0.4990154296875,0.49071796875,0.499621875,0.4856560546875,0.49996171875,0.49955,0.499996875,0.48533671875,0.49353046875,0.4975935546875,0.4992,0.4985216796875,0.4965451171875,0.4957794921875,0.4933154296875,0.4989875,0.49977421875,0.4876951171875,0.4841357421875,0.4872998046875,0.47326171875,0.49958671875,0.4941544921875,0.49512421875,0.478471875,0.4999294921875,0.495721875,0.495721875,0.49649296875,0.4999669921875,0.4832326171875,0.4640544921875,0.4969482421875,0.495,0.499621875,0.49755,0.4991748046875,0.495721875,0.4796232421875,0.49689921875,0.4921875,0.49264921875,0.49990546875,0.4997607421875,0.491871875,0.4894875,0.4974169921875,0.49934296875,0.49294921875,0.4986544921875,0.4999841796875,0.49893046875,0.46321171875,0.497371875,0.4993201171875,0.48856171875,0.4998576171875,0.4818310546875,0.4944875,0.4980076171875,0.4919513671875,0.4984529296875,0.49955,0.4999998046875,0.4913044921875,0.493671875,0.4992,0.494746875,0.4975060546875,0.4992732421875,0.484246875,0.49709296875,0.4984875,0.4894875,0.4997873046875,0.4982373046875,0.4957794921875,0.49294921875,0.471796875,0.49408671875,0.4962263671875,0.49982421875,0.499971875,0.49435546875,0.4995685546875,0.4928,0.4969482421875,0.48123046875,0.4811091796875,0.49971796875,0.499096875,0.4973263671875,0.4983107421875,0.47795,0.4971404296875,0.4998357421875,0.4993875,0.49709296875,0.4975060546875,0.4967498046875,0.4933875,0.493096875,0.4884669921875,0.4911388671875,0.4999294921875,0.49105546875,0.4999875,0.4978875,0.4759373046875,0.4758,0.499096875,0.49669921875,0.4931701171875,0.4793701171875,0.49881171875,0.494221875,0.4987185546875,0.4989875,0.49971796875,0.4888435546875,0.49649296875,0.49669921875,0.4962263671875,0.4975060546875,0.4990154296875,0.499846875,0.45233671875,0.4758,0.4996044921875,0.4764826171875,0.49990546875,0.4768875,0.48123046875,0.4958935546875,0.474121875,0.499921875,0.490546875,0.4809875,0.4966482421875,0.49951171875,0.4892138671875,0.4975935546875,0.4941544921875,0.4768875,0.4999998046875,0.4902873046875,0.49875,0.4927248046875,0.4999982421875,0.4890294921875,0.4864904296875,0.4999904296875,0.452721875,0.4901123046875,0.4998966796875,0.4916310546875,0.4972341796875,0.49965546875,0.4930232421875,0.4988419921875,0.4991232421875,0.4999998046875,0.498871875,0.4982,0.4909716796875,0.4956638671875,0.4999841796875,0.49264921875,0.49381171875,0.4999951171875,0.48699921875,0.47355,0.4834607421875,0.4998357421875,0.4999763671875,0.4999875,0.4998875,0.499846875,0.5,0.49728046875,0.496596875,0.49855546875,0.4748279296875,0.49071796875,0.496996875,0.4969482421875,0.4961169921875,0.49965546875,0.4971875,0.4931701171875,0.4827716796875,0.49264921875,0.49408671875,0.48311796875,0.471796875,0.46521796875,0.4906326171875,0.49583671875,0.4999841796875,0.493096875,0.49965546875,0.499296875,0.4689060546875,0.499746875,0.4841357421875,0.48123046875,0.4994091796875,0.497721875,0.4897576171875,0.4974169921875,0.49002421875,0.4985216796875,0.49971796875,0.4906326171875,0.49071796875,0.4876951171875,0.4985216796875,0.49914921875,0.49595,0.4980076171875,0.4998966796875,0.49512421875,0.4934591796875,0.499846875,0.4966482421875,0.4608,0.488371875,0.49875,0.4998576171875,0.494221875,0.4942888671875,0.49536796875,0.48739921875,0.496596875,0.49560546875,0.486796875,0.4999138671875,0.49951171875,0.4968,0.49689921875,0.4996875,0.4985888671875,0.4707482421875,0.4909716796875,0.4987185546875,0.49395,0.4998779296875,0.4893966796875,0.4999841796875,0.49583671875,0.497721875,0.4989013671875,0.49155,0.4964404296875,0.49628046875,0.49755,0.4742638671875,0.4886560546875,0.49812421875,0.4955466796875,0.4862841796875,0.48490546875,0.4984529296875,0.498346875,0.4788591796875,0.499846875,0.4982,0.49746171875,0.4992248046875,0.49796796875,0.4863875,0.4964404296875,0.48966796875,0.4839123046875,0.4892138671875,0.48659296875,0.4998966796875,0.4930232421875,0.4832326171875,0.4997607421875,0.4985888671875,0.4899357421875,0.4791154296875,0.4983826171875,0.499846875,0.49971796875,0.4874982421875,0.49595,0.4997873046875,0.47326171875,0.4870998046875,0.498346875,0.4989875,0.4820685546875,0.4983107421875,0.4998,0.4985888671875,0.4921875,0.4968498046875,0.49408671875,0.49914921875,0.4999138671875,0.47268046875,0.4998875,0.4927248046875,0.4998576171875,0.494746875,0.4991748046875,0.47715546875,0.444721875,0.4984529296875,0.4876951171875,0.4998,0.4969482421875,0.4913044921875,0.48311796875,0.49171171875,0.4999435546875,0.4975060546875,0.49868671875,0.4974169921875,0.49649296875,0.499096875,0.4998,0.4982373046875,0.4969482421875,0.4914685546875,0.49689921875,0.4832326171875,0.4919513671875,0.4978875,0.48218671875,0.4998779296875,0.497721875,0.4999138671875,0.4996716796875,0.4993201171875,0.49986796875,0.496171875,0.49893046875,0.4998779296875,0.499621875,0.4960060546875,0.49986796875,0.4890294921875,0.49071796875,0.4999982421875,0.4674875,0.48490546875,0.48576171875,0.4994513671875,0.49855546875,0.4937419921875,0.478471875,0.49395,0.4999875,0.49395,0.49796796875,0.4978466796875,0.49841796875,0.4999294921875,0.4956638671875,0.4983107421875,0.48875,0.4999875,0.49999296875,0.49924921875,0.4989591796875,0.4998,0.4998,0.499621875,0.4902873046875,0.4999560546875,0.4980857421875,0.4963875,0.45233671875,0.485121875,0.4996388671875,0.4971875,0.499996875,0.4682794921875,0.4987185546875,0.4936013671875,0.49264921875,0.4998875,0.4991232421875,0.4989013671875,0.49709296875,0.4945529296875,0.4940185546875,0.49924921875,0.495,0.49689921875
0.4793701171875,0.4653826171875,0.48618046875,0.49855546875,0.4922654296875,0.49395,0.4998875,0.496996875,0.49958671875,0.4972341796875,0.45310546875,0.4786013671875,0.4996875,0.497721875,0.4985216796875,0.49002421875,0.4933875,0.49827421875,0.4746875,0.488371875,0.49965546875,0.4954875,0.49965546875,0.49763671875,0.4956638671875,0.4419873046875,0.494221875,0.49958671875,0.470596875,0.4698341796875,0.49395,0.4995685546875,0.4928,0.4995310546875,0.4971404296875,0.4930232421875,0.4980076171875,0.496596875,0.49841796875,0.4650529296875,0.4999435546875,0.491871875,0.4854435546875,0.4488,0.49669921875,0.4856560546875,0.4993875,0.4944216796875,0.49435546875,0.48311796875,0.49408671875,0.4996875,0.499621875,0.4928748046875,0.4924201171875,0.49487421875,0.4937419921875,0.488371875,0.4695263671875,0.4999435546875,0.48357421875,0.498621875,0.495246875,0.4998357421875,0.4886560546875,0.499096875,0.491871875,0.4725341796875,0.4972341796875,0.4981623046875,0.49512421875,0.4806201171875,0.4798748046875,0.4948107421875,0.4879875,0.48893671875,0.49841796875,0.4990154296875,0.48893671875,0.4981623046875,0.499971875,0.49977421875,0.4990701171875,0.4832326171875,0.497721875,0.4863875,0.49999921875,0.4992248046875,0.4953076171875,0.4998576171875,0.4999138671875,0.4739794921875,0.4977638671875,0.4841357421875,0.4996875,0.4893966796875,0.4999998046875,0.4987810546875,0.4858669921875,0.49203046875,0.4953076171875,0.4966482421875,0.4999998046875,0.49955,0.4999982421875,0.4809875,0.46843671875,0.4981623046875,0.49669921875,0.4945529296875,0.4621875,0.49971796875,0.46253046875,0.4968498046875,0.48576171875,0.4963341796875,0.4764826171875,0.49993671875,0.498046875,0.4998875,0.4902873046875,0.4984875,0.4992732421875,0.4827716796875,0.4999138671875,0.4989013671875,0.4924201171875,0.498871875,0.499746875,0.49763671875,0.4863875,0.49628046875,0.4983826171875,0.4994919921875,0.4685935546875,0.49841796875,0.4999560546875,0.4998357421875,0.499296875,0.49875,0.499096875,0.4827716796875,0.49914921875,0.497721875,0.4931701171875,0.4964404296875,0.4999841796875,0.49943046875,0.4994513671875,0.4783419921875,0.4936013671875,0.4972341796875,0.4921091796875,0.4966482421875,0.49990546875,0.48074296875,0.4988419921875,0.4970451171875,0.49536796875,0.47355,0.49002421875,0.4998,0.4928748046875,0.4854435546875,0.498046875,0.499971875,0.4987810546875,0.4886560546875,0.4999998046875,0.49796796875,0.4933875,0.4968498046875,0.4906326171875,0.4962263671875,0.4986544921875,0.4985888671875,0.49881171875,0.4998,0.499846875,0.4860763671875,0.4999763671875,0.4983826171875,0.48171171875,0.4999841796875,0.4999294921875,0.4998779296875,0.4916310546875,0.4933875,0.49763671875,0.495721875,0.4991232421875,0.49982421875,0.4997873046875,0.49669921875,0.49999921875,0.4921875,0.49649296875,0.49461796875,0.49435546875,0.46321171875,0.499971875,0.49763671875,0.474121875,0.49512421875,0.4991748046875,0.5,0.4978875,0.4806201171875,0.490546875,0.49536796875,0.4989875,0.47326171875,0.48779296875,0.4998875,0.4866951171875,0.4975935546875,0.491221875,0.4998779296875,0.4950623046875,0.4999982421875,0.495,0.49996171875,0.4940185546875,0.4968498046875,0.49855546875,0.489121875,0.49171171875,0.4999435546875,0.4994919921875,0.4998,0.48818046875,0.49914921875,0.4566716796875,0.4753857421875,0.49998046875,0.4933875,0.49689921875,0.49999921875,0.49728046875,0.4955466796875,0.49461796875,0.478471875,0.4913044921875,0.4882763671875,0.4982,0.4428357421875,0.4999951171875,0.4951857421875,0.4984875,0.492496875,0.4999138671875,0.4713498046875,0.49780546875,0.4868982421875,0.4984875,0.499971875,0.49583671875,0.466846875,0.48195,0.4949373046875,0.49998046875,0.4770216796875,0.4801248046875,0.4999294921875,0.4995685546875,0.4941544921875,0.49763671875,0.4989013671875,0.4958935546875,0.4963341796875,0.4991232421875,0.49649296875,0.493671875,0.4933154296875,0.4928,0.4901123046875,0.4928,0.4960060546875,0.4914685546875,0.4992732421875,0.49264921875,0.4917919921875,0.49763671875,0.4990701171875,0.4997326171875,0.4916310546875,0.49904296875,0.4832326171875,0.4830029296875,0.4695263671875,0.4994919921875,0.49353046875,0.489846875,0.4985888671875,0.49796796875,0.49324296875,0.499296875,0.4850138671875,0.4994091796875,0.48699921875,0.4897576171875,0.4758,0.4983107421875,0.481471875,0.492496875,0.49796796875,0.49606171875,0.47768671875,0.4994091796875,0.49841796875,0.4916310546875,0.47924296875,0.495721875,0.4963875,0.49536796875,0.4948107421875,0.49986796875,0.49943046875,0.4991748046875,0.49763671875,0.49982421875,0.4961169921875,0.49904296875,0.49395,0.4933875,0.4977638671875,0.4931701171875,0.4997607421875,0.4872,0.4994513671875,0.499846875,0.499096875,0.4953076171875,0.47326171875,0.49203046875,0.4963341796875,0.48576171875,0.49002421875,0.47661796875,0.498346875,0.4834607421875,0.4950623046875,0.49993671875,0.491221875,0.4944216796875,0.4845779296875,0.4987810546875,0.4899357421875,0.4998123046875,0.48966796875,0.4941544921875,0.49893046875,0.4965451171875,0.4825388671875,0.4992,0.49487421875,0.49990546875,0.4303888671875,0.4970451171875,0.4878904296875,0.4970451171875,0.49999921875,0.4975935546875,0.497721875,0.4980076171875,0.49943046875,0.4801248046875,0.496996875,0.4936013671875,0.49669921875,0.4901123046875,0.4989591796875,0.498046875,0.4894875,0.49536796875,0.4933154296875,0.499296875,0.4957794921875,0.4998123046875,0.49855546875,0.4938810546875,0.4911388671875,0.4901123046875,0.49990546875,0.465546875,0.49487421875,0.4962263671875,0.49868671875,0.4897576171875,0.4971404296875,0.49999921875,0.4862841796875,0.4850138671875,0.4955466796875,0.47768671875,0.4968,0.49560546875,0.499471875,0.496996875,0.4996875,0.49381171875,0.4996044921875,0.4992248046875,0.499621875,0.4540576171875,0.4999951171875,0.4931701171875,0.4975935546875,0.4998123046875,0.4975060546875,0.4922654296875,0.484246875,0.4866951171875,0.497721875,0.4888435546875,0.4608,0.496996875,0.4928748046875,0.49986796875,0.4992,0.4971875,0.49746171875,0.4497951171875,0.48533671875,0.49595,0.4996388671875,0.49868671875,0.48311796875,0.4657107421875,0.4780810546875,0.496171875,0.4963875,0.493096875,0.49560546875,0.4692169921875,0.4834607421875,0.4862841796875,0.49649296875,0.4854435546875,0.4888435546875,0.49875,0.49990546875,0.4978466796875,0.4983826171875,0.4988419921875,0.4993875,0.497721875,0.4999763671875,0.49999921875,0.4971404296875,0.49264921875,0.48875,0.4815919921875,0.4999763671875,0.4983107421875,0.49955,0.4874982421875,0.48875,0.49881171875,0.499921875,0.4938810546875,0.48856171875,0.4999763671875,0.4796232421875,0.4930232421875,0.4901123046875,0.4999951171875,0.49999296875,0.49746171875,0.4921875,0.484246875,0.4746875,0.4808654296875,0.4944875,0.4987185546875,0.4890294921875,0.498346875,0.4981623046875,0.49763671875,0.49868671875,0.49971796875,0.4882763671875,0.47552421875,0.4984875,0.4767529296875,0.4944875,0.48966796875,0.49971796875,0.490546875,0.4793701171875,0.4902,0.4949373046875,0.4989591796875,0.4992,0.4489998046875,0.4993654296875,0.49982421875,0.499996875,0.4841357421875,0.4985888671875,0.4950623046875,0.45758671875,0.49841796875,0.4876951171875,0.4999982421875,0.49381171875,0.4327013671875,0.49904296875,0.498346875,0.4973263671875,0.49996171875,0.443046875,0.4989875,0.4968,0.498346875,0.4521435546875,0.491221875,0.498621875,0.4980076171875,0.4991748046875,0.48893671875,0.4997873046875,0.49002421875,0.4922654296875,0.49893046875,0.471796875,0.4924201171875,0.49037421875,0.49461796875,0.49993671875,0.4950623046875,0.4944875,0.4971875,0.496996875,0.4806201171875,0.497721875,0.4901123046875,0.48779296875,0.4988419921875,0.485971875,0.4997607421875,0.4913044921875,0.4919513671875,0.47821171875,0.46968046875,0.4909716796875,0.49934296875,0.4823044921875,0.4990701171875,0.46968046875,0.4872,0.4978466796875,0.4838,0.4989875,0.45386796875,0.4895779296875,0.4899357421875,0.4998576171875,0.4968498046875,0.4882763671875,0.4992,0.4989875,0.4931701171875,0.49904296875,0.49881171875,0.4997326171875,0.49993671875,0.49982421875,0.4971875,0.4992248046875,0.496996875,0.4811091796875,0.49990546875,0.49924921875,0.48171171875,0.4989591796875,0.495,0.4679638671875,0.499846875,0.48555,0.49875,0.4945529296875,0.49999921875,0.4997326171875,0.4993201171875,0.4946826171875,0.49381171875,0.4928748046875,0.488371875,0.48739921875,0.499996875,0.4996388671875,0.4976794921875,0.4973263671875,0.4978875,0.44513671875,0.48966796875,0.48699921875,0.4976794921875,0.4798748046875,0.4944875,0.49881171875,0.499096875,0.49841796875,0.4951857421875,0.4965451171875,0.49914921875,0.4987810546875,0.4925732421875,0.498621875,0.4879875,0.499996875,0.4999138671875,0.4999763671875,0.4811091796875,0.4914685546875,0.4976794921875,0.4993875,0.4974169921875,0.4963875,0.4936013671875,0.49138671875,0.4995310546875,0.4991232421875,0.486796875,0.48659296875,0.48576171875,0.4746875,0.4996875,0.4936013671875,0.4944875,0.48576171875,0.49977421875,0.49461796875,0.4968,0.4950623046875,0.4997873046875,0.4866951171875,0.466846875,0.496171875,0.4954875,0.499996875,0.4968498046875,0.49951171875,0.4968,0.48,0.4945529296875,0.49395,0.49408671875,0.49996171875,0.4997607421875,0.4893966796875,0.4897576171875,0.4979279296875,0.499096875,0.49294921875,0.4983826171875,0.499746875,0.4982,0.4584919921875,0.4975935546875,0.49977421875,0.4890294921875,0.4998,0.4803732421875,0.4921091796875,0.4991748046875,0.4919513671875,0.4971404296875,0.4999875,0.4999669921875,0.4916310546875,0.4914685546875,0.4996388671875,0.4963875,0.4979279296875,0.4997029296875,0.481471875,0.4990154296875,0.4986544921875,0.49203046875,0.4991748046875,0.498346875,0.4948107421875,0.4890294921875,0.4701404296875,0.49595,0.49628046875,0.4991232421875,0.49965546875,0.4908029296875,0.4999138671875,0.49353046875,0.4992248046875,0.48576171875,0.48195,0.499096875,0.49841796875,0.49606171875,0.4985216796875,0.4762107421875,0.4988419921875,0.4995310546875,0.4998576171875,0.4953076171875,0.4954875,0.4980857421875,0.493671875,0.4924201171875,0.4911388671875,0.489121875,0.49995,0.4925732421875,0.4990154296875,0.4984875,0.46843671875,0.4731169921875,0.49971796875,0.49709296875,0.4942888671875,0.4796232421875,0.4987185546875,0.493671875,0.4994091796875,0.4978466796875,0.4999875,0.48576171875,0.4934591796875,0.4987185546875,0.49780546875,0.4976794921875,0.4992248046875,0.4994919921875,0.4548123046875,0.48195,0.4993201171875,0.4762107421875,0.5,0.4712,0.484246875,0.4989591796875,0.4736935546875,0.4998875,0.4886560546875,0.47552421875,0.4978875,0.49958671875,0.4916310546875,0.4963341796875,0.49395,0.47873046875,0.4999841796875,0.491221875,0.4975935546875,0.4941544921875,0.4999435546875,0.4904607421875,0.48779296875,0.4999998046875,0.4471875,0.4901123046875,0.4999763671875,0.489846875,0.49746171875,0.4999998046875,0.49203046875,0.4993201171875,0.49904296875,0.499996875,0.498046875,0.499096875,0.4860763671875,0.4942888671875,0.4999982421875,0.49203046875,0.4944875,0.4997607421875,0.4830029296875,0.4748279296875,0.4809875,0.4996875,0.499921875,0.49998046875,0.4999982421875,0.49934296875,0.49998046875,0.49408671875,0.4965451171875,0.49746171875,0.468121875,0.486796875,0.49628046875,0.4944216796875,0.4957794921875,0.4996044921875,0.4974169921875,0.4921875,0.4839123046875,0.4945529296875,0.4933154296875,0.47768671875,0.4764826171875,0.4630419921875,0.4921091796875,0.492496875,0.499621875,0.4922654296875,0.49999296875,0.4998357421875,0.4710498046875,0.499996875,0.4866951171875,0.4866951171875,0.499621875,0.49827421875,0.4899357421875,0.4982,0.4928,0.4992,0.49971796875,0.4901123046875,0.4917919921875,0.483346875,0.4996388671875,0.4982,0.4951857421875,0.4982373046875,0.49986796875,0.4930232421875,0.48966796875,0.499921875,0.49796796875,0.45386796875,0.4866951171875,0.4997326171875,0.4998779296875,0.495,0.496171875,0.49606171875,0.48930546875,0.4955466796875,0.496171875,0.4878904296875,0.4994091796875,0.4989013671875,0.4934591796875,0.49669921875,0.4999669921875,0.49971796875,0.46906171875,0.4917919921875,0.496996875,0.49264921875,0.49986796875,0.4909716796875,0.499971875,0.49583671875,0.4980076171875,0.4988419921875,0.4902873046875,0.4966482421875,0.49669921875,0.4978466796875,0.469371875,0.4866951171875,0.4994513671875,0.4977638671875,0.4864904296875,0.48533671875,0.4987185546875,0.4995310546875,0.4768875,0.4994091796875,0.4974169921875,0.499096875,0.49971796875,0.4968498046875,0.4914685546875,0.4983826171875,0.49435546875,0.4758,0.4924201171875,0.4856560546875,0.49914921875,0.493671875,0.4838,0.49996171875,0.497721875,0.4899357421875,0.47607421875,0.4958935546875,0.4999138671875,0.4997326171875,0.4888435546875,0.49487421875,0.4998875,0.47149921875,0.4866951171875,0.499096875,0.4969482421875,0.4796232421875,0.4994919921875,0.49986796875,0.49841796875,0.49324296875,0.49669921875,0.4963341796875,0.4993875,0.4999998046875,0.4701404296875,0.4985888671875,0.4946826171875,0.499621875,0.4930232421875,0.49958671875,0.4803732421875,0.4521435546875,0.498871875,0.4878904296875,0.49934296875,0.4979279296875,0.4936013671875,0.4828875,0.4928,0.4999998046875,0.4975935546875,0.49746171875,0.496996875,0.4987185546875,0.4992248046875,0.4997873046875,0.4977638671875,0.49855546875,0.4902,0.4944216796875,0.4863875,0.49324296875,0.49560546875,0.4783419921875,0.5,0.497371875,0.4996716796875,0.4999669921875,0.49982421875,0.4998779296875,0.4916310546875,0.49746171875,0.4999560546875,0.49881171875,0.4946826171875,0.4999998046875,0.483346875,0.49037421875,0.4999294921875,0.46716796875,0.49002421875,0.48875,0.4994919921875,0.4965451171875,0.4972341796875,0.47974921875,0.49105546875,0.4994091796875,0.4940185546875,0.4990154296875,0.4951857421875,0.4997326171875,0.49999921875,0.4944216796875,0.4979279296875,0.493671875,0.49999296875,0.49990546875,0.4996716796875,0.499296875,0.4997029296875,0.4999998046875,0.49955,0.4902,0.4999875,0.49796796875,0.4963875,0.457221875,0.4845779296875,0.4996044921875,0.4980076171875,0.4999982421875,0.4676466796875,0.4975935546875,0.49536796875,0.4955466796875,0.4999841796875,0.4999841796875,0.4999435546875,0.4968498046875,0.4942888671875,0.491871875,0.49934296875,0.4954279296875,0.49881171875
0.4775544921875,0.4581310546875,0.48966796875,0.49914921875,0.48966796875,0.4934591796875,0.4996716796875,0.4955466796875,0.4986544921875,0.4956638671875,0.44678046875,0.47974921875,0.49893046875,0.49728046875,0.49841796875,0.48893671875,0.495246875,0.4979279296875,0.4731169921875,0.4911388671875,0.49999921875,0.49536796875,0.4996044921875,0.4976794921875,0.49606171875,0.4445138671875,0.49512421875,0.4982,0.46652421875,0.46521796875,0.4965451171875,0.4997873046875,0.4919513671875,0.4992,0.497371875,0.49155,0.4981623046875,0.49353046875,0.49709296875,0.4620154296875,0.4995310546875,0.4931701171875,0.48,0.4548123046875,0.4966482421875,0.485121875,0.4996716796875,0.4950623046875,0.4948107421875,0.4811091796875,0.49324296875,0.4987810546875,0.4992248046875,0.4931701171875,0.491221875,0.49381171875,0.49669921875,0.48699921875,0.46355,0.4998779296875,0.49002421875,0.4986544921875,0.49689921875,0.4998123046875,0.4897576171875,0.4992,0.49155,0.4728263671875,0.49536796875,0.4984529296875,0.494221875,0.4832326171875,0.4783419921875,0.4933875,0.4908029296875,0.4897576171875,0.49955,0.4996716796875,0.4902,0.4991748046875,0.4999669921875,0.49971796875,0.49934296875,0.4830029296875,0.4994919921875,0.4806201171875,0.4999904296875,0.4989591796875,0.495721875,0.4999560546875,0.49993671875,0.4712,0.49138671875,0.4789875,0.4999138671875,0.490546875,0.4999138671875,0.499471875,0.4854435546875,0.4931701171875,0.4951857421875,0.4965451171875,0.4999669921875,0.4993201171875,0.4999294921875,0.4832326171875,0.4663623046875,0.4987185546875,0.49628046875,0.4957794921875,0.4620154296875,0.49958671875,0.45685546875,0.4944875,0.48966796875,0.4954875,0.48074296875,0.499621875,0.4987185546875,0.4996875,0.492496875,0.49893046875,0.49965546875,0.48402421875,0.49999296875,0.49951171875,0.4878904296875,0.49841796875,0.4997873046875,0.4982,0.4828875,0.49841796875,0.496996875,0.4987810546875,0.47029296875,0.49689921875,0.4998966796875,0.4996875,0.49965546875,0.49755,0.4981623046875,0.4815919921875,0.49904296875,0.498046875,0.49105546875,0.4934591796875,0.4999560546875,0.4992732421875,0.4997873046875,0.47661796875,0.4954875,0.4956638671875,0.491221875,0.4950623046875,0.4998357421875,0.4793701171875,0.49971796875,0.4963341796875,0.49746171875,0.4698341796875,0.4928748046875,0.499746875,0.4933154296875,0.4823044921875,0.49986796875,0.49993671875,0.4993875,0.48875,0.499921875,0.4963341796875,0.492496875,0.4957794921875,0.4928,0.495721875,0.4984875,0.497371875,0.4988419921875,0.49999921875,0.4998357421875,0.486796875,0.499471875,0.498046875,0.4830029296875,0.4996388671875,0.4999763671875,0.499996875,0.4917919921875,0.4930232421875,0.496996875,0.49728046875,0.4994513671875,0.4999763671875,0.49995,0.4965451171875,0.4998576171875,0.4944216796875,0.49689921875,0.4950623046875,0.4949373046875,0.461496875,0.49934296875,0.49841796875,0.4712,0.4930232421875,0.4985888671875,0.4999904296875,0.4972341796875,0.4756623046875,0.4913044921875,0.49560546875,0.49971796875,0.4722404296875,0.4897576171875,0.49943046875,0.488371875,0.4970451171875,0.49071796875,0.4999435546875,0.4965451171875,0.4996388671875,0.4951857421875,0.4998123046875,0.4944875,0.4978466796875,0.49827421875,0.4876951171875,0.4934591796875,0.4998966796875,0.4986544921875,0.4991748046875,0.4876951171875,0.4999138671875,0.4620154296875,0.4698341796875,0.4999951171875,0.49435546875,0.49763671875,0.4997873046875,0.4968,0.49583671875,0.49606171875,0.485121875,0.49324296875,0.48739921875,0.49812421875,0.44839921875,0.4997873046875,0.4941544921875,0.497371875,0.4938810546875,0.4999763671875,0.4723875,0.498046875,0.48659296875,0.4980076171875,0.4999560546875,0.496996875,0.47326171875,0.4793701171875,0.4934591796875,0.499746875,0.4707482421875,0.4798748046875,0.4997607421875,0.4999998046875,0.495721875,0.49904296875,0.4985888671875,0.4958935546875,0.498046875,0.49881171875,0.4975935546875,0.4942888671875,0.4950623046875,0.4913044921875,0.4899357421875,0.4924201171875,0.49728046875,0.4862841796875,0.4991232421875,0.493671875,0.4917919921875,0.4975060546875,0.4995685546875,0.4999669921875,0.49435546875,0.49982421875,0.482421875,0.4841357421875,0.4689060546875,0.499921875,0.4888435546875,0.4913044921875,0.49958671875,0.49583671875,0.4917919921875,0.4990154296875,0.47924296875,0.4990701171875,0.4846875,0.4899357421875,0.4710498046875,0.49606171875,0.485121875,0.4917919921875,0.4951857421875,0.4954875,0.4736935546875,0.4981623046875,0.4999763671875,0.49324296875,0.48311796875,0.4968498046875,0.4958935546875,0.49435546875,0.495246875,0.4998875,0.4993875,0.4991748046875,0.4946826171875,0.49995,0.4989875,0.498346875,0.4957794921875,0.49037421875,0.49904296875,0.49649296875,0.49875,0.4938810546875,0.499621875,0.4999294921875,0.4979279296875,0.4902,0.4768875,0.4933875,0.4985216796875,0.48311796875,0.489121875,0.4845779296875,0.4988419921875,0.48856171875,0.495246875,0.49924921875,0.4893966796875,0.4940185546875,0.4854435546875,0.49986796875,0.4927248046875,0.499096875,0.48893671875,0.4944875,0.4998,0.4949373046875,0.48446796875,0.49965546875,0.4928748046875,0.49990546875,0.41849296875,0.49924921875,0.4878904296875,0.4985216796875,0.49958671875,0.4989013671875,0.4963341796875,0.4996044921875,0.4992,0.47768671875,0.4933875,0.49395,0.49746171875,0.48576171875,0.498346875,0.4975060546875,0.48818046875,0.4955466796875,0.49155,0.49904296875,0.4951857421875,0.4998576171875,0.4987810546875,0.49689921875,0.4955466796875,0.4882763671875,0.4997607421875,0.4593875,0.4973263671875,0.4934591796875,0.496996875,0.4894875,0.4978875,0.499921875,0.48739921875,0.4836873046875,0.49560546875,0.4783419921875,0.49560546875,0.49855546875,0.498621875,0.49746171875,0.4998576171875,0.4934591796875,0.4989875,0.4989591796875,0.498046875,0.4489998046875,0.499971875,0.49294921875,0.49827421875,0.4998779296875,0.4975060546875,0.4942888671875,0.48618046875,0.48779296875,0.49461796875,0.4930232421875,0.4592091796875,0.4971875,0.4955466796875,0.4998576171875,0.49709296875,0.4987185546875,0.4996388671875,0.4555607421875,0.489121875,0.49780546875,0.4998875,0.49951171875,0.4818310546875,0.4657107421875,0.47607421875,0.4956638671875,0.4955466796875,0.4956638671875,0.49728046875,0.4689060546875,0.48779296875,0.48659296875,0.4985216796875,0.4892138671875,0.4830029296875,0.49841796875,0.49990546875,0.496596875,0.49827421875,0.49827421875,0.4989591796875,0.4980076171875,0.49977421875,0.4999435546875,0.49689921875,0.4928,0.4942888671875,0.4868982421875,0.499996875,0.4987810546875,0.4992732421875,0.48779296875,0.4931701171875,0.499296875,0.49993671875,0.49264921875,0.48818046875,0.4999904296875,0.4786013671875,0.4940185546875,0.4936013671875,0.499971875,0.4980076171875,0.49868671875,0.4930232421875,0.4806201171875,0.477421875,0.47607421875,0.4955466796875,0.4989591796875,0.4856560546875,0.4997326171875,0.4992732421875,0.499096875,0.49709296875,0.4994513671875,0.48818046875,0.47496796875,0.49669921875,0.4713498046875,0.4908029296875,0.4863875,0.4996044921875,0.4949373046875,0.4788591796875,0.4927248046875,0.4938810546875,0.4973263671875,0.4998966796875,0.4473904296875,0.4977638671875,0.4996388671875,0.49996171875,0.48659296875,0.498346875,0.4971404296875,0.4613232421875,0.49796796875,0.4872,0.499971875,0.4911388671875,0.4237060546875,0.49881171875,0.4972341796875,0.499746875,0.49965546875,0.43831171875,0.49841796875,0.498046875,0.49934296875,0.4570388671875,0.4938810546875,0.4994919921875,0.498346875,0.4991748046875,0.49381171875,0.49875,0.4902873046875,0.4906326171875,0.499746875,0.46521796875,0.4928748046875,0.4895779296875,0.4908875,0.499996875,0.49583671875,0.4955466796875,0.4930232421875,0.49669921875,0.4772888671875,0.4984529296875,0.4876951171875,0.49105546875,0.498346875,0.485121875,0.49996171875,0.4950623046875,0.4954279296875,0.47768671875,0.4728263671875,0.4906326171875,0.49951171875,0.4778185546875,0.4975935546875,0.468121875,0.4874982421875,0.497371875,0.48311796875,0.49904296875,0.451171875,0.49234296875,0.4938810546875,0.49999296875,0.4954875,0.4895779296875,0.4987185546875,0.4980857421875,0.4946826171875,0.4991232421875,0.499096875,0.4990701171875,0.4999951171875,0.49875,0.4976794921875,0.4987185546875,0.4949373046875,0.48446796875,0.4984875,0.4998357421875,0.478471875,0.498871875,0.493096875,0.4673279296875,0.4997873046875,0.48618046875,0.499096875,0.49234296875,0.49977421875,0.4998576171875,0.499996875,0.49381171875,0.49435546875,0.4930232421875,0.4880841796875,0.484246875,0.49943046875,0.49955,0.497371875,0.4981623046875,0.49841796875,0.4372091796875,0.4894875,0.4813513671875,0.4933875,0.4852294921875,0.49234296875,0.4996044921875,0.49841796875,0.4992732421875,0.49487421875,0.4955466796875,0.4993654296875,0.498871875,0.4895779296875,0.4978466796875,0.4818310546875,0.49999921875,0.4999560546875,0.49993671875,0.4764826171875,0.49002421875,0.49868671875,0.49924921875,0.4975935546875,0.49628046875,0.491221875,0.4922654296875,0.4991748046875,0.4999951171875,0.48659296875,0.4841357421875,0.4845779296875,0.480496875,0.4998,0.4953076171875,0.49595,0.4830029296875,0.49855546875,0.4953076171875,0.4966482421875,0.4957794921875,0.49990546875,0.48,0.45831171875,0.49487421875,0.49855546875,0.4999951171875,0.49595,0.4996044921875,0.4956638671875,0.4825388671875,0.4964404296875,0.4948107421875,0.4948107421875,0.4999904296875,0.49977421875,0.4874982421875,0.4847966796875,0.4990701171875,0.49971796875,0.489846875,0.49728046875,0.4989013671875,0.49595,0.4595654296875,0.4955466796875,0.4994091796875,0.4872998046875,0.4996044921875,0.47795,0.49353046875,0.4987185546875,0.48856171875,0.4977638671875,0.4997326171875,0.4998875,0.4916310546875,0.4882763671875,0.4992248046875,0.4969482421875,0.4983107421875,0.49924921875,0.4870998046875,0.4985216796875,0.4971404296875,0.49353046875,0.49881171875,0.49583671875,0.4921091796875,0.4897576171875,0.47552421875,0.49408671875,0.49461796875,0.499846875,0.4982373046875,0.4921091796875,0.4999560546875,0.4928,0.4985888671875,0.4852294921875,0.4850138671875,0.4998123046875,0.4981623046875,0.4955466796875,0.49934296875,0.47383671875,0.4971404296875,0.4998576171875,0.4992732421875,0.494746875,0.4946826171875,0.49841796875,0.49071796875,0.49324296875,0.4930232421875,0.49155,0.4993875,0.49171171875,0.499471875,0.4989591796875,0.4742638671875,0.46875,0.4996716796875,0.4971875,0.48893671875,0.4768875,0.4985888671875,0.4946826171875,0.4999669921875,0.4989875,0.4992248046875,0.485971875,0.4940185546875,0.4992248046875,0.4982,0.4977638671875,0.49893046875,0.4999294921875,0.4555607421875,0.4801248046875,0.49996171875,0.47795,0.4998779296875,0.4666857421875,0.4876951171875,0.4977638671875,0.4725341796875,0.499996875,0.4909716796875,0.474121875,0.4983107421875,0.49996171875,0.48875,0.49812421875,0.49512421875,0.4695263671875,0.4999951171875,0.489846875,0.498621875,0.4944216796875,0.4994091796875,0.4919513671875,0.4862841796875,0.4999951171875,0.4449294921875,0.4917919921875,0.499621875,0.48618046875,0.498871875,0.49993671875,0.4917919921875,0.499296875,0.4991748046875,0.49996171875,0.49560546875,0.4993875,0.48265546875,0.49606171875,0.4997326171875,0.48875,0.4914685546875,0.4999875,0.484246875,0.4764826171875,0.483346875,0.499921875,0.49955,0.49996171875,0.49982421875,0.4985888671875,0.4998966796875,0.496171875,0.49234296875,0.495246875,0.47326171875,0.489121875,0.4968498046875,0.49669921875,0.4975060546875,0.4991748046875,0.49595,0.495246875,0.4852294921875,0.49649296875,0.4917919921875,0.483346875,0.47607421875,0.45537421875,0.4928,0.4950623046875,0.4998779296875,0.4876951171875,0.49958671875,0.4999669921875,0.4670076171875,0.5,0.48123046875,0.4827716796875,0.498621875,0.4987185546875,0.48402421875,0.496596875,0.4951857421875,0.4996388671875,0.4991748046875,0.48893671875,0.49294921875,0.48123046875,0.4990701171875,0.4990701171875,0.4941544921875,0.4991232421875,0.4993201171875,0.491871875,0.49002421875,0.4999951171875,0.495721875,0.4534875,0.4854435546875,0.4998966796875,0.49998046875,0.4913044921875,0.4958935546875,0.49827421875,0.4868982421875,0.4961169921875,0.49606171875,0.4847966796875,0.49982421875,0.49893046875,0.4919513671875,0.4951857421875,0.4999841796875,0.4991232421875,0.46716796875,0.49037421875,0.4954279296875,0.496171875,0.4996388671875,0.4919513671875,0.4999951171875,0.497721875,0.4976794921875,0.4991232421875,0.4880841796875,0.4984875,0.4972341796875,0.497371875,0.46968046875,0.4864904296875,0.4984529296875,0.4975935546875,0.48659296875,0.4870998046875,0.4982373046875,0.4995310546875,0.4767529296875,0.49943046875,0.4998576171875,0.4966482421875,0.49995,0.4985888671875,0.4878904296875,0.498621875,0.4953076171875,0.4788591796875,0.4902873046875,0.4841357421875,0.4990154296875,0.49560546875,0.48024921875,0.499746875,0.49868671875,0.48930546875,0.4734060546875,0.4956638671875,0.49993671875,0.49958671875,0.48893671875,0.496996875,0.4997873046875,0.4764826171875,0.485971875,0.4980076171875,0.4992,0.4745466796875,0.4987810546875,0.4998123046875,0.4966482421875,0.4964404296875,0.4965451171875,0.4928748046875,0.4989591796875,0.499971875,0.4746875,0.4998357421875,0.4964404296875,0.4989591796875,0.4933875,0.4999951171875,0.4791154296875,0.44091796875,0.4989591796875,0.4884669921875,0.4969482421875,0.49796796875,0.49037421875,0.48123046875,0.4888435546875,0.4996388671875,0.49812421875,0.49841796875,0.4987810546875,0.49763671875,0.49924921875,0.4998966796875,0.49709296875,0.49943046875,0.49171171875,0.493096875,0.485121875,0.4904607421875,0.494746875,0.4832326171875,0.49990546875,0.4955466796875,0.49924921875,0.4989591796875,0.4990701171875,0.499846875,0.4928,0.49796796875,0.4999875,0.49965546875,0.4936013671875,0.49999296875,0.4847966796875,0.48930546875,0.499746875,0.4699875,0.4864904296875,0.4845779296875,0.49780546875,0.4980857421875,0.49649296875,0.48123046875,0.4921875,0.49827421875,0.4925732421875,0.49904296875,0.4908875,0.4997607421875,0.499996875,0.4933875,0.4954279296875,0.4919513671875,0.49999296875,0.4996875,0.4993201171875,0.4996388671875,0.4989591796875,0.4998779296875,0.4987185546875,0.49234296875,0.499846875,0.4986544921875,0.49606171875,0.4616701171875,0.4836873046875,0.4997326171875,0.4978875,0.4999138671875,0.4748279296875,0.499971875,0.49395,0.4973263671875,0.4997607421875,0.4994919921875,0.4997873046875,0.496171875,0.4908875,0.49171171875,0.4989591796875,0.495246875,0.4989013671875
0.48195,0.4588513671875,0.49105546875,0.49893046875,0.491221875,0.4933875,0.49982421875,0.49628046875,0.499846875,0.49381171875,0.45233671875,0.4742638671875,0.4990701171875,0.49512421875,0.4978466796875,0.4880841796875,0.4966482421875,0.49827421875,0.4751076171875,0.4888435546875,0.49924921875,0.49536796875,0.4989875,0.4989875,0.4919513671875,0.44091796875,0.49763671875,0.4966482421875,0.4758,0.46355,0.49746171875,0.4997873046875,0.4909716796875,0.49995,0.49755,0.4925732421875,0.49536796875,0.49709296875,0.49689921875,0.4630419921875,0.4998966796875,0.49071796875,0.4828875,0.457221875,0.4969482421875,0.486796875,0.49986796875,0.4946826171875,0.4950623046875,0.477421875,0.4922654296875,0.49924921875,0.49875,0.4914685546875,0.49294921875,0.4953076171875,0.496171875,0.4864904296875,0.46114921875,0.4998779296875,0.4830029296875,0.498346875,0.49487421875,0.498621875,0.4882763671875,0.4978466796875,0.491221875,0.47355,0.4973263671875,0.4992732421875,0.4921875,0.4890294921875,0.4798748046875,0.49606171875,0.49203046875,0.48966796875,0.4999951171875,0.4994091796875,0.489121875,0.4982373046875,0.49999296875,0.49943046875,0.4998123046875,0.48311796875,0.499746875,0.4811091796875,0.49965546875,0.498621875,0.49324296875,0.49993671875,0.499971875,0.4762107421875,0.4919513671875,0.4839123046875,0.4998,0.4916310546875,0.49965546875,0.4999138671875,0.4852294921875,0.4927248046875,0.49755,0.4969482421875,0.4998966796875,0.4986544921875,0.4999294921875,0.4888435546875,0.46044921875,0.49881171875,0.4963341796875,0.49408671875,0.4643888671875,0.4999875,0.4623591796875,0.49728046875,0.4860763671875,0.49709296875,0.4809875,0.4997029296875,0.4980076171875,0.49996171875,0.49234296875,0.496996875,0.4993201171875,0.480496875,0.4992732421875,0.4998576171875,0.4882763671875,0.4983826171875,0.4999998046875,0.49669921875,0.4796232421875,0.49755,0.4961169921875,0.4997029296875,0.46716796875,0.497371875,0.4991748046875,0.4999982421875,0.4997029296875,0.4973263671875,0.4992248046875,0.4839123046875,0.49955,0.49924921875,0.4872,0.4930232421875,0.4998,0.4996875,0.4999951171875,0.4739794921875,0.4928,0.496596875,0.49536796875,0.4924201171875,0.4997326171875,0.4841357421875,0.49999296875,0.49606171875,0.4992248046875,0.471796875,0.4909716796875,0.49977421875,0.48818046875,0.485971875,0.4981623046875,0.4999669921875,0.4994919921875,0.485971875,0.499846875,0.498621875,0.4946826171875,0.4931701171875,0.49203046875,0.49536796875,0.499096875,0.4985216796875,0.49855546875,0.4999875,0.49965546875,0.4862841796875,0.4998357421875,0.4987810546875,0.4827716796875,0.5,0.4999763671875,0.4999998046875,0.49234296875,0.4892138671875,0.4961169921875,0.4985216796875,0.499846875,0.4999560546875,0.4996388671875,0.49746171875,0.4998,0.49461796875,0.4976794921875,0.49324296875,0.4963341796875,0.4595654296875,0.499296875,0.4974169921875,0.46253046875,0.49689921875,0.4975935546875,0.4999951171875,0.49689921875,0.468121875,0.4921091796875,0.4942888671875,0.49914921875,0.4699875,0.4917919921875,0.4996716796875,0.4874982421875,0.49512421875,0.49234296875,0.49924921875,0.4966482421875,0.4989875,0.4948107421875,0.4989013671875,0.49649296875,0.4968498046875,0.4984529296875,0.4839123046875,0.4908029296875,0.4999669921875,0.49893046875,0.49993671875,0.4917919921875,0.4998123046875,0.4613232421875,0.4775544921875,0.499296875,0.4946826171875,0.4985216796875,0.4999841796875,0.4970451171875,0.498346875,0.496171875,0.4862841796875,0.4941544921875,0.49294921875,0.4987185546875,0.441346875,0.4998966796875,0.49408671875,0.4963341796875,0.4957794921875,0.4999560546875,0.476346875,0.4991748046875,0.4902873046875,0.4983107421875,0.4998966796875,0.4978875,0.47209296875,0.47715546875,0.49536796875,0.4992732421875,0.4710498046875,0.48533671875,0.4995310546875,0.4999435546875,0.49709296875,0.4984529296875,0.49812421875,0.493096875,0.495246875,0.4996044921875,0.4977638671875,0.4913044921875,0.495,0.4928,0.4919513671875,0.493096875,0.4984529296875,0.48739921875,0.498346875,0.49381171875,0.4908875,0.49780546875,0.4994513671875,0.49951171875,0.4948107421875,0.4986544921875,0.4836873046875,0.4836873046875,0.4692169921875,0.4998875,0.4854435546875,0.49037421875,0.499971875,0.4968,0.4862841796875,0.4987810546875,0.481471875,0.4995310546875,0.48218671875,0.4906326171875,0.4633810546875,0.4970451171875,0.4864904296875,0.4872998046875,0.49595,0.4953076171875,0.47440546875,0.499296875,0.49996171875,0.49264921875,0.48357421875,0.4982,0.4913044921875,0.4963341796875,0.4962263671875,0.4999560546875,0.4996716796875,0.4987185546875,0.4925732421875,0.4997873046875,0.497721875,0.4978466796875,0.49669921875,0.4897576171875,0.4990154296875,0.4968,0.4993201171875,0.4930232421875,0.499471875,0.49914921875,0.49875,0.4913044921875,0.477421875,0.493671875,0.4965451171875,0.4858669921875,0.4872,0.4803732421875,0.4986544921875,0.48739921875,0.4928748046875,0.49990546875,0.48966796875,0.4931701171875,0.48739921875,0.4999841796875,0.4921875,0.49914921875,0.4860763671875,0.49583671875,0.49977421875,0.496171875,0.484246875,0.49993671875,0.49037421875,0.499621875,0.420996875,0.4997326171875,0.4893966796875,0.4975935546875,0.4998779296875,0.4990701171875,0.4954875,0.499296875,0.4996044921875,0.47924296875,0.4948107421875,0.494746875,0.49689921875,0.485971875,0.4963875,0.49755,0.4895779296875,0.4993201171875,0.4937419921875,0.4996716796875,0.49746171875,0.4998576171875,0.49875,0.4965451171875,0.4971875,0.487596875,0.49977421875,0.45195,0.494746875,0.49264921875,0.4987810546875,0.4922654296875,0.4988419921875,0.4993201171875,0.4895779296875,0.48402421875,0.4984529296875,0.48576171875,0.4968498046875,0.4963875,0.49875,0.4976794921875,0.4999951171875,0.4872,0.4993875,0.4996716796875,0.49709296875,0.4411326171875,0.4997607421875,0.4928,0.4983107421875,0.4995310546875,0.4948107421875,0.49381171875,0.4818310546875,0.4916310546875,0.4956638671875,0.49171171875,0.4620154296875,0.4954279296875,0.4962263671875,0.4989013671875,0.4966482421875,0.49958671875,0.4987810546875,0.45386796875,0.48533671875,0.4955466796875,0.4996388671875,0.4982373046875,0.48218671875,0.4599201171875,0.48123046875,0.4957794921875,0.4946826171875,0.4945529296875,0.4955466796875,0.47089921875,0.48402421875,0.4854435546875,0.49943046875,0.48856171875,0.48555,0.4979279296875,0.4999763671875,0.4976794921875,0.4985216796875,0.49812421875,0.4989591796875,0.4989591796875,0.4997029296875,0.499921875,0.4944875,0.49435546875,0.494746875,0.4872998046875,0.4999841796875,0.497721875,0.499746875,0.4916310546875,0.4909716796875,0.4978875,0.49955,0.493671875,0.4893966796875,0.5,0.4788591796875,0.4938810546875,0.493671875,0.499921875,0.4990154296875,0.4983107421875,0.4919513671875,0.4762107421875,0.4695263671875,0.48618046875,0.4934591796875,0.499746875,0.4832326171875,0.498871875,0.4982,0.4954875,0.49728046875,0.49958671875,0.48739921875,0.47268046875,0.4975935546875,0.4674875,0.4934591796875,0.4850138671875,0.49995,0.49155,0.480496875,0.491221875,0.49746171875,0.49780546875,0.4999763671875,0.4432576171875,0.4988419921875,0.49971796875,0.49971796875,0.4839123046875,0.49841796875,0.4980076171875,0.4670076171875,0.4988419921875,0.4858669921875,0.49998046875,0.48856171875,0.4261279296875,0.4963341796875,0.4964404296875,0.4991232421875,0.4999294921875,0.4398388671875,0.4969482421875,0.49763671875,0.4992248046875,0.4581310546875,0.49264921875,0.49796796875,0.49958671875,0.498046875,0.4946826171875,0.4996716796875,0.49138671875,0.49071796875,0.497721875,0.4660373046875,0.49395,0.4894875,0.4924201171875,0.49934296875,0.4925732421875,0.4968498046875,0.4921875,0.4948107421875,0.4841357421875,0.496996875,0.4893966796875,0.4868982421875,0.498346875,0.4836873046875,0.4999982421875,0.4922654296875,0.495721875,0.478471875,0.4695263671875,0.4901123046875,0.4981623046875,0.482421875,0.49943046875,0.46716796875,0.4874982421875,0.49881171875,0.4863875,0.49924921875,0.4534875,0.4902873046875,0.49171171875,0.5,0.4978466796875,0.49264921875,0.4984875,0.4995310546875,0.49105546875,0.4998123046875,0.4987185546875,0.4990154296875,0.499621875,0.49728046875,0.4979279296875,0.49827421875,0.496596875,0.481471875,0.4975060546875,0.4996044921875,0.47607421875,0.4984529296875,0.494221875,0.4699875,0.4998875,0.4909716796875,0.4992732421875,0.4914685546875,0.4998576171875,0.498871875,0.4999763671875,0.4897576171875,0.4909716796875,0.4969482421875,0.4934591796875,0.48555,0.49999296875,0.5,0.4984529296875,0.496171875,0.4995310546875,0.4436779296875,0.4921091796875,0.479496875,0.49709296875,0.48171171875,0.4924201171875,0.4991748046875,0.4978466796875,0.49855546875,0.49155,0.49595,0.4983826171875,0.49812421875,0.4928748046875,0.4972341796875,0.4808654296875,0.4998,0.4999560546875,0.49914921875,0.47821171875,0.4890294921875,0.49904296875,0.4984875,0.498046875,0.49583671875,0.48930546875,0.4927248046875,0.49982421875,0.49999921875,0.4856560546875,0.4892138671875,0.4895779296875,0.4713498046875,0.4999982421875,0.4948107421875,0.496596875,0.4828875,0.49986796875,0.4921091796875,0.4946826171875,0.4971875,0.49971796875,0.4793701171875,0.4581310546875,0.497371875,0.4962263671875,0.5,0.496596875,0.4997873046875,0.49536796875,0.4854435546875,0.4956638671875,0.4956638671875,0.4933875,0.4998576171875,0.4998966796875,0.4880841796875,0.4811091796875,0.499096875,0.499921875,0.4904607421875,0.4956638671875,0.4993875,0.4980857421875,0.4713498046875,0.4971404296875,0.4997873046875,0.48930546875,0.4995310546875,0.47661796875,0.4913044921875,0.4986544921875,0.4882763671875,0.4968498046875,0.49990546875,0.4998576171875,0.4940185546875,0.48856171875,0.4993875,0.4941544921875,0.49996171875,0.4993654296875,0.4908875,0.4997029296875,0.4983107421875,0.49408671875,0.4993875,0.495,0.4909716796875,0.4913044921875,0.4713498046875,0.4933154296875,0.495,0.4997607421875,0.49971796875,0.49071796875,0.4998779296875,0.4930232421875,0.498621875,0.4872998046875,0.48533671875,0.4996388671875,0.49841796875,0.4931701171875,0.499846875,0.47821171875,0.49728046875,0.4996388671875,0.4985216796875,0.4965451171875,0.49628046875,0.4960060546875,0.4906326171875,0.49408671875,0.4928,0.4928,0.4975060546875,0.4936013671875,0.4996875,0.499846875,0.47768671875,0.46587421875,0.4994513671875,0.49841796875,0.48818046875,0.4789875,0.4966482421875,0.4868982421875,0.4997607421875,0.49971796875,0.4996044921875,0.48357421875,0.493096875,0.49841796875,0.4965451171875,0.49746171875,0.4987185546875,0.4999669921875,0.4657107421875,0.4811091796875,0.4996044921875,0.47768671875,0.4998357421875,0.4736935546875,0.48555,0.4967498046875,0.4637185546875,0.4999875,0.4940185546875,0.4748279296875,0.4992732421875,0.4998576171875,0.4897576171875,0.4971404296875,0.49264921875,0.4699875,0.49971796875,0.4917919921875,0.4996044921875,0.49512421875,0.4999138671875,0.488371875,0.4862841796875,0.49971796875,0.4461669921875,0.4904607421875,0.49955,0.48123046875,0.4989013671875,0.4999982421875,0.4944875,0.49934296875,0.49893046875,0.49995,0.494746875,0.4994513671875,0.4858669921875,0.4964404296875,0.4999669921875,0.485121875,0.49138671875,0.4999669921875,0.4906326171875,0.4753857421875,0.4820685546875,0.4998123046875,0.4999560546875,0.49999921875,0.4996875,0.49914921875,0.4996388671875,0.4967498046875,0.4924201171875,0.49560546875,0.46716796875,0.49203046875,0.49536796875,0.4954279296875,0.4971404296875,0.4983826171875,0.49487421875,0.4949373046875,0.4854435546875,0.4938810546875,0.4888435546875,0.47821171875,0.477421875,0.4563029296875,0.492496875,0.49461796875,0.49904296875,0.491871875,0.4997873046875,0.4998576171875,0.4725341796875,0.4998779296875,0.48024921875,0.4878904296875,0.4984875,0.4996388671875,0.4864904296875,0.4978875,0.4964404296875,0.499096875,0.4994091796875,0.4917919921875,0.49536796875,0.4803732421875,0.4992,0.4976794921875,0.49381171875,0.4990701171875,0.49982421875,0.492496875,0.4908875,0.49986796875,0.49628046875,0.4501904296875,0.484246875,0.49999296875,0.4998779296875,0.49353046875,0.49746171875,0.4993654296875,0.48659296875,0.4980076171875,0.4963341796875,0.48618046875,0.49993671875,0.4977638671875,0.492496875,0.49395,0.4999841796875,0.49881171875,0.4657107421875,0.49324296875,0.4945529296875,0.4955466796875,0.4999841796875,0.4928748046875,0.4994513671875,0.4984875,0.4968498046875,0.498046875,0.4852294921875,0.4963341796875,0.49827421875,0.4957794921875,0.4666857421875,0.48576171875,0.49841796875,0.4974169921875,0.4904607421875,0.48555,0.498871875,0.4989875,0.4796232421875,0.4989013671875,0.49914921875,0.4985216796875,0.499996875,0.4973263671875,0.48357421875,0.4994513671875,0.4965451171875,0.4789875,0.4870998046875,0.49171171875,0.49958671875,0.4911388671875,0.4789875,0.49796796875,0.499296875,0.4894875,0.47326171875,0.49435546875,0.4998875,0.4999435546875,0.49155,0.4968,0.4993201171875,0.4768875,0.4913044921875,0.4969482421875,0.49841796875,0.4759373046875,0.49841796875,0.49951171875,0.4971404296875,0.4962263671875,0.4956638671875,0.4914685546875,0.49955,0.5,0.4722404296875,0.4990701171875,0.4955466796875,0.499846875,0.4921091796875,0.4997607421875,0.4764826171875,0.4477951171875,0.4982,0.4847966796875,0.4971404296875,0.49728046875,0.4936013671875,0.4801248046875,0.488371875,0.49999921875,0.498046875,0.499296875,0.49796796875,0.49728046875,0.4993654296875,0.4999998046875,0.4984529296875,0.4984529296875,0.4901123046875,0.493671875,0.48739921875,0.49234296875,0.4941544921875,0.4864904296875,0.498871875,0.4936013671875,0.4997029296875,0.4991232421875,0.4987185546875,0.4994091796875,0.4946826171875,0.4963875,0.49934296875,0.4996716796875,0.4930232421875,0.4999875,0.4813513671875,0.4902873046875,0.499471875,0.47355,0.4843576171875,0.48218671875,0.4991232421875,0.4963875,0.4980076171875,0.487596875,0.49461796875,0.4964404296875,0.4914685546875,0.4982,0.4944875,0.49934296875,0.4997607421875,0.4940185546875,0.49408671875,0.4919513671875,0.4999560546875,0.49958671875,0.4984529296875,0.4997326171875,0.498871875,0.4999841796875,0.4964404296875,0.4901123046875,0.4996388671875,0.4986544921875,0.49461796875,0.46253046875,0.4858669921875,0.4998875,0.497721875,0.49965546875,0.46968046875,0.49893046875,0.4928748046875,0.49763671875,0.499621875,0.4999294921875,0.499471875,0.4950623046875,0.4928748046875,0.49264921875,0.4981623046875,0.493671875,0.4978466796875
